$dipgrad          cartesian dipole gradients
  -.14089107467799D+01  0.00000000000000D+00  0.33821083821228D+00
  0.00000000000000D+00  -.67514648550987D+00  0.00000000000000D+00
  0.42608517048055D+00  0.00000000000000D+00  -.81321101186379D+00
  0.18178214933568D+01  0.00000000000000D+00  0.63154776547281D-17
  0.00000000000000D+00  0.35029297081663D+00  0.00000000000000D+00
  -.55226548160980D-17  0.00000000000000D+00  0.62642202352432D+00
  -.14089107467799D+01  0.00000000000000D+00  -.33821083821228D+00
  0.00000000000000D+00  -.67514648550988D+00  0.00000000000000D+00
  -.42608517048055D+00  0.00000000000000D+00  -.81321101186379D+00
$end
