$energy      SCF               SCFKIN            SCFPOT
     1 -548.4388785066      547.0149819548     -1095.453860461
     2 -548.4476510528      546.7859587275     -1095.233609780
     3 -548.4502453746      546.6282190666     -1095.078464441
     4 -548.4503741157      546.5956934429     -1095.046067559
     5 -548.4503938467      546.5916463537     -1095.042040200
     6 -548.4504084332      546.5883594353     -1095.038767868
     7 -548.4504171647      546.5923409916     -1095.042758156
     8 -548.4504206226      546.5968040672     -1095.047224690
     9 -548.4504210843      546.5986688960     -1095.049089980
    10 -548.4504212159      546.5995968654     -1095.050018081
    11 -548.4504211309      546.5985162008     -1095.048937332
    12 -548.4504207209      546.6008396554     -1095.051260376
    13 -548.4504212071      546.5988211298     -1095.049242337
    14 -548.4504212410      546.5995164785     -1095.049937720
    15 -548.4504212326      546.5994609351     -1095.049882168
    16 -547.9399579858      546.2228498689     -1094.162807855
    17 -547.9414336743      546.3413026021     -1094.282736276
    18 -547.9416058885      546.3673384021     -1094.308944291
    19 -547.9416519999      546.3638838711     -1094.305535871
    20 -547.9416563128      546.3601386450     -1094.301794958
    21 -547.9416570494      546.3604451127     -1094.302102162
    22 -547.9416555447      546.3603827422     -1094.302038287
    23 -547.9416570560      546.3606892927     -1094.302346349
    24 -547.9416574288      546.3606714870     -1094.302328916
    25 -547.9416574287      546.3608989852     -1094.302556414
    26 -547.9416574335      546.3609290141     -1094.302586448
    27 -548.4487441520      546.7340416861     -1095.182785838
    28 -548.4501578279      546.6378889630     -1095.088046791
    29 -548.4504050327      546.6000932933     -1095.050498326
    30 -548.4504194880      546.5985738797     -1095.048993368
    31 -548.4504209311      546.5996873683     -1095.050108299
    32 -548.4504211761      546.5998266292     -1095.050247805
    33 -548.4504212314      546.5996991763     -1095.050120408
$end
