$hessian (projected)
 1  1   0.3312226667   0.0000000000  -0.1865605013  -0.3052919991   0.0000000000
 1  2   0.1739985123  -0.0259306676   0.0000000000   0.0125619890
 2  1   0.0000000000   0.0000000000   0.0000000000   0.0000000000   0.0000000000
 2  2   0.0000000000   0.0000000000   0.0000000000   0.0000000000
 3  1  -0.1865605013   0.0000000000   0.1625138790   0.1991224903   0.0000000000
 3  2  -0.1951528637  -0.0125619890   0.0000000000   0.0326389846
 4  1  -0.3052919991   0.0000000000   0.1991224903   0.6105839981   0.0000000000
 4  2   0.0000000000  -0.3052919991   0.0000000000  -0.1991224903
 5  1   0.0000000000   0.0000000000   0.0000000000   0.0000000000   0.0000000000
 5  2   0.0000000000   0.0000000000   0.0000000000   0.0000000000
 6  1   0.1739985123   0.0000000000  -0.1951528637   0.0000000000   0.0000000000
 6  2   0.3903057274  -0.1739985123   0.0000000000  -0.1951528637
 7  1  -0.0259306676   0.0000000000  -0.0125619890  -0.3052919991   0.0000000000
 7  2  -0.1739985123   0.3312226667   0.0000000000   0.1865605013
 8  1   0.0000000000   0.0000000000   0.0000000000   0.0000000000   0.0000000000
 8  2   0.0000000000   0.0000000000   0.0000000000   0.0000000000
 9  1   0.0125619890   0.0000000000   0.0326389846  -0.1991224903   0.0000000000
 9  2  -0.1951528637   0.1865605013   0.0000000000   0.1625138790
$end
