$vibrational normal modes
 1  1  -0.1765131886   0.3341668196   0.2186284548   0.3865437545   0.0000000000
 1  2   0.0000000000  -0.5494303110   0.5189685768  -0.5098616855
 2  1   0.0000000000   0.0000000000   0.0000000000   0.0000000000   0.0000000000
 2  2   1.0000000000   0.0000000000   0.0000000000   0.0000000000
 3  1  -0.2131221545  -0.2191296853   0.8254209677   0.0294876480   0.0000000000
 3  2   0.0000000000  -0.3636802704  -0.3924151080   0.3325502431
 4  1   0.1761542609   0.4056289752  -0.0505562587   0.3769272989   0.0000000000
 4  2   0.0000000000   0.0000000000   0.0000000000   0.5088249158
 5  1   0.0000000000   0.0000000000   0.0000000000   0.0000000000   1.0000000000
 5  2   0.0000000000   0.0000000000   0.0000000000   0.0000000000
 6  1   0.3275829688  -0.1095648427   0.4127104838   0.0147438240   0.0000000000
 6  2   0.0000000000   0.3629407509   0.3916171581  -0.0000000000
 7  1  -0.1765131886   0.3341668196   0.2186284548   0.3865437545   0.0000000000
 7  2   0.0000000000   0.5494303110  -0.5189685768  -0.5098616855
 8  1  -0.0000000000  -0.7430396585  -0.2240480861   0.7469985015   0.0000000000
 8  2   0.0000000000  -0.0000000000   0.0000000000  -0.0000000000
 9  1   0.8682880920   0.0000000000   0.0000000000   0.0000000000   0.0000000000
 9  2   0.0000000000  -0.3636802704  -0.3924151080  -0.3325502431
$end
