$dipgrad          cartesian dipole gradients
  -.23230781755301D-01  -.16257059860534D-01  -.28656901946621D-02
  -.41430093741226D-02  -.17740693468873D+00  -.11856015726006D+00
  -.83099056476882D-02  -.11088725299010D+00  -.72448237511707D-01
  -.79496549024346D-01  -.31230074039746D-01  -.14585076500934D-01
  0.28139509546514D-02  -.21565239719862D+00  -.35479949818526D-01
  -.11916697213256D-01  -.25644238934363D+00  -.26005398052858D+00
  -.65208595123868D-01  -.24844855208649D-01  0.34479217019808D-01
  0.14120929263874D-02  -.11171801100743D+00  0.19217406753162D-01
  0.28589468404815D-01  -.24767224440860D+00  0.96509513672364D-01
  -.11312179917589D+00  -.23506452155711D-01  0.30235401484074D-01
  -.25237799428536D-01  0.55159934134210D-01  -.82485416885486D-01
  0.10973755569846D-01  -.93144305170739D-01  -.87836230752447D-03
  -.12561185304489D+00  -.35950056221426D-01  0.23993022253319D-01
  -.87136576173838D-02  0.13727941558504D-01  0.13760611960519D-01
  0.18861115530299D-01  -.74591627473339D-01  0.69260886196741D-01
  -.11313098405597D+00  -.41341707026576D-01  0.26353227516100D-01
  0.14803583491676D-02  -.28699027526966D-01  0.37229282511034D-01
  0.39005437335344D-01  -.12202330318767D+00  0.15911262660177D+00
  0.12458349475638D+01  0.80886617902303D-01  -.10400900337500D+00
  0.20357774933051D-01  0.18904719966811D+01  0.27470699129971D+00
  -.93592740778937D-01  -.87532931525133D-01  0.81851385496307D+00
  -.81531850249295D+00  -.27932993466775D+00  -.12235255931844D-01
  -.18378519256402D+00  -.16361154139552D+01  0.18937585996488D+00
  0.20223993633190D+00  0.62460826141536D+00  -.57207554747096D+00
  0.15877350950824D+01  0.48816764637577D+00  -.54648279486925D-01
  0.41283924850561D+00  0.37092263083034D+01  0.47406706515498D+00
  0.47524329711712D-03  0.83415922854885D+00  0.30352787115287D+01
  -.61313391220190D+00  -.10618464588478D+00  -.28637945331844D+00
  -.14283058041053D+00  -.97472835745332D+00  -.44821410126584D+00
  -.36692135828025D+00  -.48853133391684D+00  -.15577297225056D+01
  -.99487798403385D+00  0.48729052258174D+00  0.15583187501341D+00
  0.20648635521574D+00  -.13720572358325D+01  0.54152247307966D-01
  -.11248479893450D+00  0.40610440360253D+00  -.47879844370271D+00
  -.11635237177332D+01  -.59710593281198D+00  0.26392785265199D+00
  -.38265923934443D+00  -.12812021314819D+01  0.40042957271728D+00
  0.28550325308445D+00  0.57900935844143D+00  -.78517834358950D+00
  0.24577997612783D+00  -.17300542704242D-02  -.13482805827180D-01
  -.30273412785908D-01  0.19087298684261D+00  -.89791696747489D-01
  -.30418128590834D-01  -.10542236529974D+00  0.14044812608760D+00
  -.56896232930226D+00  0.85965817775690D-01  0.47275519713884D-01
  0.98628586478898D-01  -.12410151918818D+01  -.66595358859581D+00
  0.13540491247041D+00  -.80954702915911D+00  -.15050934211435D+01
  0.11485189810323D+00  0.98734877421332D-02  -.24463415930578D-01
  0.49811365336046D-03  0.94096387995680D-01  -.81823652405305D-02
  -.30253080611480D-01  0.51344035636765D-01  -.75602952213065D-01
  0.13217414134310D+00  0.28461635338989D-01  -.17865874595028D-01
  0.26650070534555D-01  -.15361097874788D+00  0.64834386577187D-01
  -.19729583744845D-01  0.63548258283944D-01  0.30415486193290D-01
  0.13145308436034D+00  -.23875468954696D-02  -.10998964981555D-01
  -.83598590944370D-04  -.93664192257931D-01  -.10442323029607D+00
  -.11792458583192D-01  -.11471080627399D+00  0.22511728104809D-02
  0.12012594682851D+00  -.16228115697734D-02  -.35163185439988D-01
  0.59497766371917D-02  0.47735434845970D-01  -.32760236598408D-03
  -.33832128093208D-01  -.34544988716169D-01  -.12543708576759D+00
  0.97661918630892D-01  -.19154597103574D-01  -.53991100704210D-02
  0.61016192723790D-03  0.28457888176753D+00  0.25644684229113D-01
  -.18022415459588D-02  -.13722968464404D-01  0.81505718781450D-01
$dipgrad          cartesian dipole gradients
  -.20914894863299D-01  -.53139682607149D-01  0.10045948311857D-03
  -.95344457456499D-02  -.15106035199518D+00  -.11451750806710D+00
  -.39188349837471D-02  -.18388986722031D+00  -.81405912798752D-01
  -.70761282329567D-01  -.46010743042944D-01  -.91943896270013D-02
  0.18550860810187D-02  -.22457158747098D+00  -.38225987155379D-01
  0.68833209530241D-02  -.33218935486914D+00  -.26347064043262D+00
  -.59600218327677D-01  -.76747033385563D-01  0.37560680713319D-01
  -.20440803025465D-02  -.14347200434732D+00  0.14642667956566D-01
  0.42875077887497D-01  -.36533185617128D+00  0.74858963696344D-01
  -.10552596693807D+00  -.97587156981233D-01  0.35642612612536D-01
  -.40708835643715D-01  0.44844271666539D-01  -.79165871805281D-01
  0.29474354582528D-01  -.23597875571187D+00  -.19255281303648D-01
  -.11556879637087D+00  -.11037910194985D+00  0.38619716328618D-01
  -.21557210881262D-01  0.43066797400392D-01  0.18588729840715D-01
  0.40095282729342D-01  -.21350687867368D+00  0.50046479576605D-01
  -.10224584519675D+00  -.10820553516265D+00  0.45554730593192D-01
  -.14228189036039D-02  0.21300217126550D-01  0.44872981046750D-01
  0.65895718706689D-01  -.22458312797590D+00  0.14058434938349D+00
  0.11849092895213D+01  0.21731404412460D-01  -.17347387893539D+00
  -.17480703751015D-01  0.17616345698351D+01  0.23908429095022D+00
  -.11949251569255D+00  -.21024819136060D+00  0.80295409013333D+00
  -.80106302427033D+00  -.25936477414813D+00  -.10445952422124D-01
  -.17047066683536D+00  -.16945080139156D+01  0.18728650293485D+00
  0.31609053897934D+00  0.63743135048963D+00  -.51921873375254D+00
  0.14260203833951D+01  0.69463998811779D+00  -.88692851417077D-01
  0.21499632595749D+00  0.37093483680613D+01  0.36057067127302D+00
  0.34349144440590D+00  0.17116378882931D+01  0.32489713970329D+01
  -.69601042911674D+00  -.16489029893110D+00  -.31842292932407D+00
  -.13224694848452D+00  -.90345279669155D+00  -.42716567230804D+00
  -.92837142106161D+00  -.72523441415686D+00  -.17904637779848D+01
  -.91392599647252D+00  0.53390110642040D+00  0.20181175516293D+00
  0.19886647259281D+00  -.13893906744526D+01  0.41324192446394D-01
  -.10650163400990D-01  0.42290897753319D+00  -.44320213840483D+00
  -.79923562574342D+00  -.40447820562550D+00  0.43834400482565D+00
  -.24540156132744D+00  -.12211326420811D+01  0.48270551722450D+00
  -.42501873039955D-01  0.51928473605971D+00  -.90770859416782D+00
  0.18508672291695D+00  -.23485201049389D-01  -.39948645915782D-01
  0.60856820113452D-02  0.20889865323573D+00  -.71395297126877D-01
  -.10288135881195D+00  -.12269155876630D+00  0.10619176454607D+00
  -.68908714538690D+00  0.67304845587124D-01  -.24085134941067D-01
  0.17423167109288D+00  -.12522972367340D+01  -.62002247408972D+00
  0.49542505387965D+00  -.57002857768222D+00  -.13234664294211D+01
  0.10985975937011D+00  0.12022090685859D-01  -.36582884444452D-01
  0.35890934571996D-02  0.90072434015464D-01  -.85214573512918D-02
  -.44039613683395D-01  0.39073965666433D-01  -.72482841715915D-01
  0.12552092522633D+00  0.41136610780908D-01  -.27887298742117D-01
  0.42525602659057D-01  -.15296361507844D+00  0.59670710906878D-01
  -.28840353533228D-01  0.43954659439113D-01  0.32568067201882D-01
  0.12982957092653D+00  -.54667241293169D-02  -.13975182917657D-01
  0.31618403875480D-02  -.88309208386771D-01  -.10517060596041D+00
  -.14701451106003D-01  -.13001825890682D+00  0.10860035978011D-02
  0.11436800198226D+00  -.52135711124223D-02  -.49597636189002D-01
  0.74068159132013D-02  0.54385254673982D-01  -.19522380866013D-02
  -.50195293083054D-01  -.44871677598729D-01  -.12221641233420D+00
  0.98344571668058D-01  -.15768017879190D-01  -.53271748435919D-02
  -.11851318277359D-01  0.28760756512964D+00  0.17390847371634D-01
  0.53620862725464D-02  -.15719058387310D-01  0.85629647138801D-01
$dipgrad          cartesian dipole gradients
  -.21690252728586D-01  -.16844792714914D-01  0.32992333508542D-02
  -.73510524493236D-02  -.15900060000996D+00  -.11602090165583D+00
  -.31565296104818D-02  -.18033655095983D+00  -.81751575257906D-01
  -.81856456949542D-01  -.41758409306443D-01  -.11775146354209D-01
  0.25428471696971D-02  -.22165043022637D+00  -.39393299046946D-01
  -.28142398360970D-02  -.34028153970160D+00  -.26523129157276D+00
  -.69225613395920D-01  -.52018193507557D-01  0.26356156421260D-01
  0.25951592995552D-02  -.13135567772824D+00  0.19502723333604D-01
  0.37192864712128D-01  -.35372129397266D+00  0.86700683105096D-01
  -.11506179225472D+00  -.51663979550808D-01  0.28171346022182D-01
  -.26413332690323D-01  0.48273897386617D-01  -.83795423043369D-01
  0.22831096404703D-01  -.23432324397011D+00  -.14097779664494D-01
  -.12445900264508D+00  -.50057590618585D-01  0.32758613108558D-01
  -.13612506485519D-01  0.48892869520292D-01  0.15207423825063D-01
  0.30255337746057D-01  -.21436737409760D+00  0.60361888888506D-01
  -.11100328148144D+00  -.44432269183913D-01  0.38187438289593D-01
  -.28910130147590D-02  0.14615033437836D-01  0.42618439185719D-01
  0.47417230278870D-01  -.22995559304430D+00  0.15055788734590D+00
  0.12841457814927D+01  0.19071491968449D-01  -.12013591666416D+00
  0.33129518021002D-01  0.17867081464151D+01  0.27295204791231D+00
  -.77766783749250D-01  -.18261356342079D+00  0.81493998734996D+00
  -.83606749631894D+00  -.30607790880871D+00  -.19915748760367D-01
  -.23193859553464D+00  -.16685541624739D+01  0.18009645301436D+00
  0.23014149331154D+00  0.60976257547420D+00  -.55542398432536D+00
  0.14337074783213D+01  0.65668104318699D+00  -.46980703108674D-01
  0.42013850195005D+00  0.37296143961237D+01  0.50627886929676D+00
  -.59176355619666D-01  0.14617391626048D+01  0.30415051582026D+01
  -.58200325460145D+00  -.92522960802503D-01  -.26704332351996D+00
  -.17292031052473D+00  -.92835408832948D+00  -.48408550070236D+00
  -.40955387135214D+00  -.49658802334236D+00  -.15361797504439D+01
  -.99524606061006D+00  0.45179647903484D+00  0.14428446214847D+00
  0.22600928424623D+00  -.14244194830798D+01  0.68066780186252D-01
  -.12613371746429D+00  0.38524142854233D+00  -.49305405233078D+00
  -.10975223731672D+01  -.55564460785280D+00  0.27468765428995D+00
  -.37348175954653D+00  -.12817515695060D+01  0.40743430857123D+00
  0.29723593039020D+00  0.74012088865469D+00  -.68545193504618D+00
  0.24551321799802D+00  0.30313916803612D-02  -.22519705896394D-01
  -.13412832611494D-01  0.21455065968953D+00  -.73585999323435D-01
  -.42126543999305D-01  -.94630419292013D-01  0.12694050349726D+00
  -.52661337444013D+00  0.66532159817212D-01  0.28400461088458D-01
  0.12035470282126D+00  -.12522930542232D+01  -.68909872189582D+00
  0.14731433294727D+00  -.76395492103482D+00  -.15579359344278D+01
  0.11482188406272D+00  0.71028501836508D-02  -.25158838958885D-01
  0.13935254354794D-02  0.88482374610365D-01  -.79764975013608D-02
  -.28634613737498D-01  0.42213114963487D-01  -.76647376671734D-01
  0.13213607231549D+00  0.26626546162288D-01  -.18272674846678D-01
  0.27142035871321D-01  -.15452209818915D+00  0.64182132527354D-01
  -.18494587918863D-01  0.49524754320175D-01  0.29432988508132D-01
  0.13161382535691D+00  -.20528488026988D-02  -.90715614034071D-02
  0.21194025595428D-03  -.89625173784969D-01  -.10485294479438D+00
  -.10040545913898D-01  -.12877541205599D+00  0.30721824304550D-03
  0.12066867797050D+00  -.79354687350390D-03  -.32196122408527D-01
  0.55227361130869D-02  0.55093515106941D-01  0.18106924809348D-03
  -.32857096746660D-01  -.42687571166731D-01  -.12710951928595D+00
  0.98142021058544D-01  -.16974854011264D-01  -.30756227980667D-02
  0.29811516737757D-02  0.32529544524286D+00  0.22289040863029D-01
  -.16333998427866D-02  -.26366418500527D-01  0.82136883869568D-01
$dipgrad          cartesian dipole gradients
  -.21685670301285D-01  -.17142836850450D-01  0.32557592613500D-02
  -.73242621744483D-02  -.15919947307723D+00  -.11598211227932D+00
  -.32162820966126D-02  -.18026714614076D+00  -.81797360708340D-01
  -.81833852822998D-01  -.41851077601360D-01  -.11744892699417D-01
  0.25351777268103D-02  -.22163458500029D+00  -.39441800044747D-01
  -.28855310716943D-02  -.34022223922129D+00  -.26514411526673D+00
  -.69228218458938D-01  -.52018720252597D-01  0.26517544686276D-01
  0.25895131082735D-02  -.13121594982141D+00  0.19535664599900D-01
  0.37078777546158D-01  -.35379341115620D+00  0.86729780372308D-01
  -.11508792289356D+00  -.51787861054863D-01  0.28206891113679D-01
  -.26379425188038D-01  0.48242194465431D-01  -.83788389333481D-01
  0.22728697710403D-01  -.23438789530413D+00  -.14103459196821D-01
  -.12446018545511D+00  -.50375518723327D-01  0.32786918616929D-01
  -.13546791465911D-01  0.48909206949626D-01  0.15201006295477D-01
  0.30162233290004D-01  -.21435377298636D+00  0.60464686198847D-01
  -.11101297011807D+00  -.44864521870558D-01  0.38062387128318D-01
  -.28704859737555D-02  0.14596585892941D-01  0.42567750225872D-01
  0.47318564486816D-01  -.22995614467296D+00  0.15060057413326D+00
  0.12841371150167D+01  0.19433063599088D-01  -.11965554983793D+00
  0.33045128186349D-01  0.17864592895578D+01  0.27298925051171D+00
  -.77719299845923D-01  -.18275107238968D+00  0.81494121959960D+00
  -.83612442916964D+00  -.30584865135475D+00  -.19869876287306D-01
  -.23196751083596D+00  -.16683889702801D+01  0.18014025314182D+00
  0.23012571045748D+00  0.60948076021990D+00  -.55550608810374D+00
  0.14330925880879D+01  0.65751291695986D+00  -.47260471027124D-01
  0.42024868038116D+00  0.37302987561959D+01  0.50624252802367D+00
  -.58718942796923D-01  0.14617437981545D+01  0.30411901112119D+01
  -.58183284802638D+00  -.92769725292754D-01  -.26706295158131D+00
  -.17282056729291D+00  -.92886189763235D+00  -.48435127543198D+00
  -.40931420037398D+00  -.49671243563721D+00  -.15357955507833D+01
  -.99517308511043D+00  0.45187187799474D+00  0.14435533239233D+00
  0.22599431994623D+00  -.14245405924152D+01  0.68171032197375D-01
  -.12619136800606D+00  0.38572487209163D+00  -.49300836434673D+00
  -.10971641110596D+01  -.55546990506961D+00  0.27454199854551D+00
  -.37336673576765D+00  -.12820053049358D+01  0.40769411291418D+00
  0.29726366842115D+00  0.74025430779820D+00  -.68584414392033D+00
  0.24551700574014D+00  0.30672071819536D-02  -.22533346778967D-01
  -.13380702909198D-01  0.21457882252159D+00  -.73593603286612D-01
  -.42100173706291D-01  -.94686679567041D-01  0.12689416233094D+00
  -.52652254571926D+00  0.66680919219939D-01  0.28095801428067D-01
  0.12010083627614D+00  -.12523560773326D+01  -.68918050079401D+00
  0.14706229188276D+00  -.76387548823322D+00  -.15577538144531D+01
  0.11482680075116D+00  0.71144590845117D-02  -.25157834362294D-01
  0.13932051512223D-02  0.88444450163649D-01  -.79478376901655D-02
  -.28610708594196D-01  0.42230706821477D-01  -.76660876901124D-01
  0.13216025356284D+00  0.26526300303065D-01  -.18209955811400D-01
  0.27099321594221D-01  -.15456136164276D+00  0.64173545462276D-01
  -.18471174098262D-01  0.49502093550837D-01  0.29453393352826D-01
  0.13161666659981D+00  -.21382701644760D-02  -.90690416659511D-02
  0.19128338292263D-03  -.89610737119623D-01  -.10486653301994D+00
  -.10047223717390D-01  -.12878477782870D+00  0.28839068841366D-03
  0.12066904683218D+00  -.86846945980205D-03  -.32185519435550D-01
  0.55131929002494D-02  0.55093926717423D-01  0.20900128873932D-03
  -.32835440030629D-01  -.42657628791130D-01  -.12710157895865D+00
  0.98106362527125D-01  -.17071186648767D-01  -.30731936851151D-02
  0.29458229545382D-02  0.32575171677574D+00  0.22227907219358D-01
  -.16295994567660D-02  -.26487846707550D-01  0.82153034733896D-01
$dipgrad          cartesian dipole gradients
  -.21235072329466D-01  -.22529326519044D-01  0.39835579613558D-02
  -.73453389577101D-02  -.16224149377310D+00  -.11556658079442D+00
  -.36248167272630D-02  -.17794709224895D+00  -.82011264446214D-01
  -.81820367253930D-01  -.37797203112337D-01  -.98649297808877D-02
  0.19675683419340D-02  -.22151177588135D+00  -.39563989524759D-01
  -.29998276687675D-02  -.33903486574270D+00  -.26372846011381D+00
  -.69569243982982D-01  -.47913678219455D-01  0.27855735125240D-01
  0.24252751347526D-02  -.12958993313937D+00  0.19726411168184D-01
  0.37059536411181D-01  -.35398828118580D+00  0.87856256152228D-01
  -.11521335802589D+00  -.52244892237991D-01  0.29360539545431D-01
  -.26461014708508D-01  0.47558495674774D-01  -.83438316582676D-01
  0.22315076355853D-01  -.23387662530438D+00  -.13211316020887D-01
  -.12387152195022D+00  -.56971502647647D-01  0.34833391676471D-01
  -.13549473208123D-01  0.48707402409728D-01  0.14779002141017D-01
  0.30187466663261D-01  -.21256192328249D+00  0.62253892152270D-01
  -.11014976170295D+00  -.54664530268626D-01  0.39578987669110D-01
  -.29910730576760D-02  0.13890946727307D-01  0.42033554839350D-01
  0.47351437768840D-01  -.22826036075582D+00  0.15164835329526D+00
  0.12846096285564D+01  0.39992200083613D-01  -.11605789790771D+00
  0.34237418774077D-01  0.17842015526683D+01  0.27407014520766D+00
  -.74797818819133D-01  -.18263776621970D+00  0.81552464688529D+00
  -.84057168171990D+00  -.30584723108233D+00  -.21700391159067D-01
  -.23566942374911D+00  -.16643605970726D+01  0.17994416507570D+00
  0.23054643826645D+00  0.59947843889343D+00  -.55461051631280D+00
  0.14231061231610D+01  0.64778946089888D+00  -.64844400591708D-01
  0.41674020871019D+00  0.37438335827326D+01  0.50476492869902D+00
  -.69648261459359D-01  0.14629574714868D+01  0.30313846164680D+01
  -.57417637853257D+00  -.10284179069472D+00  -.25716637620082D+00
  -.16909282926502D+00  -.93851310489797D+00  -.48834828973940D+00
  -.39818220484958D+00  -.50100719214072D+00  -.15344213262455D+01
  -.99412398244566D+00  0.45588889683325D+00  0.14095651246376D+00
  0.22507148771267D+00  -.14250612313585D+01  0.70841960445194D-01
  -.12937599304260D+00  0.39898276596034D+00  -.49509278489147D+00
  -.10919701019227D+01  -.56124680489102D+00  0.27058401632818D+00
  -.37348688614972D+00  -.12898621921920D+01  0.41046647954700D+00
  0.29404222065134D+00  0.73440610497086D+00  -.68688190149910D+00
  0.24590498671384D+00  0.39661867838197D-02  -.21732041625693D-01
  -.12447800819446D-01  0.21441984667039D+00  -.73941923075402D-01
  -.40950962752736D-01  -.96020628536687D-01  0.12655820597752D+00
  -.52815616101756D+00  0.81323798325044D-01  0.32220695577548D-01
  0.12245215673861D+00  -.12529457269977D+01  -.68875118013984D+00
  0.15082735776911D+00  -.76252744967994D+00  -.15539146250814D+01
  0.11479442635320D+00  0.81723274437711D-02  -.25308578515461D-01
  0.14493443483577D-02  0.88010663411527D-01  -.75154058092884D-02
  -.28897378545391D-01  0.42529486880910D-01  -.76755847480647D-01
  0.13214523600597D+00  0.26727066026887D-01  -.18235652206136D-01
  0.27214608338367D-01  -.15493646251390D+00  0.63935003301037D-01
  -.18589214654202D-01  0.49084093921329D-01  0.29901791440587D-01
  0.13166154945866D+00  -.32412029781675D-02  -.91352821701395D-02
  0.13306976001264D-04  -.89431805997229D-01  -.10512288150033D+00
  -.10296143728032D-01  -.12885618407666D+00  0.32612034866930D-04
  0.12067999972278D+00  -.21166052555956D-02  -.32348324489540D-01
  0.56520371892109D-02  0.55233146993800D-01  0.64370841855107D-03
  -.33223842964851D-01  -.42147853798981D-01  -.12687500538887D+00
  0.97955680912078D-01  -.16445168488419D-01  -.29795616998099D-02
  0.38204276512994D-02  0.33259868653562D+00  0.21043208323566D-01
  -.17430686741548D-02  -.28572139140764D-01  0.82342673074387D-01
$dipgrad          cartesian dipole gradients
  -.22052829017736D-01  -.15067320035799D-01  0.45641520326806D-02
  -.47052782203674D-02  -.16413221269034D+00  -.11458036286882D+00
  -.39251480344492D-02  -.17839316766620D+00  -.82052612060523D-01
  -.81773646237913D-01  -.24478012440012D-01  -.19803052278586D-02
  0.79978939508046D-03  -.22380403725117D+00  -.40069368981494D-01
  -.10337543679049D-02  -.34120246155690D+00  -.26275438253049D+00
  -.73723674040995D-01  -.31524256012619D-01  0.20438827442103D-01
  0.68111346631185D-03  -.13163720689291D+00  0.20288562247820D-01
  0.21986114632083D-01  -.35529566713052D+00  0.90006495263528D-01
  -.11854222393615D+00  -.36062148949870D-01  0.22486724264364D-01
  -.18411068818087D-01  0.46567311525477D-01  -.86015435191412D-01
  0.12870219821856D-01  -.23785705114348D+00  -.12820750889469D-01
  -.12681924981538D+00  -.40110695247720D-01  0.25903013593571D-01
  -.10050668682965D-01  0.48621918670319D-01  0.14970838958433D-01
  0.16927412609482D-01  -.21489176100190D+00  0.62536088299745D-01
  -.11500415028196D+00  -.38038133554838D-01  0.27897133516305D-01
  -.23031909089567D-02  0.13223478960021D-01  0.43616883007095D-01
  0.29903822873133D-01  -.23045360399062D+00  0.15396281176467D+00
  0.12959835055578D+01  0.55405721021210D-01  -.86225830361905D-01
  0.31377562481058D-01  0.17839010832880D+01  0.26766307053758D+00
  -.54708073178034D-01  -.18583713622144D+00  0.80258655951643D+00
  -.86355805323503D+00  -.35268250291609D+00  -.30817032782297D-01
  -.25920457303314D+00  -.16458552389222D+01  0.17519115101032D+00
  0.22972904726313D+00  0.58771356993623D+00  -.55013469526736D+00
  0.14499795714595D+01  0.61663082440505D+00  -.13888797074510D+00
  0.43553370805832D+00  0.37418570242104D+01  0.52398063137173D+00
  -.12457312297607D+00  0.14906224330094D+01  0.30257412258117D+01
  -.54800616488771D+00  -.84388679952343D-01  -.21519348185644D+00
  -.15438304828344D+00  -.94319491319243D+00  -.49566212631391D+00
  -.35536057415874D+00  -.50564693731557D+00  -.15564451218429D+01
  -.98046180409910D+00  0.42627847868674D+00  0.11484733913865D+00
  0.21111427149129D+00  -.14368022563471D+01  0.85467052878188D-01
  -.14682175695458D+00  0.42944087086912D+00  -.50010670538060D+00
  -.11361212359822D+01  -.59669227888499D+00  0.26031579703827D+00
  -.39429383684734D+00  -.12661752640249D+01  0.39281667451779D+00
  0.28793118459429D+00  0.70809154188185D+00  -.66583141670957D+00
  0.24885212730117D+00  0.81282335037749D-02  -.17150012667745D-01
  -.93649453677228D-02  0.21349092680590D+00  -.74832030097102D-01
  -.36495796637398D-01  -.95471886153617D-01  0.12531814461699D+00
  -.53451682568676D+00  0.10284486796538D+00  0.68281398050749D-01
  0.14296092058584D+00  -.12667941961036D+01  -.68639210911142D+00
  0.18432554885742D+00  -.76259797256988D+00  -.15313976084968D+01
  0.11700237875394D+00  0.51826862245239D-02  -.15898539578182D-01
  0.99905315928297D-03  0.88269092613959D-01  -.85021497929240D-02
  -.18384666650120D-01  0.42237350710150D-01  -.79333743206298D-01
  0.13470823180363D+00  0.17774525076795D-01  -.11775265238470D-01
  0.17616399050824D-01  -.15497292921927D+00  0.66742916278890D-01
  -.12415912377459D-01  0.52111003154663D-01  0.27174477142763D-01
  0.13250812351623D+00  -.15985320052327D-02  -.49999703912509D-02
  0.21973284635758D-03  -.91216686299642D-01  -.10423807423061D+00
  -.65541650401521D-02  -.12811363813694D+00  0.89789998704826D-03
  0.12340047190693D+00  -.15045839982299D-02  -.20095224081830D-01
  0.39179348400743D-02  0.54985892272029D-01  0.86450547455430D-04
  -.21774753495551D-01  -.43249027884163D-01  -.12949929594806D+00
  0.98145446921544D-01  -.10098192885560D-01  -.17107521457103D-02
  0.74961247875241D-02  0.33366821259646D+00  0.19467425232675D-01
  -.16256267809820D-02  -.31206458789924D-01  0.82152629928533D-01
$end
