$energy      SCF               SCFKIN            SCFPOT
     1 -1483.187539489      1152.113679004     -2635.301218493
     2 -1483.188152905      1152.119088647     -2635.307241552
     3 -1483.188379211      1152.045649123     -2635.234028334
     4 -1483.188670369      1152.028247508     -2635.216917877
     5 -1483.188474245      1152.059852062     -2635.248326308
     6 -1483.188874111      1152.041647469     -2635.230521580
     7 -1483.189211908      1152.036618781     -2635.225830690
     8 -1483.189165637      1152.026700844     -2635.215866480
     9 -1483.189334837      1152.028666398     -2635.218001235
    10 -1483.189373589      1152.030460081     -2635.219833671
    11 -1483.189396323      1152.029196739     -2635.218593063
    12 -1483.189404642      1152.021836389     -2635.211241031
    13 -1483.189445740      1152.022116010     -2635.211561750
    14 -1483.189458984      1152.024406905     -2635.213865889
    15 -1483.189474552      1152.023708185     -2635.213182737
    16 -1483.189485628      1152.023732749     -2635.213218377
    17 -1483.189489986      1152.023476177     -2635.212966164
    18 -1483.189499611      1152.022569916     -2635.212069527
    19 -1483.189502113      1152.022495025     -2635.211997138
    20 -1483.189504826      1152.022721200     -2635.212226026
    21 -1483.189510460      1152.021603027     -2635.211113486
    22 -1483.189512840      1152.021838713     -2635.211351553
    23 -1483.189515248      1152.021700381     -2635.211215629
    24 -1483.189519156      1152.022005422     -2635.211524578
    25 -1483.189521487      1152.021351105     -2635.210872592
    26 -1483.189526646      1152.021716738     -2635.211243384
    27 -1483.189529586      1152.021794486     -2635.211324072
    28 -1483.189531765      1152.021634988     -2635.211166753
    29 -1483.189534767      1152.021360593     -2635.210895360
    30 -1483.189536583      1152.021202563     -2635.210739146
    31 -1483.189537877      1152.020972523     -2635.210510400
    32 -1483.187777604      1152.041868351     -2635.229645955
    33 -1483.189557521      1152.020507780     -2635.210065301
    34 -1483.189566191      1152.020431505     -2635.209997696
    35 -1483.189572433      1152.019850953     -2635.209423387
    36 -1483.189575615      1152.020067440     -2635.209643055
    37 -1483.189576429      1152.020183646     -2635.209760075
    38 -1483.189577327      1152.019977794     -2635.209555121
    39 -1483.189578677      1152.020336367     -2635.209915044
    40 -1483.189579988      1152.020131830     -2635.209711817
    41 -1483.189581439      1152.020280743     -2635.209862183
    42 -1483.189582265      1152.020391556     -2635.209973821
    43 -1483.189582902      1152.020609480     -2635.210192382
    44 -1483.189584247      1152.020536202     -2635.210120450
    45 -1483.189585008      1152.020690496     -2635.210275505
    46 -1483.189586336      1152.020615044     -2635.210201380
    47 -1483.189587219      1152.020497678     -2635.210084897
    48 -1483.189587711      1152.020098320     -2635.209686030
    49 -1483.189588104      1152.020408246     -2635.209996350
    50 -1483.189588919      1152.020606685     -2635.210195604
    51 -1483.189589333      1152.020466525     -2635.210055858
    52 -1483.189589931      1152.020523275     -2635.210113207
    53 -1483.189590712      1152.020742178     -2635.210332890
    54 -1483.189591307      1152.020832216     -2635.210423524
    55 -1483.189591862      1152.020684667     -2635.210276529
    56 -1483.189592804      1152.021055245     -2635.210648049
    57 -1483.189593296      1152.020720544     -2635.210313840
    58 -1483.189593855      1152.020900209     -2635.210494064
    59 -1483.189594654      1152.020815449     -2635.210410103
    60 -1483.189595832      1152.020742011     -2635.210337843
    61 -1483.189596204      1152.020650686     -2635.210246890
    62 -1483.189596882      1152.020643221     -2635.210240103
    63 -1483.189597328      1152.020560418     -2635.210157747
    64 -1483.184754877      1151.586320738     -2634.771075616
    65 -1483.189068205      1151.909918780     -2635.098986985
    66 -1483.188085636      1152.051945320     -2635.240030956
    67 -1483.188623770      1152.034123443     -2635.222747212
    68 -1483.189336194      1152.023914091     -2635.213250285
    69 -1483.189424307      1152.010473264     -2635.199897571
    70 -1483.189430958      1152.010119011     -2635.199549969
    71 -1483.189447147      1152.010081836     -2635.199528983
    72 -1483.189457355      1152.005823909     -2635.195281264
    73 -1483.189470578      1152.006341251     -2635.195811829
    74 -1483.189488955      1152.005705448     -2635.195194403
    75 -1483.189518117      1152.008355230     -2635.197873347
    76 -1483.189533930      1152.007832714     -2635.197366645
    77 -1483.189557277      1152.008157539     -2635.197714816
    78 -1483.189570707      1152.010579154     -2635.200149861
    79 -1483.189578173      1152.012351122     -2635.201929295
    80 -1483.189589681      1152.014367077     -2635.203956758
    81 -1483.189601649      1152.017873475     -2635.207475124
    82 -1483.189605658      1152.020453630     -2635.210059288
    83 -1483.189612277      1152.020928256     -2635.210540534
    84 -1483.189612962      1152.029073866     -2635.218686828
    85 -1483.189629940      1152.021436338     -2635.211066278
    86 -1483.189632811      1152.021535403     -2635.211168214
    87 -1483.189639060      1152.021894971     -2635.211534031
    88 -1483.189642599      1152.022301949     -2635.211944548
    89 -1483.189647687      1152.021708612     -2635.211356299
    90 -1483.189653094      1152.021782789     -2635.211435883
    91 -1483.189656980      1152.022540176     -2635.212197157
    92 -1483.189662219      1152.024031142     -2635.213693361
    93 -1483.189665448      1152.024926403     -2635.214591851
    94 -1483.189666851      1152.025690474     -2635.215357325
    95 -1483.189668750      1152.025657174     -2635.215325924
    96 -1483.189670090      1152.025760114     -2635.215430204
    97 -1483.189671967      1152.025895744     -2635.215567710
    98 -1483.189673555      1152.025679022     -2635.215352577
    99 -1483.189675286      1152.025445540     -2635.215120826
   100 -1483.189677340      1152.025248482     -2635.214925822
   101 -1483.189679014      1152.025350364     -2635.215029379
   102 -1483.189680776      1152.025617533     -2635.215298309
   103 -1483.189682347      1152.025921252     -2635.215603599
   104 -1483.189683592      1152.026498640     -2635.216182232
   105 -1483.189684553      1152.026135008     -2635.215819561
   106 -1483.189685575      1152.026329566     -2635.216015141
   107 -1483.189686869      1152.026443474     -2635.216130343
   108 -1483.189688159      1152.026855884     -2635.216544043
   109 -1483.189689108      1152.027051484     -2635.216740592
   110 -1483.189690071      1152.027166342     -2635.216856413
   111 -1483.189105878      1152.129759937     -2635.318865815
   112 -1483.189310094      1151.980948986     -2635.170259080
   113 -1483.191102931      1152.052291529     -2635.243394460
   114 -1483.191331500      1152.093989578     -2635.285321078
   115 -1483.191467410      1152.105439653     -2635.296907063
   116 -1483.191533662      1152.074774882     -2635.266308544
   117 -1483.191599255      1152.110018586     -2635.301617841
   118 -1483.191565214      1152.131905990     -2635.323471205
   119 -1483.191588623      1152.127497331     -2635.319085954
   120 -1483.191613608      1152.120847921     -2635.312461528
   121 -1483.191646552      1152.107034897     -2635.298681449
   122 -1483.191668852      1152.096170130     -2635.287838982
   123 -1483.191679853      1152.088439980     -2635.280119833
   124 -1483.191693133      1152.091207138     -2635.282900271
   125 -1483.191703101      1152.098155616     -2635.289858717
   126 -1483.191705466      1152.099734087     -2635.291439554
   127 -1483.191707144      1152.099900811     -2635.291607955
   128 -1483.191707810      1152.098745585     -2635.290453395
   129 -1483.191708248      1152.098566999     -2635.290275246
   130 -1483.191708593      1152.098581061     -2635.290289654
   131 -1483.191708632      1152.098634502     -2635.290343134
   132 -1483.191709506      1152.098802201     -2635.290511707
   133 -1483.191709750      1152.099116519     -2635.290826269
   134 -1483.191709997      1152.099059639     -2635.290769635
   135 -1483.191710183      1152.098969970     -2635.290680153
   136 -1483.191710270      1152.098957748     -2635.290668018
   137 -1483.191710521      1152.099178226     -2635.290888747
   138 -1483.191710907      1152.099021635     -2635.290732543
   139 -1483.191711071      1152.099160130     -2635.290871201
   140 -1483.191709705      1152.098591089     -2635.290300794
   141 -1483.191712350      1152.100446173     -2635.292158523
   142 -1483.191713497      1152.099333611     -2635.291047108
   143 -1483.191714358      1152.099780655     -2635.291495013
   144 -1483.191715039      1152.100096095     -2635.291811134
   145 -1483.191715514      1152.100284089     -2635.291999603
   146 -1483.191715769      1152.100447030     -2635.292162799
   147 -1483.191715888      1152.100459657     -2635.292175545
   148 -1483.184571949      1151.617016966     -2634.801588915
   149 -1483.184812851      1151.631993874     -2634.816806725
   150 -1483.185293763      1151.651699864     -2634.836993627
   151 -1483.186366490      1151.699797334     -2634.886163824
   152 -1483.188469823      1151.815838133     -2635.004307956
   153 -1483.190733633      1152.083197274     -2635.273930907
   154 -1483.190690065      1152.142724861     -2635.333414926
   155 -1483.190639190      1152.135832060     -2635.326471250
   156 -1483.190820247      1152.110703117     -2635.301523364
   157 -1483.190830170      1152.108455525     -2635.299285695
   158 -1483.190866557      1152.107658975     -2635.298525532
   159 -1483.190951313      1152.106451097     -2635.297402409
   160 -1483.190997937      1152.108944871     -2635.299942808
   161 -1483.191101236      1152.103579593     -2635.294680829
   162 -1483.191150357      1152.101450346     -2635.292600702
   163 -1483.191166314      1152.099525040     -2635.290691354
   164 -1483.191187064      1152.098448158     -2635.289635222
   165 -1483.191197447      1152.102522982     -2635.293720429
   166 -1483.191200762      1152.104007335     -2635.295208097
   167 -1483.191206261      1152.102690614     -2635.293896875
   168 -1483.191208324      1152.101678999     -2635.292887323
   169 -1483.191209410      1152.100832613     -2635.292042023
   170 -1483.191210402      1152.100293301     -2635.291503702
   171 -1483.191211072      1152.100305414     -2635.291516486
   172 -1483.191211424      1152.100760637     -2635.291972062
   173 -1483.191211639      1152.100966897     -2635.292178536
   174 -1483.191211843      1152.100910618     -2635.292122460
   175 -1483.191211932      1152.100771497     -2635.291983429
   176 -1483.191212034      1152.100694177     -2635.291906211
$end
