$hessapprox internal
  0.482212625099D+00 -0.792923540381D-02  0.453152832150D+00  0.482631605241D-03
  0.140408155461D-02  0.187888697389D+00  0.608895021518D-02  0.780658468433D-02
 -0.174467586100D-01  0.377230138682D+00  0.181060349996D-01 -0.542431841354D-02
 -0.171949635826D-01 -0.198784646505D-01  0.229025227404D+00 -0.640325598752D-01
 -0.472808194906D-01  0.237432746704D-01 -0.198480799128D-01  0.215236269128D-01
  0.492178527556D+00 -0.239027454801D-01 -0.419959912581D-02  0.832100042841D-02
 -0.290915169051D-01 -0.882703401929D-02  0.450670834525D-01  0.728551832010D+00
  0.156295535948D-01  0.146418303495D-01 -0.238696902606D-01  0.287996129832D-01
 -0.689294492633D-01 -0.646708175965D-01  0.167049260400D-01  0.804253432656D+00
 -0.144581637978D-01 -0.213030127196D-01 -0.391579958265D-02  0.490547895860D-02
 -0.380655566584D-01 -0.331120524476D-01  0.653138467467D-01  0.383454247141D-01
  0.463297886742D+00 -0.302078010616D-02  0.243842697368D-03 -0.121176954060D-01
  0.737614609305D-03 -0.294380912271D-01 -0.425826117409D-02 -0.853622987356D-02
  0.186632265787D-01  0.167439564447D-02  0.368278842756D-01  0.128531490080D-01
  0.218350324173D-01 -0.555605931835D-02 -0.141216772755D-02 -0.294404052293D-02
 -0.923907159000D-02 -0.425004628075D-02 -0.117315115917D-02 -0.414459302744D-02
  0.230315475587D-02  0.608763428288D+00  0.115404509787D-01 -0.307248948790D-02
 -0.266803571640D-02 -0.230599791348D-01  0.679800753020D-02 -0.713301369454D-02
  0.168362137844D-01 -0.441895463032D-02  0.163829629852D-02 -0.137546052942D-02
  0.159581694533D-01  0.482174328907D-01  0.419135712240D-02 -0.484850858198D-02
  0.102018530184D-02 -0.198410295422D-02  0.233691394598D-02  0.459015633376D-02
  0.142773541520D-02 -0.112040496935D-01 -0.127763288196D-02  0.227916126632D-03
 -0.790171876945D-03 -0.473046758118D-03  0.435439150548D+00  0.117124219443D-01
  0.315018871898D-02 -0.694898744505D-02  0.199934306140D-01  0.875835696296D-02
 -0.121424415796D-01 -0.761150473641D-02 -0.804735314062D-02 -0.712485681068D-02
 -0.180938367116D-01  0.372303007350D-04  0.272790574744D-02  0.147397120140D-02
  0.288331832544D+00 -0.643317571516D-02  0.167662831795D-01  0.551206239066D-02
 -0.479765748528D-02 -0.189078544987D-01  0.375787343604D-01 -0.109113712134D-01
  0.369749494525D-02 -0.204584586328D-01 -0.191011282577D-02 -0.195559391799D-02
 -0.536502549642D-02  0.668214111000D-04 -0.709571815741D-02  0.216733600777D+00
  0.812035555938D-04 -0.754819534695D-02 -0.308957762029D-03 -0.484024589486D-02
  0.129257449967D-02 -0.995272734868D-03  0.166024036733D-02 -0.135720857289D-01
 -0.457274498451D-02  0.849335035917D-03 -0.414888157619D-02 -0.157523739833D-02
 -0.972334447514D-02  0.614268479282D-02  0.142979223049D-02  0.419652899479D+00
 -0.102050878697D-01  0.611240794290D-02 -0.479702985262D-02 -0.664949511880D-02
 -0.122682605590D-01 -0.281767045722D-01  0.271209016975D-01  0.545375159595D-02
  0.497007000169D-02  0.528839927774D-02 -0.506226064524D-02  0.515405375670D-02
 -0.809380425360D-03  0.503309856503D-01  0.145311336120D-01 -0.405197280733D-02
  0.327162879456D+00  0.119881490046D-01  0.100123503413D-01  0.144220435004D-01
  0.425230643278D-02  0.113498086384D-01  0.435897248733D-01 -0.189005883543D-01
  0.523061125291D-02 -0.130225249194D-01 -0.217534697117D-02  0.420972784150D-02
 -0.832356636488D-02  0.138611120516D-02  0.178597108470D-01  0.472188337840D-01
  0.287597030219D-02 -0.650530254116D-02  0.167562271393D+00 -0.127188275666D-03
  0.170336963570D-02  0.438457563248D-03 -0.121637588650D-02  0.463958131371D-03
 -0.351438432505D-03  0.896610567236D-03  0.151817588949D-02 -0.477584583486D-03
 -0.278669874064D-03 -0.994765763684D-03 -0.132661054262D-03 -0.658722710984D-03
 -0.137457976339D-03  0.103954545158D-03 -0.137333301026D-02 -0.433613388141D-03
  0.757753998925D-05  0.441366087477D+00  0.941628792694D-02  0.468978963727D-02
  0.211590462331D-03  0.849739413383D-02  0.249679383731D-01  0.246495551879D-01
  0.108480567285D-01 -0.875583872483D-02  0.651428621047D-02 -0.157196794213D-01
 -0.536688247560D-04 -0.224199051937D-02 -0.222013760095D-02  0.145528829670D-01
  0.817625384880D-03 -0.621285902706D-03 -0.198211184841D-01  0.201985758435D-01
 -0.212956604312D-03  0.335784663445D+00 -0.631397979824D-03 -0.236140106167D-02
  0.901932090892D-02 -0.554441181751D-01  0.127266793426D-01  0.233302544247D-01
  0.216056520061D-01  0.131419103224D-01 -0.151334705872D-02 -0.108135192276D-02
  0.118367985885D-02  0.319090205803D-02 -0.110209799393D-03 -0.251417138022D-02
  0.121955554198D-02 -0.118234482328D-02 -0.418737154294D-03 -0.712669053205D-02
 -0.336445399642D-03 -0.878918254689D-02  0.147951537974D+00 -0.239234554530D-02
 -0.597149085902D-02 -0.395501778985D-02 -0.433595365478D-04 -0.275492099865D-02
 -0.229212500982D-02 -0.229276326449D-03 -0.592047691835D-02 -0.968628051331D-03
  0.309783981727D-03 -0.198769702620D-02 -0.172405866410D-02 -0.689182354880D-02
  0.165228770486D-02  0.347753137380D-02 -0.136503642322D-01  0.289203742660D-03
 -0.172391455715D-02 -0.805934700349D-03 -0.121355986315D-02 -0.202349822218D-02
  0.433890700454D+00 -0.158293796275D-01 -0.539472491711D-02  0.680352899180D-02
 -0.247664304093D-01 -0.137631781788D-01  0.362807439572D-01 -0.193123560575D-01
 -0.127190390524D-01  0.789958906629D-02  0.205207517446D-02 -0.262818125250D-02
 -0.307488035605D-03  0.400528354381D-03  0.718935978946D-01 -0.688776033805D-02
 -0.380751850321D-02 -0.479063815856D-01 -0.140542824617D-01 -0.478166456824D-03
 -0.237113458709D-01  0.193132397469D-02 -0.236572917582D-02  0.292792799853D+00
  0.136731500528D-01  0.106460406600D-01  0.848176198072D-02  0.443441157580D-02
  0.929013379201D-02  0.147341000784D-01  0.499768780052D-02 -0.157252704061D-01
 -0.295290440207D-02  0.411026279476D-03 -0.204085011045D-02 -0.520901396530D-03
  0.363943762680D-02 -0.535688724205D-02  0.212420174124D-03  0.370557417559D-02
 -0.504242237729D-02  0.282434749748D-02  0.728103705711D-03 -0.141417034786D-01
  0.186022895197D-01 -0.371408209981D-03 -0.229989906656D-02  0.139521400948D+00
 -0.755290464391D-02 -0.865188814707D-02 -0.621005026164D-02  0.389395616021D-02
 -0.763841006014D-02 -0.222299256837D-02  0.367762138275D-02 -0.220890418454D-02
 -0.733487336507D-02  0.157850033857D-02 -0.268251314745D-02 -0.150868911487D-02
 -0.838052137948D-02  0.766355889469D-03  0.172461697195D-02 -0.163743014837D-01
  0.265341938241D-02 -0.398699486514D-02 -0.275042381122D-03 -0.806081391383D-03
  0.502896326203D-04 -0.111622892712D-01 -0.114775203892D-02 -0.234242318912D-02
  0.423501682539D+00 -0.437139453407D-02 -0.117911292522D-01 -0.815942226165D-03
 -0.171636845263D-01 -0.196285087475D-01  0.206690234957D-01 -0.166323502268D-01
  0.865804017955D-02  0.840747793012D-02  0.250366005429D-01  0.753942941596D-03
 -0.124071293200D-01  0.452236260168D-02 -0.119334204435D-01 -0.260711424788D-01
  0.244335882704D-02  0.314134220582D-01 -0.149623442936D-01  0.593530975663D-03
  0.497145466655D-01  0.884229304653D-02 -0.196079833993D-02  0.319769512161D-01
  0.954831865273D-02 -0.194745042143D-02  0.289606896610D+00  0.372394927333D-02
  0.343965380815D-02  0.302721235050D-02  0.886324722463D-02 -0.429087700536D-02
 -0.399747693089D-01 -0.122994171283D-01  0.318586153607D-01  0.315578835809D-01
  0.350852110445D-02 -0.194235503300D-02 -0.115676976877D-01 -0.421823795009D-03
 -0.908238784886D-02 -0.249372355598D-01 -0.246850816766D-02  0.313754234833D-02
 -0.863265543167D-02 -0.429890060387D-03 -0.797270542958D-02  0.156732995378D-01
  0.532863429116D-03 -0.261756085088D-02  0.115721633548D-01 -0.179457731334D-02
  0.119967002859D-01  0.202984160545D+00 -0.100640088431D-01 -0.855613204246D-02
  0.144973888262D-01  0.364292086996D-01 -0.831872095895D-01 -0.836001049373D-01
  0.192992836313D-02  0.751312948151D-01  0.953199208327D-01  0.580862648039D-02
  0.167788885712D-02  0.326843721516D-02 -0.465218049571D-02 -0.210116058174D-02
 -0.364335861179D-01 -0.699190582102D-02  0.184669864783D-01 -0.309994178825D-01
  0.104939022028D-02 -0.975141688805D-02 -0.220824649868D-01 -0.950942631673D-03
 -0.191790070138D-01 -0.232943751115D-01 -0.307822085014D-02 -0.225023857413D-01
  0.382411779884D-01  0.217273168551D+00  0.249433507241D-01  0.150277427415D-01
 -0.722555906648D-02 -0.166219863940D-01 -0.124769334117D-01 -0.238884784660D-01
 -0.576812855143D-02  0.233388224263D-01 -0.667847466362D-02  0.567015241600D-02
  0.554301790334D-02  0.928309642925D-02 -0.715808734563D-03 -0.888621027671D-02
 -0.557892137495D-02 -0.211851896328D-02 -0.498478779715D-02 -0.559621824936D-02
 -0.605502252747D-03 -0.129489612802D-03  0.119373295273D-01 -0.915315872203D-03
 -0.745272815369D-02 -0.650971463133D-03  0.454557948132D-04  0.121402983374D-01
  0.944224315156D-02  0.111428599627D-01  0.172199877702D+00 -0.726355992868D-02
 -0.172631795993D-02  0.132461788023D-02 -0.271361927250D-02 -0.119248361937D-01
  0.655525174392D-01  0.337625995332D-01 -0.169889060025D-01  0.212244565055D-02
 -0.400093502141D-02 -0.140928900136D-02  0.126762585373D-02  0.690481196861D-03
  0.575231078835D-03  0.696705784366D-02 -0.154273796777D-04 -0.334965770404D-02
 -0.253840488687D-03  0.818336068305D-04  0.854608558398D-02 -0.175200544613D-03
  0.171021832960D-02  0.134899259290D-01 -0.126485318605D-02  0.817013136131D-03
 -0.588494529219D-02 -0.475870244114D-02 -0.157130202445D-01 -0.108280198552D-01
  0.532881233151D-01  0.159344611171D-01 -0.106066117037D-01  0.402235498123D-01
  0.289631183517D-01 -0.725573262766D-02  0.104510502852D-01 -0.214138819244D-01
  0.270605675381D-01  0.698205142596D-01  0.766679733968D-02 -0.613430988084D-02
  0.445936794559D-02 -0.316560538269D-03  0.691607438736D-02  0.317561558416D-01
 -0.129603546531D-02  0.106979376395D-01  0.341397112111D-01  0.185017908387D-03
  0.383220230501D-02 -0.187294833369D-02 -0.297147176228D-02  0.367781122497D-02
 -0.387588399433D-02 -0.552268618540D-02  0.160793276365D-01 -0.100155567135D-01
  0.664093459030D-01 -0.279750851460D-02 -0.526810351671D-02  0.244892998846D+00
  0.994900335652D-02  0.211891811887D-01 -0.350161990172D-01  0.511505833775D-01
 -0.270075101422D-01 -0.955883502476D-01 -0.157784664527D-01  0.621231713293D-01
  0.207339733698D-01 -0.190631860081D-02  0.178741725233D-03 -0.177842250921D-02
 -0.569471585439D-02  0.165737853384D-01 -0.536245757072D-01 -0.837958826216D-02
  0.101829885919D-01 -0.275855775877D-01 -0.246647254846D-03  0.403384984288D-02
 -0.195033801002D-01 -0.209341012674D-02 -0.267426287079D-01 -0.171343552716D-01
  0.102934422590D-02 -0.224913733069D-01  0.361214104043D-01  0.738148629382D-01
  0.232457313577D-01 -0.121759971484D-01 -0.369833234132D-01  0.153261640268D+00
  0.292140649691D-01  0.145450135344D-01  0.400912193347D-02 -0.251486653599D-01
 -0.196682039254D-01 -0.394360417300D-01  0.554070613298D-01  0.288817275387D+00
 -0.600047594227D-01  0.181923406714D-01  0.908009061456D-02  0.304710088715D-02
 -0.645208251998D-02 -0.740825564453D-02 -0.827281164611D-02 -0.174077220139D-01
 -0.138944966969D-01  0.142150075052D-01  0.472761850578D-03 -0.891167934029D-03
  0.434949873950D-01 -0.104580613505D-01 -0.207046214187D-02 -0.408129407746D-02
 -0.452107066277D-02  0.255244067848D-01  0.446260065005D-01  0.204169992413D-01
  0.287181911470D-01 -0.270440768020D-01 -0.289565458641D-01  0.892494380913D-01
  0.625304305816D+00 -0.853419511984D-03 -0.378066354399D-03  0.777749954759D-02
  0.275418902267D-02  0.353014349110D-02 -0.156474498287D-01  0.181633354632D-02
  0.768306855823D-02  0.686962902796D-02  0.127690808340D-02 -0.335955174560D-03
 -0.161126692978D-02 -0.115590926857D-03 -0.289376591118D-02 -0.466129675986D-02
 -0.382905223925D-03  0.136702820673D-02 -0.529891189079D-02  0.275138624778D-03
 -0.154770649661D-03 -0.192192585487D-02  0.810002860276D-04 -0.313042974368D-03
 -0.420286197987D-02 -0.144185450509D-02 -0.104903734248D-02  0.160537707682D-01
  0.281383774137D-01  0.164517316823D-02 -0.659764830272D-02  0.118212375293D-01
  0.618557821307D-02  0.159858207521D-01  0.141355275130D-01 -0.115916167297D-01
  0.404199115903D-02 -0.300175263839D-02 -0.160088303639D-01 -0.170034247389D-02
 -0.153634635746D-01 -0.308782202866D-02  0.796297969082D-01 -0.337190086452D-02
  0.203480902368D-02 -0.114000631068D-01 -0.702227436003D-02  0.105078849043D-02
  0.114174254444D-01 -0.568732346665D-02 -0.139065916492D-01 -0.184913404870D-01
  0.245530315233D-01 -0.128324421569D-02  0.243745409017D-02  0.427687752240D-01
 -0.395261382676D-02 -0.106584722237D-01  0.133446046041D-01 -0.978867815322D-02
  0.806111511173D-02  0.292771824137D-01  0.272361873677D-01  0.221893830417D-01
 -0.138281287845D-01 -0.453386377033D-02  0.518450626932D-01  0.562433580438D-01
  0.369166977780D-02  0.697327181946D+00  0.533822076905D-02  0.218082839912D-01
 -0.349872496548D-01  0.525098089619D-01 -0.943223010046D-01 -0.114581752660D+00
 -0.395695128612D-01  0.113143306564D+00  0.137185131998D+00 -0.208812406792D-02
  0.111205759378D-01 -0.686941374960D-03 -0.663253520164D-02 -0.288526566457D-03
 -0.253229928957D-01 -0.635895623548D-02  0.240714400686D-01 -0.518342505854D-01
 -0.192658022107D-03  0.865467528642D-02 -0.725342687943D-01  0.733796302696D-02
 -0.348078446855D-01 -0.316710433394D-01  0.732762656637D-02 -0.584115898153D-01
 -0.211071572843D-01  0.165763180517D+00  0.795295324477D-02 -0.116018836493D-01
 -0.795830261724D-01  0.109918844687D+00  0.345974117717D-02  0.144515942263D-01
  0.421729248208D-01  0.725591954020D+00 -0.996604025799D-03 -0.759411219709D-02
 -0.130742465828D-01  0.286194174666D-01 -0.107390548596D-01 -0.375738114886D-01
  0.351846823074D-01 -0.716374603691D-03  0.201204492305D-01  0.199528547624D-02
  0.267471838269D-04 -0.426347967874D-02 -0.205170122493D-02  0.700122485408D-02
  0.619634330395D-02  0.325159835202D-02 -0.163806005031D-02  0.263983612785D-02
  0.127453373020D-02 -0.110507494737D-01 -0.203968203699D-01  0.389673053766D-02
 -0.520763057879D-02 -0.974700628137D-02  0.513308052506D-02 -0.110213504691D-01
  0.352118726641D-02  0.306858971146D-01  0.128985725714D-02 -0.274728251562D-02
 -0.357096010653D-01  0.168381408509D-01 -0.236632840990D-01  0.396323537882D-02
  0.246258222206D-01  0.710900874644D-01  0.329081959021D+00 -0.310818565584D-01
  0.585888436153D-02 -0.800488215274D-01  0.619577591086D-01 -0.102825984142D+00
 -0.110171134936D+00  0.454338832799D-01  0.284159016532D-01 -0.143191496864D-02
 -0.312757883315D-02 -0.343242299812D-02 -0.376413403704D-02 -0.939609741680D-02
 -0.960375528945D-02 -0.256200893350D-01 -0.101856474660D-01  0.862609837404D-02
 -0.760651815225D-01 -0.779879307880D-03  0.141282279964D-01 -0.523045213711D-01
  0.297564911856D-02 -0.149978216593D-01 -0.354730421126D-01  0.377397163843D-02
 -0.627940306662D-01  0.225206111956D-01  0.133535623018D+00  0.896524850696D-02
  0.177741095781D-01 -0.940253721309D-01  0.116472053770D+00 -0.660326718782D-01
  0.887861136274D-02  0.573527196494D-02  0.218087762257D+00  0.628110406830D-01
  0.508372850419D+00 -0.748811000463D-02 -0.279308727543D-03  0.127740231278D-01
  0.177672691812D-01  0.145507047727D-01 -0.194412388771D-01  0.281098329040D-01
 -0.248073452057D-01  0.232646099532D-01 -0.405525078034D-02 -0.195992027509D-02
  0.117243864401D-01  0.214401072892D-02  0.478198273260D-02 -0.147679652611D-01
  0.218093779565D-02 -0.326935558860D-02 -0.191910613510D-01 -0.144964550134D-03
  0.894484668357D-02 -0.128463093819D-01  0.153529465517D-02  0.388575935996D-02
 -0.223591418415D-02  0.374650804320D-02 -0.135454644655D-01 -0.240453478385D-01
  0.287830352689D-01 -0.686847465006D-02  0.669884692927D-02  0.221999824687D-02
  0.235375459395D-01 -0.438014998690D-01  0.613853577273D-02 -0.923183732855D-02
  0.255010480397D-01  0.357454144836D-02  0.187362290339D-01  0.153674763226D+00
 -0.931339650447D-02  0.637042929774D-02 -0.183388379311D-01  0.776805679038D-02
 -0.208703277351D-01 -0.351312734942D-01  0.167861082587D-01  0.188989042221D-01
  0.130165462062D-01 -0.317342826212D-02 -0.249657983094D-02 -0.267565338065D-02
 -0.584538965962D-03  0.179648045276D-01 -0.971069192535D-03 -0.927345625070D-03
 -0.162540734396D-01 -0.874079289750D-02 -0.262082780926D-03 -0.767215403382D-02
 -0.138461430532D-01  0.364326206543D-02 -0.224434469025D-01 -0.837768522000D-02
  0.505326173172D-02 -0.489967078411D-02 -0.224258152807D-02  0.198600750893D-01
 -0.275933859157D-02 -0.224254911982D-05 -0.195871249722D-01  0.236259530755D-01
 -0.158928101880D-01  0.646338499152D-03 -0.196321493050D-01  0.616059652242D-01
  0.884416491622D-02  0.470888592595D-01  0.187204009786D-02  0.636308809425D+00
 -0.634536923180D-02  0.924422446660D-03  0.521712596860D-02 -0.653323803482D-04
 -0.631991709715D-02 -0.150818956188D-01 -0.109046617506D-01 -0.214774420155D-02
 -0.242944470834D-02  0.293566790660D-02 -0.348226632731D-02  0.372561288833D-02
 -0.628693026932D-02 -0.150668252432D-01  0.441083325155D-02 -0.162662290292D-01
  0.966715625407D-02  0.591728714328D-02 -0.804256050604D-03  0.542468324373D-02
 -0.245916786893D-02 -0.750810228614D-02  0.866559963229D-02 -0.374968633397D-02
 -0.976442003090D-02 -0.644085003253D-02 -0.733862347373D-02  0.150696672242D-01
 -0.381040939095D-02 -0.592196624994D-02  0.116261198298D-01  0.376353890545D-02
 -0.618987824023D-02  0.237743596691D-03  0.798838359445D-02  0.199379604606D-01
  0.171213416859D-01  0.123610412100D-01  0.798916380586D-02  0.128725488128D-01
  0.581729277067D+00  0.756029570765D-02 -0.147984601141D-01 -0.559409755508D-03
 -0.201524045208D-03  0.632805424726D-03  0.113176169323D-01  0.259391555754D-02
 -0.771899564330D-02  0.125413251195D-01 -0.264755587008D-02  0.384370379569D-02
 -0.447377443628D-02  0.368074812512D-05  0.768717666111D-02  0.266754868498D-03
 -0.412588467616D-02 -0.358436936773D-02  0.314146614669D-02  0.228503326334D-03
 -0.338480030342D-02  0.353769220203D-02 -0.306061808772D-02  0.208750162761D-02
  0.463429621415D-02 -0.535730001780D-02  0.385348044514D-02  0.160703037430D-02
 -0.121209610851D-01  0.484598184367D-02 -0.209624521940D-03 -0.104914711186D-01
 -0.420718834829D-02 -0.951551650783D-02 -0.111045013273D-02 -0.545898285227D-02
 -0.124202626538D-01 -0.190553854450D-01 -0.125078376552D-01  0.373640596539D-02
 -0.676948561006D-02 -0.769578066086D-02  0.621466204657D+00  0.466622941907D-02
  0.119359402805D-01  0.222243181697D-01 -0.226263346523D-01  0.196064087361D-01
  0.318541354712D-01  0.162380728449D-02  0.354430962238D-02 -0.816726303885D-02
  0.408637793966D-03 -0.134403930295D-02  0.157923237846D-02  0.187195598510D-02
  0.295195104167D-02  0.789694188705D-02  0.636697933074D-03 -0.546991458438D-02
  0.971309805223D-02 -0.115127744901D-02 -0.269656790581D-02  0.876151566022D-02
 -0.119704698401D-03 -0.147722199158D-02  0.397935838794D-02  0.182623084202D-02
  0.192656254218D-01 -0.270749917955D-02 -0.698178011754D-02  0.267957278271D-02
 -0.265467097019D-03  0.240327331825D-01 -0.214333444533D-01  0.215814629658D-01
  0.139056738783D-02 -0.174501594456D-02 -0.429056434759D-01  0.722342142475D-03
 -0.434465448893D-01 -0.201020583152D-02 -0.100082258043D-01 -0.322745826179D-02
  0.105145972276D-01  0.623590245626D+00  0.661256005554D-02 -0.985682599270D-02
  0.363064004642D-02 -0.617573381091D-02 -0.278128437907D-02 -0.835770857622D-02
 -0.759414339884D-03  0.147246424489D-02 -0.456739907914D-02 -0.134155522852D-02
 -0.647401308503D-02 -0.124646521742D-02 -0.577343196049D-03  0.456884090803D-02
  0.363104132496D-02 -0.115474402413D-01 -0.469337177793D-02  0.121644894563D-01
  0.536023356888D-03  0.575153842980D-02  0.114880427616D-01 -0.703538620365D-02
  0.382655297054D-02  0.789311069037D-02 -0.847470317686D-02 -0.285873718123D-02
  0.362918068960D-02 -0.174490809735D-01 -0.274448964742D-02 -0.712876406077D-02
 -0.181364560324D-01 -0.107950091477D-01 -0.663336668083D-02 -0.155452925075D-02
 -0.283978224223D-01 -0.353164408532D-01 -0.142581675666D-01 -0.431511872221D-01
 -0.216253092243D-03 -0.133958899568D-01 -0.231956613646D-01 -0.190169011454D-01
  0.159147502642D-01  0.598783130884D+00 -0.198451719684D-01 -0.742891101262D-02
 -0.659333542542D-02  0.185891333484D-01 -0.255249015449D-01 -0.882348945796D-02
 -0.225922091276D-01 -0.519831372264D-02  0.338964380843D-02  0.480618228240D-02
 -0.775605478888D-03  0.113266377527D-02 -0.101759651889D-01 -0.155143485805D-01
  0.735228505099D-03 -0.130186765520D-01  0.195121649485D-01 -0.104447337069D-01
  0.413012692733D-03  0.279311770641D-02 -0.127384739396D-01 -0.616119420026D-02
 -0.838259901165D-03 -0.639078758539D-02 -0.925091464113D-02 -0.205220113763D-01
 -0.274040347434D-02  0.295237423701D-01  0.327873427261D-04  0.292053855650D-02
 -0.296186285684D-03  0.147042641770D-01 -0.114194619573D-01  0.107735855332D-02
  0.354508603776D-01  0.630945410779D-01  0.272055014666D-01  0.669924664622D-01
  0.109936850922D-01  0.362045125552D-01 -0.257061508648D-01 -0.622155911943D-02
 -0.106801940351D-01 -0.950684220389D-02  0.602422457450D+00 -0.555690224941D-02
 -0.607929734744D-02  0.733859027592D-02 -0.129003567425D-01  0.635452381128D-02
  0.222113550433D-01 -0.818641116413D-02 -0.615950900969D-02 -0.131151198701D-02
  0.169270970978D-02  0.269320455033D-02  0.212359659802D-02  0.780153107650D-02
  0.135464270777D-01  0.368004215067D-02  0.141772002475D-01 -0.934809036134D-02
  0.615804282787D-02  0.149787465524D-02 -0.401822772697D-02  0.856490502620D-02
  0.923620897424D-02 -0.131781009253D-01 -0.889052401229D-03  0.856355128805D-02
  0.823509269485D-02 -0.271916743985D-02 -0.187254343633D-01  0.261763032489D-03
  0.133562731340D-02  0.231551255528D-02 -0.153740515695D-01 -0.374655201129D-02
 -0.163362324705D-02 -0.655791322989D-02 -0.292471893520D-01 -0.125402365948D-01
 -0.493966440422D-02 -0.861614636599D-02 -0.801280656022D-02  0.650512715039D-02
 -0.266213506463D-02  0.647479735157D-02 -0.482487823043D-02  0.582572153752D-02
  0.419764246880D+00 -0.907847659720D-02 -0.152493118024D-01 -0.135204310909D-01
  0.239415500523D-01 -0.219413566661D-01 -0.196192631441D-01 -0.127475373763D-02
 -0.117657512442D-01  0.840404947559D-02  0.566165173208D-03  0.464610627792D-03
  0.529908997060D-02 -0.181451363595D-02  0.115711801953D-01 -0.106727219102D-02
  0.603821864613D-02 -0.165351753395D-02 -0.136489203766D-01  0.219672741309D-02
 -0.967863706418D-02 -0.590348091556D-02  0.321715151763D-02 -0.197900721572D-01
 -0.868950456240D-02  0.177374928997D-02  0.111595247416D-02  0.749488023831D-02
  0.240389988128D-01  0.171987428204D-02  0.412829484178D-02 -0.205905541799D-01
  0.136093525990D-01 -0.184011154890D-01  0.119269838232D-02  0.355232358871D-01
  0.528007533768D-01 -0.195579362180D-02  0.522299922984D-01  0.398853228273D-02
  0.162046818058D-01  0.498813742527D-02 -0.106798397839D-01 -0.286944788552D-02
 -0.531164911963D-02 -0.311342131999D-02 -0.129242121431D-01  0.418216016794D+00
 -0.547033170970D-02 -0.554330852232D-02 -0.373977560936D-02  0.779293005302D-02
 -0.115348034479D-01 -0.109806553550D-01 -0.885572000201D-03 -0.802460826670D-02
  0.289530925464D-02  0.101257740891D-02 -0.175871627576D-02  0.180535517492D-02
 -0.840701217724D-03 -0.759740967687D-03  0.266018096089D-02  0.131635663567D-02
  0.221263975926D-02 -0.150070154801D-02  0.702951990284D-03 -0.136158886797D-02
 -0.178975967456D-02  0.116111646968D-02 -0.390499504257D-02 -0.400688691511D-02
  0.723044101927D-03 -0.266607275967D-02 -0.184241465429D-02  0.109510408785D-01
 -0.255920510877D-03  0.182755991004D-02 -0.504477156886D-02  0.361028217833D-02
 -0.151851612239D-01  0.113510394876D-02  0.125109491277D-01  0.262288376058D-01
  0.176230103848D-02  0.208972939231D-01  0.113599474189D-02  0.805956822075D-02
  0.213917940828D-02 -0.155519145599D-02 -0.103687088601D-02 -0.224269070335D-03
 -0.285381407266D-03 -0.525432213961D-02 -0.525889149891D-02  0.433841054550D+00
  0.292507116430D-02  0.269942300092D-02  0.352917008204D-01 -0.491708225103D-01
  0.367705358563D-01  0.734570157064D-01  0.190434052803D-01 -0.134859399292D-01
 -0.753520812520D-02  0.265304490601D-02 -0.173515517688D-02  0.585433106407D-02
  0.582346442322D-02 -0.999800485372D-02  0.524117246154D-01  0.572145342765D-02
 -0.138387814194D-01  0.322908526579D-01 -0.189737682966D-03 -0.938665312160D-02
  0.751261197103D-01 -0.101248067956D-02  0.117934308812D-01  0.558347835892D-01
 -0.151764901462D-02  0.286856446503D-01 -0.306546329142D-02 -0.600672216645D-01
 -0.241237699202D-02 -0.567300917174D-03  0.226089014119D-01 -0.599019774151D-01
  0.379662470644D-01 -0.303444790675D-02  0.322121288802D-01 -0.135188967859D+00
 -0.348391304319D-01 -0.133948680756D+00  0.245640789701D-01 -0.315859308582D-01
 -0.363550866312D-02  0.119424060036D-01  0.197236521792D-01  0.225959140322D-01
 -0.210924175368D-01  0.117610064443D-01 -0.220223874269D-01 -0.917463648679D-02
  0.166847267708D+00  0.888274087807D-04  0.112745601378D-02  0.207645468127D-02
  0.146579048611D-01  0.113838195063D-01 -0.474210962760D-01  0.902999625189D-03
 -0.176186848282D-01  0.453090138169D-01  0.132866322075D-02 -0.475822648027D-02
 -0.128698738925D-01 -0.215703880371D-02 -0.127151646059D-01 -0.388425845420D-01
 -0.223407210810D-02  0.173977180229D-02 -0.132684722483D-03  0.450467833033D-04
 -0.210374254264D-01 -0.200940836469D-01 -0.234831082758D-02  0.949434922841D-02
  0.210387423904D-01 -0.152837467887D-02  0.290405070492D-01  0.893792196837D-01
  0.249241549860D-01  0.753192333909D-02 -0.234158149866D-03 -0.199718280985D-01
  0.326764483624D-01 -0.205392534467D-01  0.784801492966D-02 -0.620187191673D-02
  0.598553974065D-02 -0.417687239946D-02  0.456186476678D-01  0.685706025907D-02
  0.316032287135D-02 -0.638902410298D-02  0.139979919983D-02 -0.439424256156D-02
  0.499123543963D-02 -0.168829722553D-02  0.186699679966D-02  0.466734471026D-02
 -0.289136550521D-02 -0.124758580260D-01  0.148401953930D+00  0.942525858535D-02
  0.434517547624D-02 -0.106233754799D-01  0.418617351479D-02 -0.105748722527D-01
 -0.291355421082D-01  0.389762252683D-02  0.300711735059D-01 -0.325738793857D-02
 -0.278791575607D-02  0.829939427647D-03 -0.304747146867D-02 -0.208940483667D-02
  0.906273945668D-02 -0.552607429941D-01 -0.442274601402D-02  0.703574149213D-04
 -0.330954945765D-01  0.371367686284D-03 -0.767590754979D-02  0.456218607381D-01
 -0.226392177760D-02 -0.193084906504D-01  0.431377568268D-01 -0.189144571744D-02
 -0.850454328722D-02  0.721238165564D-01  0.159670883818D-01  0.143304482931D-01
 -0.480075865775D-02 -0.242841485036D-01  0.262627474576D-01  0.346479992346D-01
 -0.433867017128D-03  0.535169742194D-01 -0.427578105181D-02 -0.298265557854D-04
  0.161919460601D-01 -0.473899512497D-01  0.508618264323D-03 -0.554790696789D-02
 -0.140360557855D-02 -0.508747642302D-02  0.213979291120D-02 -0.405549460694D-02
 -0.443139742901D-02  0.375554745916D-02  0.158322363337D-03 -0.441608623800D-02
  0.142729063765D-01  0.126935532732D+00
$end
