$hessian (projected)
 1  1   0.1476539658  -0.0301556708   0.0453551055  -0.0666913496   0.0033387954
 1  2  -0.0245136104   0.0071341825   0.0056648728  -0.0036739168  -0.0060706060
 1  3  -0.0020299357  -0.0031186446   0.0074846329  -0.0000228481   0.0043826693
 1  4  -0.0648199126   0.0045429769  -0.0045794199   0.0005623670  -0.0010879174
 1  5   0.0001280263   0.0010005391   0.0006948462  -0.0011851019   0.0000648515
 1  6   0.0001291739   0.0002768639   0.0011010242  -0.0002684229  -0.0000453955
 1  7   0.0009810294  -0.0002883340   0.0005966965   0.0000401008   0.0000012061
 1  8  -0.0000330183  -0.0000025420  -0.0000091633   0.0000039331  -0.0000067144
 1  9  -0.0000208483  -0.0000305201   0.0070398133   0.0008019132  -0.0007261153
 1 10  -0.0011865019  -0.0001420923   0.0000545576   0.0067708918   0.0008675774
 1 11  -0.0007083162   0.0044534675  -0.0023297506  -0.0017312687  -0.0455092393
 1 12   0.0203136215  -0.0104525245
 2  1  -0.0301556708   0.7397557490  -0.0229199233   0.0070282492  -0.1203729100
 2  2   0.0505632516   0.0022899967   0.0249417455   0.0358974327  -0.0020685136
 2  3  -0.0113857444  -0.0272385943   0.0040991277  -0.0570780125   0.0116962520
 2  4  -0.0012461421  -0.2829676484  -0.1360953056  -0.0028232182   0.0001192447
 2  5  -0.0336721745  -0.0015079665  -0.0007163340   0.0055260475  -0.0000857571
 2  6  -0.0004274456  -0.0028665559   0.0002310334  -0.0004233802   0.0013132890
 2  7   0.0025573363  -0.0003577290   0.0053611145  -0.0002299334  -0.0001767771
 2  8   0.0002758889   0.0000179981   0.0000439362  -0.0000173668   0.0000207214
 2  9  -0.0001772185   0.0003462390   0.0008302138  -0.0054695531   0.0027454490
 2 10  -0.0001363859   0.0002375023  -0.0007620704   0.0007704232  -0.0044151845
 2 11   0.0030101168   0.0002047036   0.0059492440   0.0032584028   0.0202037841
 2 12  -0.2870794843   0.1035785071
 3  1   0.0453551055  -0.0229199233   0.6603956207  -0.0224826034   0.0079385994
 3  2  -0.3205062230  -0.0056903294   0.0766383436  -0.0155872147  -0.0031237284
 3  3  -0.0270506266  -0.0573925977   0.0066643283  -0.0354086291   0.0651599834
 3  4  -0.0077945721  -0.0690455091  -0.1945422117  -0.0006639019  -0.0144351071
 3  5  -0.0171589875   0.0000003926   0.0017907699   0.0002150930   0.0001655360
 3  6   0.0012713888   0.0012922571   0.0001163822  -0.0018762090   0.0011349303
 3  7  -0.0003965620   0.0018528528   0.0001250332  -0.0001853873  -0.0002107955
 3  8   0.0000575158   0.0000057954   0.0000105729  -0.0000115643   0.0000368448
 3  9  -0.0001940824  -0.0003182267  -0.0006905356   0.0022308551   0.0003275065
 3 10   0.0000491601  -0.0008816662  -0.0011105683  -0.0007750802   0.0039191568
 3 11   0.0000472267  -0.0003556398  -0.0265779354  -0.0141703068  -0.0102352047
 3 12   0.1029479443  -0.1079572661
 4  1  -0.0666913496   0.0070282492  -0.0224826034   0.1468353435  -0.0276054346
 4  2   0.0450049145  -0.0637566217   0.0166091184  -0.0143271962   0.0088409178
 4  3   0.0046798275   0.0062569691  -0.0075340996   0.0034109353  -0.0050901952
 4  4   0.0084535129  -0.0077187083  -0.0028161859  -0.0310495671  -0.0022406178
 4  5  -0.0071663455  -0.0059367999  -0.0217492562  -0.0047924563  -0.0032389208
 4  6   0.0000156146  -0.0002185690   0.0000211191   0.0002764508   0.0003386163
 4  7  -0.0078756982   0.0243677076   0.0102468227   0.0001749370   0.0000119817
 4  8   0.0000593682  -0.0000172281   0.0000479369  -0.0000231631   0.0009349867
 4  9  -0.0000480160  -0.0002184017   0.0033323131   0.0024437133  -0.0013411731
 4 10   0.0068158752   0.0000723515  -0.0005242451  -0.0008256816   0.0000651444
 4 11  -0.0000616735   0.0077241179   0.0002334191  -0.0005152601   0.0037928434
 4 12   0.0000995825  -0.0023292226
 5  1   0.0033387954  -0.1203729100   0.0079385994  -0.0276054346   0.5695072192
 5  2  -0.0813578639   0.0207896810  -0.2976852404   0.1120438594   0.0004703891
 5  3  -0.0596885692  -0.0321221267   0.0034847596  -0.0214358274   0.0328199586
 5  4  -0.0036054606   0.0401840512  -0.0248169620   0.0009248989  -0.0765273921
 5  5  -0.0153021142  -0.0111274121  -0.0183644249  -0.0101778792  -0.0000822109
 5  6   0.0008348251  -0.0002458585  -0.0000667741  -0.0005508755  -0.0005590068
 5  7   0.0104776821  -0.0157037910  -0.0115449068  -0.0002091712  -0.0002673638
 5  8   0.0001509782   0.0000150732   0.0000308798  -0.0000263838   0.0000580132
 5  9  -0.0005606185  -0.0005619917   0.0002620086   0.0027772447   0.0025124165
 5 10   0.0001852848  -0.0034708307  -0.0035483511   0.0000598560   0.0000202910
 5 11   0.0010544199   0.0001961500  -0.0038087573  -0.0039177315   0.0024338717
 5 12   0.0050820895   0.0276609442
 6  1  -0.0245136104   0.0505632516  -0.3205062230   0.0450049145  -0.0813578639
 6  2   0.6206729843  -0.0119689203   0.0629708717  -0.1664445489   0.0038848715
 6  3   0.0166071423   0.0628090116  -0.0050232740   0.0311500884  -0.0480423306
 6  4  -0.0005086297  -0.0714652447  -0.0376155785  -0.0057182358  -0.0545694641
 6  5  -0.1275896320   0.0027895501   0.0135197010   0.0192649001   0.0002756541
 6  6  -0.0003705941  -0.0006020283   0.0000205026   0.0010060574   0.0003757540
 6  7   0.0006234056   0.0099175851   0.0190788980  -0.0000347254   0.0000186274
 6  8   0.0000234342   0.0000103422   0.0000021991  -0.0000068144  -0.0000433239
 6  9   0.0001834344   0.0005750642  -0.0025124291   0.0278179895  -0.0106237203
 6 10  -0.0004570210  -0.0048134195  -0.0009815548  -0.0000429076   0.0012000568
 6 11  -0.0008370629  -0.0005531667  -0.0038052824  -0.0007085717  -0.0012329967
 6 12   0.0014248641  -0.0088419809
 7  1   0.0071341825   0.0022899967  -0.0056903294  -0.0637566217   0.0207896810
 7  2  -0.0119689203   0.1426292953  -0.0252990236   0.0511355158  -0.0650392004
 7  3  -0.0018838631  -0.0079428253   0.0082356901  -0.0035411453  -0.0004008114
 7  4  -0.0069638972   0.0023016451   0.0007490356   0.0011357829   0.0006631855
 7  5   0.0007961821  -0.0005220641  -0.0017051843  -0.0004451423  -0.0000935408
 7  6   0.0001047802  -0.0001974710  -0.0000979050   0.0001407550   0.0001384883
 7  7   0.0001706270   0.0007846744   0.0004103810  -0.0000005200  -0.0000269011
 7  8   0.0000212521  -0.0000050550   0.0000094609  -0.0000006285   0.0000255591
 7  9  -0.0000309315  -0.0000192971  -0.0395611907   0.0026891851  -0.0259160838
 7 10   0.0031976995   0.0022426571   0.0014909175   0.0072770652   0.0003317677
 7 11  -0.0012030328  -0.0008895091   0.0000032963   0.0001510930   0.0071236023
 7 12   0.0001359638  -0.0011083236
 8  1   0.0056648728   0.0249417455   0.0766383436   0.0166091184  -0.2976852404
 8  2   0.0629708717  -0.0252990236   0.6698401643  -0.0004474617   0.0038929305
 8  3  -0.2692611937  -0.0674328772  -0.0078473061   0.0404061587  -0.0731729078
 8  4   0.0027256025  -0.0688645102  -0.0035325900   0.0014958988  -0.0189430899
 8  5   0.0057455334  -0.0012575540  -0.0017983128  -0.0008303837  -0.0000170109
 8  6   0.0002091062  -0.0003572661   0.0000114796   0.0000666365   0.0000837736
 8  7   0.0012580127  -0.0015796991  -0.0011590625  -0.0000495429  -0.0000860578
 8  8   0.0000635152   0.0000056230   0.0000106998  -0.0000025141  -0.0000073031
 8  9  -0.0000756932  -0.0001205802   0.0025955314  -0.0596862580   0.0175304861
 8 10  -0.0004240653  -0.0187072156  -0.0169310678   0.0004210815   0.0018722449
 8 11   0.0016977146  -0.0000173590  -0.0014869035  -0.0003926622   0.0002390137
 8 12   0.0008274183  -0.0003508648
 9  1  -0.0036739168   0.0358974327  -0.0155872147  -0.0143271962   0.1120438594
 9  2  -0.1664445489   0.0511355158  -0.0004474617   0.7293513135  -0.0047326071
 9  3  -0.1341015433  -0.1930042321  -0.0027784657  -0.0229169356  -0.0372813045
 9  4   0.0008689196  -0.0082527392  -0.0007582040   0.0012955460  -0.0037512139
 9  5   0.0133956391  -0.0043316928  -0.0062353677  -0.0003546510  -0.0001188826
 9  6   0.0015770293  -0.0026172223   0.0001901050   0.0014002568   0.0015997289
 9  7   0.0047910458  -0.0060077953  -0.0013831387  -0.0003030656  -0.0003995899
 9  8   0.0003050887   0.0000227180   0.0000489454  -0.0000147392   0.0000106544
 9  9  -0.0004874870  -0.0002808931  -0.0260136595   0.0186101891  -0.3274406037
 9 10   0.0000237646   0.0139789804   0.0111387215  -0.0011686798   0.0007517044
 9 11  -0.0057470297   0.0001469165  -0.0002231589   0.0006952538  -0.0010370195
 9 12  -0.0014851052  -0.0055719636
10  1  -0.0060706060  -0.0020685136  -0.0031237284   0.0088409178   0.0004703891
10  2   0.0038848715  -0.0650392004   0.0038929305  -0.0047326071   0.1396193416
10  3  -0.0301825053   0.0485396964  -0.0663518106   0.0018298587  -0.0265895777
10  4   0.0074488954   0.0062875588  -0.0038929823   0.0060954904   0.0003802230
10  5  -0.0007159366   0.0003385440   0.0023569132   0.0005220389   0.0003721708
10  6  -0.0000347343  -0.0000672709  -0.0000016567   0.0000259905   0.0000224170
10  7   0.0001991900  -0.0022051776  -0.0005379744   0.0000037808   0.0000099562
10  8  -0.0000173472  -0.0000002057  -0.0000063478   0.0000009355  -0.0000923462
10  9   0.0000146179   0.0000516829   0.0031896786  -0.0024382860  -0.0016028383
10 10  -0.0377250831   0.0208199758  -0.0112103591   0.0033244174   0.0002307728
10 11  -0.0000018879   0.0070125737   0.0007465428  -0.0006201139  -0.0011640917
10 12  -0.0001301649   0.0000909816
11  1  -0.0020299357  -0.0113857444  -0.0270506266   0.0046798275  -0.0596885692
11  2   0.0166071423  -0.0018838631  -0.2692611937  -0.1341015433  -0.0301825053
11  3   0.7224470174  -0.0268102413   0.0074320798  -0.1275506335   0.0514980329
11  4   0.0020777574   0.0240859085   0.0335299288   0.0007790236  -0.0009647462
11  5   0.0055163559  -0.0008673221  -0.0007852886  -0.0014166267   0.0000885606
11  6   0.0004707127   0.0003414130  -0.0000055939  -0.0003583626  -0.0001708537
11  7   0.0007464497  -0.0009764679  -0.0016198065  -0.0000742372  -0.0000727990
11  8   0.0000230805   0.0000034971   0.0000023628  -0.0000044716   0.0000041713
11  9  -0.0001251460  -0.0001252993   0.0002034589   0.0064237030   0.0042042066
11 10   0.0208092602  -0.2826836009   0.1053789784  -0.0024759746   0.0048309819
11 11  -0.0279722335   0.0008361961  -0.0049060943   0.0029220550  -0.0001408505
11 12   0.0004979602  -0.0007494909
12  1  -0.0031186446  -0.0272385943  -0.0573925977   0.0062569691  -0.0321221267
12  2   0.0628090116  -0.0079428253  -0.0674328772  -0.1930042321   0.0485396964
12  3  -0.0268102413   0.6840229026  -0.0234408617  -0.0139216175  -0.3452938450
12  4  -0.0062196375   0.0824652092  -0.0183706614  -0.0004547732   0.0006560538
12  5   0.0005585693   0.0008265588  -0.0003581276  -0.0004881687  -0.0001043540
12  6  -0.0001552064  -0.0006387856   0.0000460472   0.0003846305   0.0004108705
12  7  -0.0010308052   0.0000295713  -0.0002524275   0.0000221027   0.0000395176
12  8   0.0000075576  -0.0000012254   0.0000018573   0.0000010197   0.0000097153
12  9   0.0000518272   0.0001636687  -0.0001330793  -0.0262483819  -0.0129285773
12 10  -0.0112438734   0.1058287770  -0.1078687927  -0.0015074961   0.0035236643
12 11  -0.0122234028  -0.0005910119   0.0020051195   0.0012166186   0.0000874981
12 12  -0.0006990550  -0.0007287279
13  1   0.0074846329   0.0040991277   0.0066643283  -0.0075340996   0.0034847596
13  2  -0.0050232740   0.0082356901  -0.0078473061  -0.0027784657  -0.0663518106
13  3   0.0074320798  -0.0234408617   0.1416509271  -0.0243089437   0.0462458607
13  4  -0.0661838363   0.0150686809  -0.0139972040  -0.0005385061   0.0002257727
13  5  -0.0002218946  -0.0001505651  -0.0001587198   0.0001687100  -0.0000222684
13  6   0.0000010547   0.0000432702  -0.0000591053  -0.0000474251  -0.0000103424
13  7  -0.0001846431   0.0002597054   0.0001072947   0.0000278527   0.0000028694
13  8  -0.0000051731  -0.0000051138   0.0000010394   0.0000006981   0.0000150606
13  9  -0.0000151211  -0.0000152313   0.0070878330   0.0002891703  -0.0004076236
13 10   0.0028267357   0.0000009867  -0.0023414788  -0.0369275076  -0.0011569246
13 11  -0.0033707595   0.0028322564   0.0024922131  -0.0009391013   0.0077964674
13 12   0.0001769808  -0.0006787521
14  1  -0.0000228481  -0.0570780125  -0.0354086291   0.0034109353  -0.0214358274
14  2   0.0311500884  -0.0035411453   0.0404061587  -0.0229169356   0.0018298587
14  3  -0.1275506335  -0.0139216175  -0.0243089437   0.7116536357   0.0347638629
14  4   0.0206436976  -0.2966389083   0.1138520168   0.0002716317   0.0002653032
14  5   0.0026697422  -0.0003778609  -0.0015281113  -0.0005626936   0.0000078609
14  6   0.0007840348  -0.0010933458   0.0000869813   0.0001341837   0.0007473837
14  7   0.0003100748  -0.0013999558  -0.0007208068  -0.0001722022  -0.0001805021
14  8   0.0001591420   0.0000125867   0.0000218773  -0.0000076299   0.0000105412
14  9  -0.0001982874  -0.0000533383   0.0002142267  -0.0039962716  -0.0037411500
14 10   0.0026961975   0.0005219951   0.0300930578  -0.0011195768  -0.2442591367
14 11  -0.1292145159  -0.0001429532   0.0022208444  -0.0022109538   0.0001909378
14 12  -0.0017423864  -0.0035836776
15  1   0.0043826693   0.0116962520   0.0651599834  -0.0050901952   0.0328199586
15  2  -0.0480423306  -0.0004008114  -0.0731729078  -0.0372813045  -0.0265895777
15  3   0.0514980329  -0.3452938450   0.0462458607   0.0347638629   0.6973497781
15  4  -0.0107821580   0.0474145278  -0.1656738679  -0.0002256945   0.0030452133
15  5  -0.0015279615  -0.0000266628  -0.0001407552   0.0010811386   0.0000669378
15  6   0.0003953538   0.0001755767   0.0000374575  -0.0005052131   0.0000085439
15  7   0.0002549597  -0.0001243513   0.0010579964  -0.0001063637  -0.0001207920
15  8   0.0000738858   0.0000047327   0.0000080739  -0.0000024235   0.0000143766
15  9  -0.0000972235  -0.0001681963  -0.0004407939  -0.0028565674   0.0004325721
15 10  -0.0008465996  -0.0014153436  -0.0076686208  -0.0033268347  -0.1293924972
15 11  -0.1484020305  -0.0024644035   0.0291621427  -0.0093010331  -0.0007068993
15 12  -0.0029777669  -0.0019778614
16  1  -0.0648199126  -0.0012461421  -0.0077945721   0.0084535129  -0.0036054606
16  2  -0.0005086297  -0.0069638972   0.0027256025   0.0008689196   0.0074488954
16  3   0.0020777574  -0.0062196375  -0.0661838363   0.0206436976  -0.0107821580
16  4   0.1423296621  -0.0253511637   0.0504686454   0.0033434312   0.0001937163
16  5  -0.0010991903   0.0007006588   0.0014781710  -0.0001089987  -0.0001134006
16  6  -0.0000561461  -0.0001985478   0.0002183703   0.0002688960   0.0000818115
16  7   0.0010725387  -0.0014197241   0.0003607876   0.0000559390   0.0000107049
16  8  -0.0000208500  -0.0000051908   0.0000019519  -0.0000017372  -0.0000549714
16  9  -0.0000107006   0.0000452128  -0.0010278697  -0.0000060554   0.0001493847
16 10   0.0073510063   0.0002917203  -0.0011098931   0.0035127130  -0.0006600528
16 11   0.0000628422  -0.0403771613   0.0029359148  -0.0257525527   0.0050595123
16 12   0.0017273128   0.0015591632
17  1   0.0045429769  -0.2829676484  -0.0690455091  -0.0077187083   0.0401840512
17  2  -0.0714652447   0.0023016451  -0.0688645102  -0.0082527392   0.0062875588
17  3   0.0240859085   0.0824652092   0.0150686809  -0.2966389083   0.0474145278
17  4  -0.0253511637   0.6711927787  -0.0001737335   0.0000785041   0.0045407112
17  5   0.0020165261   0.0005779797   0.0009248292   0.0004276053   0.0002854084
17  6   0.0003597263   0.0024089252  -0.0000466805  -0.0021358015  -0.0009807523
17  7  -0.0004239014   0.0006902417   0.0005757566  -0.0000893278  -0.0000883792
17  8  -0.0000352960   0.0000019885  -0.0000096087  -0.0000024519   0.0000109343
17  9  -0.0000942932  -0.0004160393   0.0000224660  -0.0013816967   0.0001028906
17 10   0.0001779661   0.0021508992  -0.0007887618   0.0020337215  -0.0178251178
17 11   0.0118112538   0.0029559516  -0.0597606440   0.0228198468  -0.0007160000
17 12  -0.0143625381  -0.0188820136
18  1  -0.0045794199  -0.1360953056  -0.1945422117  -0.0028161859  -0.0248169620
18  2  -0.0376155785   0.0007490356  -0.0035325900  -0.0007582040  -0.0038929823
18  3   0.0335299288  -0.0183706614  -0.0139972040   0.1138520168  -0.1656738679
18  4   0.0504686454  -0.0001737335   0.7337502392  -0.0011373925   0.0024998277
18  5  -0.0080637116  -0.0007891151   0.0001589922   0.0025186478  -0.0002517978
18  6  -0.0010352285  -0.0013788075  -0.0000197421   0.0019287410   0.0003666745
18  7   0.0010555392   0.0005155618   0.0024347520   0.0001653711   0.0002048044
18  8  -0.0000842711  -0.0000046045  -0.0000082757   0.0000082738  -0.0000096830
18  9   0.0002260294   0.0003760702   0.0001661913  -0.0001974732   0.0007501143
18 10  -0.0011590293   0.0004166330  -0.0058384611   0.0015565018  -0.0196167560
18 11   0.0108682090  -0.0256325748   0.0223242579  -0.3311761567   0.0001284467
18 12   0.0098195314   0.0124289508
19  1   0.0005623670  -0.0028232182  -0.0006639019  -0.0310495671   0.0009248989
19  2  -0.0057182358   0.0011357829   0.0014958988   0.0012955460   0.0060954904
19  3   0.0007790236  -0.0004547732  -0.0005385061   0.0002716317  -0.0002256945
19  4   0.0033434312   0.0000785041  -0.0011373925   0.5083587739  -0.0134013050
19  5   0.0001639278  -0.2193506966  -0.1230962325   0.0975776039   0.0271294470
19  6   0.0004850259  -0.0007111232  -0.0037594772  -0.0013980999  -0.0013748091
19  7  -0.2807207141   0.1373718231  -0.0911058887  -0.0021416103  -0.0007283325
19  8   0.0001899992   0.0001768764  -0.0004435574   0.0002285749  -0.0047414525
19  9   0.0005916472   0.0018289439  -0.0032003423   0.0000262355   0.0003843419
19 10   0.0003622082   0.0000920328   0.0000258032  -0.0008106249  -0.0000339788
19 11   0.0000617266   0.0000163784  -0.0001788645  -0.0001335004  -0.0008677642
19 12  -0.0000131328  -0.0002311483
20  1  -0.0010879174   0.0001192447  -0.0144351071  -0.0022406178  -0.0765273921
20  2  -0.0545694641   0.0006631855  -0.0189430899  -0.0037512139   0.0003802230
20  3  -0.0009647462   0.0006560538   0.0002257727   0.0002653032   0.0030452133
20  4   0.0001937163   0.0045407112   0.0024998277  -0.0134013050   0.3974634522
20  5  -0.1083442103  -0.1099912814  -0.1476945489   0.0878421620  -0.0003428272
20  6  -0.0274752370   0.0290210618  -0.0016825804  -0.0069973716  -0.0106296004
20  7   0.1249870784  -0.1372680013   0.0673395846   0.0035556220   0.0030573977
20  8  -0.0025759924  -0.0002675348  -0.0004038369   0.0002029058  -0.0006440601
20  9   0.0049388614   0.0016863821  -0.0003672773   0.0013301145  -0.0017608512
20 10  -0.0000500986   0.0011919078  -0.0001681142  -0.0000341686   0.0001659867
20 11   0.0002975232   0.0000727072   0.0007692663   0.0013430711   0.0000313636
20 12   0.0024319781   0.0023007681
21  1   0.0001280263  -0.0336721745  -0.0171589875  -0.0071663455  -0.0153021142
21  2  -0.1275896320   0.0007961821   0.0057455334   0.0133956391  -0.0007159366
21  3   0.0055163559   0.0005585693  -0.0002218946   0.0026697422  -0.0015279615
21  4  -0.0010991903   0.0020165261  -0.0080637116   0.0001639278  -0.1083442103
21  5   0.3745876682   0.0814034365   0.0730957126  -0.1242487193  -0.0010008170
21  6   0.0184682482  -0.0031275225   0.0006980492  -0.0012721770   0.0007850909
21  7  -0.0725057775   0.0517291715  -0.1023118492  -0.0010873753  -0.0010888793
21  8   0.0003664743  -0.0000454393   0.0000988534  -0.0000693452   0.0005316841
21  9  -0.0024089663  -0.0043781589   0.0000727094   0.0035311403  -0.0000336575
21 10  -0.0000385027   0.0013512928   0.0005734407   0.0000545138   0.0000349571
21 11  -0.0000627724  -0.0000089093  -0.0017684631  -0.0010034438   0.0000416589
21 12  -0.0004005487  -0.0006911211
22  1   0.0010005391  -0.0015079665   0.0000003926  -0.0059367999  -0.0111274121
22  2   0.0027895501  -0.0005220641  -0.0012575540  -0.0043316928   0.0003385440
22  3  -0.0008673221   0.0008265588  -0.0001505651  -0.0003778609  -0.0000266628
22  4   0.0007006588   0.0005779797  -0.0007891151  -0.2193506966  -0.1099912814
22  5   0.0814034365   0.2777847534   0.1249968966  -0.0853412335  -0.0256881310
22  6   0.0148878432  -0.0097456430   0.0012957150   0.0003635027  -0.0011187360
22  7  -0.0340029155  -0.0161530811   0.0142784722   0.0039398965   0.0001936958
22  8  -0.0000640106  -0.0000390475   0.0002693560  -0.0001653097   0.0018209474
22  9   0.0006029585   0.0022288785  -0.0002324839   0.0004216811   0.0006729041
22 10   0.0000603831  -0.0005955387  -0.0002489631  -0.0000928168  -0.0000948523
22 11  -0.0000980747  -0.0001314080  -0.0003072154  -0.0003613290  -0.0007945089
22 12  -0.0000338292   0.0000905775
23  1   0.0006948462  -0.0007163340   0.0017907699  -0.0217492562  -0.0183644249
23  2   0.0135197010  -0.0017051843  -0.0017983128  -0.0062353677   0.0023569132
23  3  -0.0007852886  -0.0003581276  -0.0001587198  -0.0015281113  -0.0001407552
23  4   0.0014781710   0.0009248292   0.0001589922  -0.1230962325  -0.1476945489
23  5   0.0730957126   0.1249968966   0.1689458917  -0.0746987670   0.0081622125
23  6  -0.0215785777  -0.0004171799   0.0023920964   0.0110357899   0.0128762571
23  7   0.0092536631   0.0244934986  -0.0132824609  -0.0036494802  -0.0031832967
23  8   0.0027152372   0.0001895151   0.0006322849  -0.0002600512   0.0031375668
23  9  -0.0072976434  -0.0080705829  -0.0012273435   0.0003450194   0.0003248764
23 10   0.0002604360  -0.0008680789  -0.0002896272  -0.0003294289  -0.0001724069
23 11  -0.0001976640  -0.0002559980  -0.0002844282  -0.0005171809  -0.0007506736
23 12  -0.0021058614  -0.0000137819
24  1  -0.0011851019   0.0055260475   0.0002150930  -0.0047924563  -0.0101778792
24  2   0.0192649001  -0.0004451423  -0.0008303837  -0.0003546510   0.0005220389
24  3  -0.0014166267  -0.0004881687   0.0001687100  -0.0005626936   0.0010811386
24  4  -0.0001089987   0.0004276053   0.0025186478   0.0975776039   0.0878421620
24  5  -0.1242487193  -0.0853412335  -0.0746987670   0.0870918874  -0.0018799970
24  6   0.0020692919  -0.0138101851  -0.0044938715  -0.0008921899  -0.0065974585
24  7  -0.0038223585  -0.0119840611   0.0252621573   0.0018556849   0.0021190632
24  8  -0.0009540339  -0.0000427450  -0.0002408430   0.0000400914   0.0005920409
24  9   0.0020778230   0.0099839104   0.0000563817  -0.0012195126  -0.0002794609
24 10   0.0001160910   0.0000867885  -0.0000624721   0.0000759494   0.0000003355
24 11   0.0001428280   0.0000385849   0.0005956500   0.0005461644   0.0011088190
24 12   0.0012781900   0.0006483309
25  1   0.0000648515  -0.0000857571   0.0001655360  -0.0032389208  -0.0000822109
25  2   0.0002756541  -0.0000935408  -0.0000170109  -0.0001188826   0.0003721708
25  3   0.0000885606  -0.0001043540  -0.0000222684   0.0000078609   0.0000669378
25  4  -0.0001134006   0.0002854084  -0.0002517978   0.0271294470  -0.0003428272
25  5  -0.0010008170  -0.0256881310   0.0081622125  -0.0018799970   0.1233964750
25  6   0.0747842742   0.0041796384  -0.0226579815  -0.0144246435  -0.0155726572
25  7  -0.0172975901   0.0044033919  -0.0044144191  -0.0574447845  -0.0504632277
25  8   0.0238378597  -0.0031868145  -0.0064847209   0.0037171431  -0.0221712270
25  9  -0.0144241777  -0.0089726801  -0.0001835053   0.0000255625  -0.0000437935
25 10   0.0000593450   0.0000411282  -0.0000363975   0.0000277245   0.0000882487
25 11   0.0000006144   0.0000497117  -0.0000690181  -0.0000006996   0.0009984391
25 12  -0.0014930537   0.0001531118
26  1   0.0001291739  -0.0004274456   0.0012713888   0.0000156146   0.0008348251
26  2  -0.0003705941   0.0001047802   0.0002091062   0.0015770293  -0.0000347343
26  3   0.0004707127  -0.0001552064   0.0000010547   0.0007840348   0.0003953538
26  4  -0.0000561461   0.0003597263  -0.0010352285   0.0004850259  -0.0274752370
26  5   0.0184682482   0.0148878432  -0.0215785777   0.0020692919   0.0747842742
26  6   0.3736246509   0.2698041350  -0.0246038118  -0.1072039401  -0.1465467139
26  7  -0.0078038168  -0.0088975043  -0.0033445662  -0.0430088904  -0.0609347810
26  8   0.0130839326  -0.0109269347  -0.0087102148   0.0049051348  -0.0039552795
26  9  -0.1372399261  -0.1590617608  -0.0000034798  -0.0001950970  -0.0003810828
26 10  -0.0000244664   0.0005865021  -0.0000437219  -0.0000025561   0.0004970143
26 11   0.0001469057   0.0000632078  -0.0000001783   0.0003951389  -0.0000508586
26 12  -0.0047036705  -0.0011776843
27  1   0.0002768639  -0.0028665559   0.0012922571  -0.0002185690  -0.0002458585
27  2  -0.0006020283  -0.0001974710  -0.0003572661  -0.0026172223  -0.0000672709
27  3   0.0003414130  -0.0006387856   0.0000432702  -0.0010933458   0.0001755767
27  4  -0.0001985478   0.0024089252  -0.0013788075  -0.0007111232   0.0290210618
27  5  -0.0031275225  -0.0097456430  -0.0004171799  -0.0138101851   0.0041796384
27  6   0.2698041350   0.6577498317  -0.0332862682  -0.1378464358  -0.3018440813
27  7   0.0066865916  -0.0060076201  -0.0112297883   0.0316340739   0.0257522915
27  8  -0.0415048743  -0.0054862205  -0.0073594591   0.0023264751   0.0068845735
27  9  -0.1619772273  -0.2855227855  -0.0000428229   0.0006807598  -0.0001069885
27 10  -0.0000101100  -0.0002439802  -0.0002063579  -0.0000283161   0.0002336341
27 11  -0.0001270567  -0.0000405132  -0.0007338335  -0.0005584015   0.0003278645
27 12  -0.0090934581   0.0017307446
28  1   0.0011010242   0.0002310334   0.0001163822   0.0000211191  -0.0000667741
28  2   0.0000205026  -0.0000979050   0.0000114796   0.0001901050  -0.0000016567
28  3  -0.0000055939   0.0000460472  -0.0000591053   0.0000869813   0.0000374575
28  4   0.0002183703  -0.0000466805  -0.0000197421  -0.0037594772  -0.0016825804
28  5   0.0006980492   0.0012957150   0.0023920964  -0.0044938715  -0.0226579815
28  6  -0.0246038118  -0.0332862682   0.0193179041   0.0234578838   0.0343825844
28  7   0.0029944925   0.0004554152   0.0025362104  -0.0020620098  -0.0027694416
28  8  -0.0020781439   0.0008524546  -0.0007925893  -0.0005755825   0.0049359361
28  9   0.0028189783   0.0025951510   0.0000093352  -0.0000392071   0.0000038554
28 10   0.0000155526   0.0000244215   0.0000126691  -0.0000462698   0.0000012393
28 11   0.0000095599  -0.0000873086   0.0000624836   0.0000614947  -0.0019901897
28 12   0.0004646661  -0.0002564605
29  1  -0.0002684229  -0.0004233802  -0.0018762090   0.0002764508  -0.0005508755
29  2   0.0010060574   0.0001407550   0.0000666365   0.0014002568   0.0000259905
29  3  -0.0003583626   0.0003846305  -0.0000474251   0.0001341837  -0.0005052131
29  4   0.0002688960  -0.0021358015   0.0019287410  -0.0013980999  -0.0069973716
29  5  -0.0012721770   0.0003635027   0.0110357899  -0.0008921899  -0.0144246435
29  6  -0.1072039401  -0.1378464358   0.0234578838   0.1005044926   0.1445637676
29  7   0.0005882700   0.0079189660   0.0009002688  -0.0067769561  -0.0081533693
29  8   0.0030471967  -0.0003822542   0.0009200103  -0.0009486906  -0.0016708725
29  9   0.0022470335  -0.0099378929   0.0000448267  -0.0004154252   0.0001598798
29 10   0.0000066844  -0.0000328097   0.0001314312   0.0000183255  -0.0004109857
29 11   0.0000617451  -0.0000247797   0.0003679942   0.0000556880  -0.0001981317
29 12   0.0034872149  -0.0003608549
30  1  -0.0000453955   0.0013132890   0.0011349303   0.0003386163  -0.0005590068
30  2   0.0003757540   0.0001384883   0.0000837736   0.0015997289   0.0000224170
30  3  -0.0001708537   0.0004108705  -0.0000103424   0.0007473837   0.0000085439
30  4   0.0000818115  -0.0009807523   0.0003666745  -0.0013748091  -0.0106296004
30  5   0.0007850909  -0.0011187360   0.0128762571  -0.0065974585  -0.0155726572
30  6  -0.1465467139  -0.3018440813   0.0343825844   0.1445637676   0.2998191255
30  7   0.0010184440   0.0099312319  -0.0049812917  -0.0137618067  -0.0124966951
30  8   0.0155543163   0.0011802228   0.0012858655   0.0010402145  -0.0048785367
30  9  -0.0051314450  -0.0050671195   0.0000268622  -0.0004158863   0.0000649796
30 10   0.0000003249   0.0001464844   0.0001317972   0.0000100640  -0.0000950080
30 11   0.0000486099   0.0000016276   0.0005651908   0.0003907636  -0.0004391794
30 12   0.0055127177  -0.0032414486
31  1   0.0009810294   0.0025573363  -0.0003965620  -0.0078756982   0.0104776821
31  2   0.0006234056   0.0001706270   0.0012580127   0.0047910458   0.0001991900
31  3   0.0007464497  -0.0010308052  -0.0001846431   0.0003100748   0.0002549597
31  4   0.0010725387  -0.0004239014   0.0010555392  -0.2807207141   0.1249870784
31  5  -0.0725057775  -0.0340029155   0.0092536631  -0.0038223585  -0.0172975901
31  6  -0.0078038168   0.0066865916   0.0029944925   0.0005882700   0.0010184440
31  7   0.3336584061  -0.1417208005   0.0656343221   0.0002733440  -0.0002577540
31  8   0.0000247583  -0.0002554400   0.0001567041  -0.0000191039   0.0025753616
31  9  -0.0007699728  -0.0028151861  -0.0003833385  -0.0006514714  -0.0007049464
31 10   0.0000327456   0.0006779226   0.0002573603  -0.0001118913   0.0000900463
31 11   0.0001516112  -0.0001004372   0.0004073987   0.0005010282  -0.0010250671
31 12   0.0001170781   0.0002956737
32  1  -0.0002883340  -0.0003577290   0.0018528528   0.0243677076  -0.0157037910
32  2   0.0099175851   0.0007846744  -0.0015796991  -0.0060077953  -0.0022051776
32  3  -0.0009764679   0.0000295713   0.0002597054  -0.0013999558  -0.0001243513
32  4  -0.0014197241   0.0006902417   0.0005155618   0.1373718231  -0.1372680013
32  5   0.0517291715  -0.0161530811   0.0244934986  -0.0119840611   0.0044033919
32  6  -0.0088975043  -0.0060076201   0.0004554152   0.0079189660   0.0099312319
32  7  -0.1417208005   0.1465106112  -0.0480134111  -0.0057621389  -0.0049436462
32  8   0.0033715404   0.0001718465  -0.0000368243   0.0001355866  -0.0024609056
32  9  -0.0058288546  -0.0042534245   0.0011512283   0.0003683607   0.0000788088
32 10  -0.0002246149  -0.0008147985  -0.0002295330   0.0002924305  -0.0001252366
32 11  -0.0002267384   0.0001857198  -0.0002058842  -0.0004773604   0.0007908340
32 12  -0.0018432853  -0.0002376150
33  1   0.0005966965   0.0053611145   0.0001250332   0.0102468227  -0.0115449068
33  2   0.0190788980   0.0004103810  -0.0011590625  -0.0013831387  -0.0005379744
33  3  -0.0016198065  -0.0002524275   0.0001072947  -0.0007208068   0.0010579964
33  4   0.0003607876   0.0005757566   0.0024347520  -0.0911058887   0.0673395846
33  5  -0.1023118492   0.0142784722  -0.0132824609   0.0252621573  -0.0044144191
33  6  -0.0033445662  -0.0112297883   0.0025362104   0.0009002688  -0.0049812917
33  7   0.0656343221  -0.0480134111   0.0642532195   0.0032780969   0.0032469939
33  8  -0.0008749474   0.0000896531   0.0002598435  -0.0002233772  -0.0004947166
33  9   0.0016841266   0.0077433645   0.0001067948  -0.0011252987  -0.0001869936
33 10  -0.0001457842  -0.0000588000  -0.0000864927  -0.0000334609  -0.0000325500
33 11   0.0001250107   0.0000368640   0.0005343876   0.0004614400  -0.0009501520
33 12   0.0009995932   0.0009884346
34  1   0.0000401008  -0.0002299334  -0.0001853873   0.0001749370  -0.0002091712
34  2  -0.0000347254  -0.0000005200  -0.0000495429  -0.0003030656   0.0000037808
34  3  -0.0000742372   0.0000221027   0.0000278527  -0.0001722022  -0.0001063637
34  4   0.0000559390  -0.0000893278   0.0001653711  -0.0021416103   0.0035556220
34  5  -0.0010873753   0.0039398965  -0.0036494802   0.0018556849  -0.0574447845
34  6  -0.0430088904   0.0316340739  -0.0020620098  -0.0067769561  -0.0137618067
34  7   0.0002733440  -0.0057621389   0.0032780969   0.1162437035   0.1649057040
34  8   0.0742050294  -0.0601317892  -0.1146351246  -0.1096302665   0.0012657236
34  9   0.0054986382   0.0139618889  -0.0000115230   0.0000504426   0.0000792243
34 10  -0.0000119265  -0.0001203803   0.0000123306  -0.0000149746  -0.0001038422
34 11  -0.0000309739  -0.0000506278  -0.0000030710  -0.0000888701  -0.0001555121
34 12   0.0008738918   0.0000150318
35  1   0.0000012061  -0.0001767771  -0.0002107955   0.0000119817  -0.0002673638
35  2   0.0000186274  -0.0000269011  -0.0000860578  -0.0003995899   0.0000099562
35  3  -0.0000727990   0.0000395176   0.0000028694  -0.0001805021  -0.0001207920
35  4   0.0000107049  -0.0000883792   0.0002048044  -0.0007283325   0.0030573977
35  5  -0.0010888793   0.0001936958  -0.0031832967   0.0021190632  -0.0504632277
35  6  -0.0609347810   0.0257522915  -0.0027694416  -0.0081533693  -0.0124966951
35  7  -0.0002577540  -0.0049436462   0.0032469939   0.1649057040   0.3236062024
35  8   0.2122175722  -0.1116888640  -0.2651936576  -0.2425906063   0.0008099312
35  9   0.0159876971   0.0133008407  -0.0000004556   0.0000664626   0.0000872868
35 10   0.0000048429  -0.0001497883   0.0000137911   0.0000015347  -0.0001249672
35 11  -0.0000449100  -0.0000146765  -0.0000019557  -0.0001055477  -0.0000027741
35 12   0.0008395812   0.0000570267
36  1  -0.0000330183   0.0002758889   0.0000575158   0.0000593682   0.0001509782
36  2   0.0000234342   0.0000212521   0.0000635152   0.0003050887  -0.0000173472
36  3   0.0000230805   0.0000075576  -0.0000051731   0.0001591420   0.0000738858
36  4  -0.0000208500  -0.0000352960  -0.0000842711   0.0001899992  -0.0025759924
36  5   0.0003664743  -0.0000640106   0.0027152372  -0.0009540339   0.0238378597
36  6   0.0130839326  -0.0415048743  -0.0020781439   0.0030471967   0.0155543163
36  7   0.0000247583   0.0033715404  -0.0008749474   0.0742050294   0.2122175722
36  8   0.2664900614  -0.1032833605  -0.2347753244  -0.2329710232   0.0070676450
36  9   0.0024437023  -0.0065323761   0.0000063888  -0.0000653010  -0.0000413785
36 10   0.0000003324   0.0000879802  -0.0000005432   0.0000041640   0.0000663621
36 11   0.0000271459   0.0000245368   0.0000390032   0.0000923904   0.0000605696
36 12  -0.0002932180  -0.0000344228
37  1  -0.0000025420   0.0000179981   0.0000057954  -0.0000172281   0.0000150732
37  2   0.0000103422  -0.0000050550   0.0000056230   0.0000227180  -0.0000002057
37  3   0.0000034971  -0.0000012254  -0.0000051138   0.0000125867   0.0000047327
37  4  -0.0000051908   0.0000019885  -0.0000046045   0.0001768764  -0.0002675348
37  5  -0.0000454393  -0.0000390475   0.0001895151  -0.0000427450  -0.0031868145
37  6  -0.0109269347  -0.0054862205   0.0008524546  -0.0003822542   0.0011802228
37  7  -0.0002554400   0.0001718465   0.0000896531  -0.0601317892  -0.1116888640
37  8  -0.1032833605   0.0620221169   0.1182922973   0.1073118561   0.0005696318
37  9   0.0045838968   0.0002292503   0.0000031517  -0.0000049041  -0.0000058449
37 10   0.0000029076   0.0000094658  -0.0000009503   0.0000030192   0.0000058120
37 11   0.0000028643   0.0000052707  -0.0000007380   0.0000048811   0.0000129977
37 12  -0.0000383704   0.0000080743
38  1  -0.0000091633   0.0000439362   0.0000105729   0.0000479369   0.0000308798
38  2   0.0000021991   0.0000094609   0.0000106998   0.0000489454  -0.0000063478
38  3   0.0000023628   0.0000018573   0.0000010394   0.0000218773   0.0000080739
38  4   0.0000019519  -0.0000096087  -0.0000082757  -0.0004435574  -0.0004038369
38  5   0.0000988534   0.0002693560   0.0006322849  -0.0002408430  -0.0064847209
38  6  -0.0087102148  -0.0073594591  -0.0007925893   0.0009200103   0.0012858655
38  7   0.0001567041  -0.0000368243   0.0002598435  -0.1146351246  -0.2651936576
38  8  -0.2347753244   0.1182922973   0.2709851823   0.2404238926   0.0035960501
38  9   0.0017055233   0.0002448216   0.0000003612  -0.0000111228  -0.0000058333
38 10  -0.0000025713   0.0000145010   0.0000000764  -0.0000002662   0.0000098174
38 11   0.0000053314   0.0000001769   0.0000054860   0.0000135470  -0.0000009939
38 12  -0.0000172960  -0.0000141448
39  1   0.0000039331  -0.0000173668  -0.0000115643  -0.0000231631  -0.0000263838
39  2  -0.0000068144  -0.0000006285  -0.0000025141  -0.0000147392   0.0000009355
39  3  -0.0000044716   0.0000010197   0.0000006981  -0.0000076299  -0.0000024235
39  4  -0.0000017372  -0.0000024519   0.0000082738   0.0002285749   0.0002029058
39  5  -0.0000693452  -0.0001653097  -0.0002600512   0.0000400914   0.0037171431
39  6   0.0049051348   0.0023264751  -0.0005755825  -0.0009486906   0.0010402145
39  7  -0.0000191039   0.0001355866  -0.0002233772  -0.1096302665  -0.2425906063
39  8  -0.2329710232   0.1073118561   0.2404238926   0.2333352450  -0.0008431075
39  9  -0.0018397155  -0.0034479472  -0.0000000054   0.0000032249   0.0000035298
39 10   0.0000007575  -0.0000068235   0.0000006709  -0.0000003270  -0.0000061877
39 11  -0.0000024065  -0.0000000762   0.0000007542  -0.0000053691  -0.0000045909
39 12   0.0000413940  -0.0000005104
40  1  -0.0000067144   0.0000207214   0.0000368448   0.0009349867   0.0000580132
40  2  -0.0000433239   0.0000255591  -0.0000073031   0.0000106544  -0.0000923462
40  3   0.0000041713   0.0000097153   0.0000150606   0.0000105412   0.0000143766
40  4  -0.0000549714   0.0000109343  -0.0000096830  -0.0047414525  -0.0006440601
40  5   0.0005316841   0.0018209474   0.0031375668   0.0005920409  -0.0221712270
40  6  -0.0039552795   0.0068845735   0.0049359361  -0.0016708725  -0.0048785367
40  7   0.0025753616  -0.0024609056  -0.0004947166   0.0012657236   0.0008099312
40  8   0.0070676450   0.0005696318   0.0035960501  -0.0008431075   0.0149119657
40  9   0.0011943168  -0.0088784076   0.0000224051   0.0000018558  -0.0000102777
40 10  -0.0000154214   0.0000089017  -0.0000007119  -0.0000002398   0.0000105365
40 11   0.0000027336  -0.0000009661  -0.0000039283   0.0000054089   0.0000057611
40 12  -0.0001211913   0.0000030880
41  1  -0.0000208483  -0.0001772185  -0.0001940824  -0.0000480160  -0.0005606185
41  2   0.0001834344  -0.0000309315  -0.0000756932  -0.0004874870   0.0000146179
41  3  -0.0001251460   0.0000518272  -0.0000151211  -0.0001982874  -0.0000972235
41  4  -0.0000107006  -0.0000942932   0.0002260294   0.0005916472   0.0049388614
41  5  -0.0024089663   0.0006029585  -0.0072976434   0.0020778230  -0.0144241777
41  6  -0.1372399261  -0.1619772273   0.0028189783   0.0022470335  -0.0051314450
41  7  -0.0007699728  -0.0058288546   0.0016841266   0.0054986382   0.0159876971
41  8   0.0024437023   0.0045838968   0.0017055233  -0.0018397155   0.0011943168
41  9   0.1259667794   0.1654736486   0.0000053739   0.0000510954   0.0001172604
41 10   0.0000119946  -0.0001737209   0.0000135847   0.0000014436  -0.0001276193
41 11  -0.0000468065  -0.0000047704   0.0000161158  -0.0000951120   0.0000006727
41 12   0.0009859150   0.0000066286
42  1  -0.0000305201   0.0003462390  -0.0003182267  -0.0002184017  -0.0005619917
42  2   0.0005750642  -0.0000192971  -0.0001205802  -0.0002808931   0.0000516829
42  3  -0.0001252993   0.0001636687  -0.0000152313  -0.0000533383  -0.0001681963
42  4   0.0000452128  -0.0004160393   0.0003760702   0.0018289439   0.0016863821
42  5  -0.0043781589   0.0022288785  -0.0080705829   0.0099839104  -0.0089726801
42  6  -0.1590617608  -0.2855227855   0.0025951510  -0.0099378929  -0.0050671195
42  7  -0.0028151861  -0.0042534245   0.0077433645   0.0139618889   0.0133008407
42  8  -0.0065323761   0.0002292503   0.0002448216  -0.0034479472  -0.0088784076
42  9   0.1654736486   0.2869264996  -0.0000027053  -0.0000385755   0.0001296169
42 10   0.0000176012  -0.0001466789   0.0000307791   0.0000080413  -0.0001427272
42 11  -0.0000286482   0.0000037220   0.0001053888  -0.0000154871  -0.0000179433
42 12   0.0017715704  -0.0001691349
43  1   0.0070398133   0.0008302138  -0.0006905356   0.0033323131   0.0002620086
43  2  -0.0025124291  -0.0395611907   0.0025955314  -0.0260136595   0.0031896786
43  3   0.0002034589  -0.0001330793   0.0070878330   0.0002142267  -0.0004407939
43  4  -0.0010278697   0.0000224660   0.0001661913  -0.0032003423  -0.0003672773
43  5   0.0000727094  -0.0002324839  -0.0012273435   0.0000563817  -0.0001835053
43  6  -0.0000034798  -0.0000428229   0.0000093352   0.0000448267   0.0000268622
43  7  -0.0003833385   0.0011512283   0.0001067948  -0.0000115230  -0.0000004556
43  8   0.0000063888   0.0000031517   0.0000003612  -0.0000000054   0.0000224051
43  9   0.0000053739  -0.0000027053   0.0285712140  -0.0033825925   0.0290749512
43 10  -0.0039088713  -0.0002589448   0.0003819097   0.0003093311   0.0000328822
43 11  -0.0000233243  -0.0011708558  -0.0000616983   0.0000856869   0.0001149053
43 12  -0.0000607858  -0.0001185206
44  1   0.0008019132  -0.0054695531   0.0022308551   0.0024437133   0.0027772447
44  2   0.0278179895   0.0026891851  -0.0596862580   0.0186101891  -0.0024382860
44  3   0.0064237030  -0.0262483819   0.0002891703  -0.0039962716  -0.0028565674
44  4  -0.0000060554  -0.0013816967  -0.0001974732   0.0000262355   0.0013301145
44  5   0.0035311403   0.0004216811   0.0003450194  -0.0012195126   0.0000255625
44  6  -0.0001950970   0.0006807598  -0.0000392071  -0.0004154252  -0.0004158863
44  7  -0.0006514714   0.0003683607  -0.0011252987   0.0000504426   0.0000664626
44  8  -0.0000653010  -0.0000049041  -0.0000111228   0.0000032249   0.0000018558
44  9   0.0000510954  -0.0000385755  -0.0033825925   0.0580771975  -0.0215343722
44 10  -0.0001696850   0.0010685112   0.0007628446  -0.0001057853   0.0001068037
44 11  -0.0013464838  -0.0000580108   0.0001145567   0.0000223155   0.0001062382
44 12   0.0004263550   0.0013885340
45  1  -0.0007261153   0.0027454490   0.0003275065  -0.0013411731   0.0025124165
45  2  -0.0106237203  -0.0259160838   0.0175304861  -0.3274406037  -0.0016028383
45  3   0.0042042066  -0.0129285773  -0.0004076236  -0.0037411500   0.0004325721
45  4   0.0001493847   0.0001028906   0.0007501143   0.0003843419  -0.0017608512
45  5  -0.0000336575   0.0006729041   0.0003248764  -0.0002794609  -0.0000437935
45  6  -0.0003810828  -0.0001069885   0.0000038554   0.0001598798   0.0000649796
45  7  -0.0007049464   0.0000788088  -0.0001869936   0.0000792243   0.0000872868
45  8  -0.0000413785  -0.0000058449  -0.0000058333   0.0000035298  -0.0000102777
45  9   0.0001172604   0.0001296169   0.0290749512  -0.0215343722   0.3503746440
45 10   0.0004330225  -0.0002130059   0.0008884783  -0.0000987719   0.0002435255
45 11  -0.0007105434   0.0000937307  -0.0000038579  -0.0001143351  -0.0000339462
45 12  -0.0004669331  -0.0005051827
46  1  -0.0011865019  -0.0001363859   0.0000491601   0.0068158752   0.0001852848
46  2  -0.0004570210   0.0031976995  -0.0004240653   0.0000237646  -0.0377250831
46  3   0.0208092602  -0.0112438734   0.0028267357   0.0026961975  -0.0008465996
46  4   0.0073510063   0.0001779661  -0.0011590293   0.0003622082  -0.0000500986
46  5  -0.0000385027   0.0000603831   0.0002604360   0.0001160910   0.0000593450
46  6  -0.0000244664  -0.0000101100   0.0000155526   0.0000066844   0.0000003249
46  7   0.0000327456  -0.0002246149  -0.0001457842  -0.0000119265   0.0000048429
46  8   0.0000003324   0.0000029076  -0.0000025713   0.0000007575  -0.0000154214
46  9   0.0000119946   0.0000176012  -0.0039088713  -0.0001696850   0.0004330225
46 10   0.0271431351  -0.0229280768   0.0127922468  -0.0041480202  -0.0002938229
46 11   0.0004258557   0.0003256536   0.0001511043  -0.0000675803  -0.0011974231
46 12  -0.0000499837   0.0001093439
47  1  -0.0001420923   0.0002375023  -0.0008816662   0.0000723515  -0.0034708307
47  2  -0.0048134195   0.0022426571  -0.0187072156   0.0139789804   0.0208199758
47  3  -0.2826836009   0.1058287770   0.0000009867   0.0005219951  -0.0014153436
47  4   0.0002917203   0.0021508992   0.0004166330   0.0000920328   0.0011919078
47  5   0.0013512928  -0.0005955387  -0.0008680789   0.0000867885   0.0000411282
47  6   0.0005865021  -0.0002439802   0.0000244215  -0.0000328097   0.0001464844
47  7   0.0006779226  -0.0008147985  -0.0000588000  -0.0001203803  -0.0001497883
47  8   0.0000879802   0.0000094658   0.0000145010  -0.0000068235   0.0000089017
47  9  -0.0001737209  -0.0001466789  -0.0002589448   0.0010685112  -0.0002130059
47 10  -0.0229280768   0.3004302893  -0.1145757254  -0.0001993491   0.0008464039
47 11   0.0005488336   0.0000103622  -0.0001222793  -0.0001588657  -0.0000475441
47 12  -0.0000253890   0.0000685390
48  1   0.0000545576  -0.0007620704  -0.0011105683  -0.0005242451  -0.0035483511
48  2  -0.0009815548   0.0014909175  -0.0169310678   0.0111387215  -0.0112103591
48  3   0.1053789784  -0.1078687927  -0.0023414788   0.0300930578  -0.0076686208
48  4  -0.0011098931  -0.0007887618  -0.0058384611   0.0000258032  -0.0001681142
48  5   0.0005734407  -0.0002489631  -0.0002896272  -0.0000624721  -0.0000363975
48  6  -0.0000437219  -0.0002063579   0.0000126691   0.0001314312   0.0001317972
48  7   0.0002573603  -0.0002295330  -0.0000864927   0.0000123306   0.0000137911
48  8  -0.0000005432  -0.0000009503   0.0000000764   0.0000006709  -0.0000007119
48  9   0.0000135847   0.0000307791   0.0003819097   0.0007628446   0.0008884783
48 10   0.0127922468  -0.1145757254   0.1104177507   0.0004778586  -0.0005586344
48 11   0.0010965845  -0.0001484206   0.0014872329  -0.0005553693   0.0001157659
48 12   0.0000146101   0.0001010100
49  1   0.0067708918   0.0007704232  -0.0007750802  -0.0008256816   0.0000598560
49  2  -0.0000429076   0.0072770652   0.0004210815  -0.0011686798   0.0033244174
49  3  -0.0024759746  -0.0015074961  -0.0369275076  -0.0011195768  -0.0033268347
49  4   0.0035127130   0.0020337215   0.0015565018  -0.0008106249  -0.0000341686
49  5   0.0000545138  -0.0000928168  -0.0003294289   0.0000759494   0.0000277245
49  6  -0.0000025561  -0.0000283161  -0.0000462698   0.0000183255   0.0000100640
49  7  -0.0001118913   0.0002924305  -0.0000334609  -0.0000149746   0.0000015347
49  8   0.0000041640   0.0000030192  -0.0000002662  -0.0000003270  -0.0000002398
49  9   0.0000014436   0.0000080413   0.0003093311  -0.0001057853  -0.0000987719
49 10  -0.0041480202  -0.0001993491   0.0004778586   0.0255944904   0.0008846654
49 11   0.0043412293  -0.0038341667  -0.0002876403   0.0003685224  -0.0000074594
49 12   0.0000712641   0.0000850298
50  1   0.0008675774  -0.0044151845   0.0039191568   0.0000651444   0.0000202910
50  2   0.0012000568   0.0003317677   0.0018722449   0.0007517044   0.0002307728
50  3   0.0048309819   0.0035236643  -0.0011569246  -0.2442591367  -0.1293924972
50  4  -0.0006600528  -0.0178251178  -0.0196167560  -0.0000339788   0.0001659867
50  5   0.0000349571  -0.0000948523  -0.0001724069   0.0000003355   0.0000882487
50  6   0.0004970143   0.0002336341   0.0000012393  -0.0004109857  -0.0000950080
50  7   0.0000900463  -0.0001252366  -0.0000325500  -0.0001038422  -0.0001249672
50  8   0.0000663621   0.0000058120   0.0000098174  -0.0000061877   0.0000105365
50  9  -0.0001276193  -0.0001427272   0.0000328822   0.0001068037   0.0002435255
50 10  -0.0002938229   0.0008464039  -0.0005586344   0.0008846654   0.2585307245
50 11   0.1405615255  -0.0001960456   0.0010679507   0.0004633556  -0.0000691735
50 12  -0.0004875643  -0.0011539172
51  1  -0.0007083162   0.0030101168   0.0000472267  -0.0000616735   0.0010544199
51  2  -0.0008370629  -0.0012030328   0.0016977146  -0.0057470297  -0.0000018879
51  3  -0.0279722335  -0.0122234028  -0.0033707595  -0.1292145159  -0.1484020305
51  4   0.0000628422   0.0118112538   0.0108682090   0.0000617266   0.0002975232
51  5  -0.0000627724  -0.0000980747  -0.0001976640   0.0001428280   0.0000006144
51  6   0.0001469057  -0.0001270567   0.0000095599   0.0000617451   0.0000486099
51  7   0.0001516112  -0.0002267384   0.0001250107  -0.0000309739  -0.0000449100
51  8   0.0000271459   0.0000028643   0.0000053314  -0.0000024065   0.0000027336
51  9  -0.0000468065  -0.0000286482  -0.0000233243  -0.0013464838  -0.0007105434
51 10   0.0004258557   0.0005488336   0.0010965845   0.0043412293   0.1405615255
51 11   0.1545469907   0.0004296538  -0.0006351646   0.0008223168   0.0000093519
51 12   0.0004891470   0.0004160311
52  1   0.0044534675   0.0002047036  -0.0003556398   0.0077241179   0.0001961500
52  2  -0.0005531667  -0.0008895091  -0.0000173590   0.0001469165   0.0070125737
52  3   0.0008361961  -0.0005910119   0.0028322564  -0.0001429532  -0.0024644035
52  4  -0.0403771613   0.0029559516  -0.0256325748   0.0000163784   0.0000727072
52  5  -0.0000089093  -0.0001314080  -0.0002559980   0.0000385849   0.0000497117
52  6   0.0000632078  -0.0000405132  -0.0000873086  -0.0000247797   0.0000016276
52  7  -0.0001004372   0.0001857198   0.0000368640  -0.0000506278  -0.0000146765
52  8   0.0000245368   0.0000052707   0.0000001769  -0.0000000762  -0.0000009661
52  9  -0.0000047704   0.0000037220  -0.0011708558  -0.0000580108   0.0000937307
52 10   0.0003256536   0.0000103622  -0.0001484206  -0.0038341667  -0.0001960456
52 11   0.0004296538   0.0285020748  -0.0035847596   0.0286121861  -0.0042790641
52 12  -0.0002258225   0.0004068936
53  1  -0.0023297506   0.0059492440  -0.0265779354   0.0002334191  -0.0038087573
53  2  -0.0038052824   0.0000032963  -0.0014869035  -0.0002231589   0.0007465428
53  3  -0.0049060943   0.0020051195   0.0024922131   0.0022208444   0.0291621427
53  4   0.0029359148  -0.0597606440   0.0223242579  -0.0001788645   0.0007692663
53  5  -0.0017684631  -0.0003072154  -0.0002844282   0.0005956500  -0.0000690181
53  6  -0.0000001783  -0.0007338335   0.0000624836   0.0003679942   0.0005651908
53  7   0.0004073987  -0.0002058842   0.0005343876  -0.0000030710  -0.0000019557
53  8   0.0000390032  -0.0000007380   0.0000054860   0.0000007542  -0.0000039283
53  9   0.0000161158   0.0001053888  -0.0000616983   0.0001145567  -0.0000038579
53 10   0.0001511043  -0.0001222793   0.0014872329  -0.0002876403   0.0010679507
53 11  -0.0006351646  -0.0035847596   0.0589482473  -0.0236557520  -0.0002056886
53 12   0.0011174193   0.0005843201
54  1  -0.0017312687   0.0032584028  -0.0141703068  -0.0005152601  -0.0039177315
54  2  -0.0007085717   0.0001510930  -0.0003926622   0.0006952538  -0.0006201139
54  3   0.0029220550   0.0012166186  -0.0009391013  -0.0022109538  -0.0093010331
54  4  -0.0257525527   0.0228198468  -0.3311761567  -0.0001335004   0.0013430711
54  5  -0.0010034438  -0.0003613290  -0.0005171809   0.0005461644  -0.0000006996
54  6   0.0003951389  -0.0005584015   0.0000614947   0.0000556880   0.0003907636
54  7   0.0005010282  -0.0004773604   0.0004614400  -0.0000888701  -0.0001055477
54  8   0.0000923904   0.0000048811   0.0000135470  -0.0000053691   0.0000054089
54  9  -0.0000951120  -0.0000154871   0.0000856869   0.0000223155  -0.0001143351
54 10  -0.0000675803  -0.0001588657  -0.0005553693   0.0003685224   0.0004633556
54 11   0.0008223168   0.0286121861  -0.0236557520   0.3526227778   0.0004199749
54 12   0.0002377457   0.0007607487
55  1  -0.0455092393   0.0202037841  -0.0102352047   0.0037928434   0.0024338717
55  2  -0.0012329967   0.0071236023   0.0002390137  -0.0010370195  -0.0011640917
55  3  -0.0001408505   0.0000874981   0.0077964674   0.0001909378  -0.0007068993
55  4   0.0050595123  -0.0007160000   0.0001284467  -0.0008677642   0.0000313636
55  5   0.0000416589  -0.0007945089  -0.0007506736   0.0011088190   0.0009984391
55  6  -0.0000508586   0.0003278645  -0.0019901897  -0.0001981317  -0.0004391794
55  7  -0.0010250671   0.0007908340  -0.0009501520  -0.0001555121  -0.0000027741
55  8   0.0000605696   0.0000129977  -0.0000009939  -0.0000045909   0.0000057611
55  9   0.0000006727  -0.0000179433   0.0001149053   0.0001062382  -0.0000339462
55 10  -0.0011974231  -0.0000475441   0.0001157659  -0.0000074594  -0.0000691735
55 11   0.0000093519  -0.0042790641  -0.0002056886   0.0004199749   0.0320857910
55 12  -0.0218140271   0.0123579827
56  1   0.0203136215  -0.2870794843   0.1029479443   0.0000995825   0.0050820895
56  2   0.0014248641   0.0001359638   0.0008274183  -0.0014851052  -0.0001301649
56  3   0.0004979602  -0.0006990550   0.0001769808  -0.0017423864  -0.0029777669
56  4   0.0017273128  -0.0143625381   0.0098195314  -0.0000131328   0.0024319781
56  5  -0.0004005487  -0.0000338292  -0.0021058614   0.0012781900  -0.0014930537
56  6  -0.0047036705  -0.0090934581   0.0004646661   0.0034872149   0.0055127177
56  7   0.0001170781  -0.0018432853   0.0009995932   0.0008738918   0.0008395812
56  8  -0.0002932180  -0.0000383704  -0.0000172960   0.0000413940  -0.0001211913
56  9   0.0009859150   0.0017715704  -0.0000607858   0.0004263550  -0.0004669331
56 10  -0.0000499837  -0.0000253890   0.0000146101   0.0000712641  -0.0004875643
56 11   0.0004891470  -0.0002258225   0.0011174193   0.0002377457  -0.0218140271
56 12   0.2966715438  -0.1091212228
57  1  -0.0104525245   0.1035785071  -0.1079572661  -0.0023292226   0.0276609442
57  2  -0.0088419809  -0.0011083236  -0.0003508648  -0.0055719636   0.0000909816
57  3  -0.0007494909  -0.0007287279  -0.0006787521  -0.0035836776  -0.0019778614
57  4   0.0015591632  -0.0188820136   0.0124289508  -0.0002311483   0.0023007681
57  5  -0.0006911211   0.0000905775  -0.0000137819   0.0006483309   0.0001531118
57  6  -0.0011776843   0.0017307446  -0.0002564605  -0.0003608549  -0.0032414486
57  7   0.0002956737  -0.0002376150   0.0009884346   0.0000150318   0.0000570267
57  8  -0.0000344228   0.0000080743  -0.0000141448  -0.0000005104   0.0000030880
57  9   0.0000066286  -0.0001691349  -0.0001185206   0.0013885340  -0.0005051827
57 10   0.0001093439   0.0000685390   0.0001010100   0.0000850298  -0.0011539172
57 11   0.0004160311   0.0004068936   0.0005843201   0.0007607487   0.0123579827
57 12  -0.1091212228   0.1126453699
$end
