$optinfo internal
 gdiistep   off
 trostep    on
 calchess   off
 iteration   4
 ndiis       3
 itrvec      0
 tradius    2.604166666667E-02
 actrad     2.604166666667E-02
 energyo   -1.483189310094E+03
 predengy  -3.319120126559E-04
 trnvec
  0.000000000000D+00  0.000000000000D+00  0.000000000000D+00
  0.000000000000D+00  0.000000000000D+00  0.000000000000D+00
  0.000000000000D+00  0.000000000000D+00  0.000000000000D+00
  0.000000000000D+00  0.000000000000D+00  0.000000000000D+00
  0.000000000000D+00  0.000000000000D+00  0.000000000000D+00
  0.000000000000D+00  0.000000000000D+00  0.000000000000D+00
  0.000000000000D+00  0.000000000000D+00  0.000000000000D+00
  0.000000000000D+00  0.000000000000D+00  0.000000000000D+00
  0.000000000000D+00  0.000000000000D+00  0.000000000000D+00
  0.000000000000D+00  0.000000000000D+00  0.000000000000D+00
  0.000000000000D+00  0.000000000000D+00  0.000000000000D+00
  0.000000000000D+00  0.000000000000D+00  0.000000000000D+00
  0.000000000000D+00  0.000000000000D+00  0.000000000000D+00
  0.000000000000D+00  0.000000000000D+00  0.000000000000D+00
  0.000000000000D+00  0.000000000000D+00  0.000000000000D+00
  0.000000000000D+00  0.000000000000D+00  0.000000000000D+00
  0.000000000000D+00  0.000000000000D+00  0.000000000000D+00
 displ
 -0.322157398042D-02 -0.487042519419D-02  0.624296805859D-02
  0.907521207972D-03 -0.738214333102D-02 -0.889284723212D-02
  0.139450478686D-02 -0.462246199468D-02 -0.298400721765D-02
  0.404450963560D-02 -0.114610800907D-02  0.143750177020D-03
  0.925366468465D-04 -0.249707662069D-03 -0.207744769827D-02
 -0.629536010045D-03 -0.988763677701D-03  0.484745567953D-02
  0.405859037188D-05  0.288691506509D-02  0.463554055424D-02
 -0.511308084044D-03  0.120695370023D-02 -0.260882151512D-03
 -0.873627308489D-03 -0.156349561554D-02  0.362945642847D-02
  0.382820482634D-02 -0.429133296973D-02 -0.111931545942D-03
 -0.361207408485D-02 -0.944723772254D-03 -0.122998749712D-01
 -0.990960922201D-03 -0.373929248461D-02  0.209416219189D-02
 -0.158373971434D-02 -0.440589951648D-02 -0.556061150606D-02
 -0.136336585267D-02 -0.784579603810D-03  0.140972646049D-04
  0.141283653067D-02 -0.179808527288D-02 -0.810703711641D-03
  0.434671640302D-03 -0.125721730877D-02 -0.118861852227D-02
  0.730754680432D-02 -0.283350526860D-02  0.250985681089D-03
 dxyz
 -0.292474538082D-01 -0.222002440598D-02  0.436510084739D-02
 -0.224167734961D-01 -0.259694103093D-02  0.393832558247D-02
 -0.241702516148D-02 -0.368675673476D-02 -0.249624018511D-02
  0.205491622569D-01  0.710074717176D-03 -0.597881468992D-02
  0.218581190133D-01  0.253397413331D-02 -0.604408417196D-02
 -0.777962300466D-02 -0.101480474712D-03 -0.617477856090D-03
 -0.183241613030D-01 -0.942860076790D-02  0.158119987883D-01
 -0.237461647960D-01 -0.248370836004D-02  0.602328154890D-02
  0.958257391584D-02  0.157869981687D-01 -0.449738081215D-02
 -0.167946938664D-01  0.311998897419D-01 -0.123724228162D-01
 -0.281089022474D-01 -0.129642572282D-01  0.498088452919D-01
  0.367837624152D-01 -0.136405182788D-01 -0.167600134649D-01
  0.541017070714D-01 -0.203981351825D-01 -0.188297216754D-01
 -0.117009903305D-01  0.203123633254D-01 -0.433813955259D-02
 -0.895007687615D-02 -0.603277462521D-02 -0.159401142746D-02
  0.277261607764D-01  0.119022583938D-02 -0.641126298190D-02
  0.560512795619D-01  0.517942815790D-02 -0.888148581936D-02
 -0.135151768487D-01 -0.158513653582D-02 -0.312105335341D-03
 -0.436517232724D-01 -0.177462045901D-02  0.918560872942D-02
 grado
  0.176183531366D-02  0.347103974452D-02 -0.282660030127D-02
 -0.833490764010D-03  0.217338321318D-02  0.503716993237D-02
 -0.509749331880D-03  0.500149968826D-02  0.173740797774D-02
 -0.147906874702D-02  0.548551748668D-03  0.161928680214D-04
 -0.591146771348D-04  0.292387076042D-05  0.107323994894D-02
  0.281941169388D-03  0.455966084306D-03 -0.237012074007D-02
 -0.210430720255D-04 -0.107877935452D-02 -0.204976497866D-02
  0.266873217804D-03 -0.424692326888D-03  0.152995089849D-03
  0.469844390163D-03  0.602114196467D-03 -0.966859377475D-03
  0.164447125763D-03  0.188871029913D-02  0.234110171148D-03
  0.611711054843D-03  0.580376083331D-03  0.796633675276D-02
  0.797452645680D-03  0.284492441177D-02 -0.185872396584D-03
  0.821314093608D-03  0.194023252332D-02  0.346512625049D-02
  0.896284572778D-03  0.466632730771D-03 -0.160366408862D-03
 -0.885056610873D-03  0.855396757292D-03  0.573885659393D-03
 -0.312450845042D-03  0.868129023152D-03  0.624934538047D-03
 -0.320036344724D-02  0.202527588191D-02 -0.114671765022D-04
$end
