$vibrational normal modes
 1  1  -0.0222586819   0.0756416410   0.2024877508   0.1320989082   0.1926366453
 1  2   0.0148218957   0.2524793174   0.1257037036   0.0137933313  -0.0193234811
 1  3   0.0238130566  -0.0730925153  -0.1770634329   0.0113803119  -0.0637389218
 1  4  -0.1401926506   0.0585304689   0.0233158779   0.2634154151  -0.0863593215
 1  5   0.1941077755  -0.0030263837  -0.0000283215  -0.0041892390   0.0205983262
 1  6  -0.0127907913  -0.0005615846  -0.0190137580  -0.0228978715   0.1037020583
 1  7   0.0756176384  -0.0010732031  -0.0015281585   0.0433415949  -0.0604895444
 1  8   0.0226978523  -0.0439503544  -0.0230407813   0.0904303428  -0.1244866864
 1  9  -0.0011077689   0.0036249299   0.0074411447  -0.0002208584  -0.0032959635
 1 10  -0.0031779071   0.0113222874  -0.0063708140   0.0109647826   0.0145307668
 1 11   0.0164653639  -0.0065727055  -0.0017751621  -0.0010489015  -0.0008545380
 1 12   0.0003702045  -0.0000012409
 2  1  -0.0362499009   0.0606759360   0.0535404146   0.0291518064  -0.0662310605
 2  2  -0.1560403909  -0.0019895923   0.0893472431  -0.1334534941   0.1357951748
 2  3  -0.1652554926  -0.0630189484  -0.0115725148  -0.0056152519   0.0562243247
 2  4  -0.0686746072   0.0424740003   0.0447806792  -0.0457734022  -0.1767393335
 2  5   0.0092328731   0.0091011416   0.0025344038   0.0689663624   0.0045474231
 2  6   0.0539180312   0.0064050127   0.3169973984   0.0742217787   0.0046132477
 2  7   0.0036369402  -0.0054437639   0.0089445488   0.0019823791  -0.0025112726
 2  8  -0.1145518579  -0.0066319094   0.3377959713  -0.1260796292  -0.0165839354
 2  9   0.0089332188  -0.1048233625  -0.0425163463   0.0102599912  -0.0359618172
 2 10   0.0143069178   0.1169895776   0.1052590657   0.0143325256  -0.0990333819
 2 11   0.1769068000   0.0759447725   0.0209771832   0.0125452507   0.0119222188
 2 12  -0.0060796906   0.0000119951
 3  1   0.2213997375  -0.0168947174  -0.0261728963   0.0594813267   0.0154729234
 3  2   0.0093619855  -0.0220179842  -0.0049834125  -0.0184612635   0.0379424644
 3  3  -0.1450665040   0.1612229311  -0.1241301253   0.0399430509   0.2112109973
 3  4   0.0011598562   0.0942492400  -0.0189240226   0.0050055014   0.0799755355
 3  5  -0.0162920114   0.0075335591   0.0015243389   0.0624361735   0.0017488065
 3  6  -0.1074088683  -0.0043889584  -0.0419707148  -0.2664593312  -0.0067032448
 3  7  -0.0060972433   0.0133889979  -0.0103107280  -0.0035826263   0.0047124724
 3  8   0.0755273823   0.0062344056  -0.1740050499   0.0564479763   0.0132384597
 3  9   0.0708072439  -0.0246502834   0.0712374373   0.0013150498  -0.0647344594
 3 10  -0.0325491035   0.1944869251  -0.0160718472   0.1346908107   0.1144219771
 3 11   0.2899251700  -0.0348502017  -0.0091108690  -0.0053157084  -0.0033843221
 3 12   0.0009713265  -0.0000008503
 4  1   0.0097018782   0.1334664077   0.2300771357   0.0860992016   0.0210942058
 4  2   0.1462767771   0.0549130716   0.0164782329   0.0799320834   0.1136647099
 4  3   0.0565240840  -0.1032617731  -0.2343627116   0.0160292871  -0.0618471453
 4  4  -0.1301059945   0.0564524374   0.0108726186   0.0557664303   0.0112526749
 4  5   0.0201950986   0.0041183810  -0.0009005913   0.0718277757  -0.3560083602
 4  6  -0.0160588257  -0.0007428564  -0.0123162785  -0.0067212243  -0.1263132739
 4  7  -0.1652023100   0.0025871130   0.0008516266   0.0052878835   0.0576366000
 4  8   0.0032415160   0.0051689427   0.0017619757  -0.0045620697   0.0183320129
 4  9   0.0021186032  -0.0049099343  -0.0029398641   0.0000676100  -0.0016252476
 4 10   0.0178225931  -0.0134209836   0.0163247691  -0.0001449084  -0.0292952337
 4 11  -0.0117216372   0.0002492752   0.0001356014  -0.0000437061   0.0001867310
 4 12   0.0000185768   0.0000010221
 5  1   0.0151963741   0.0498939215   0.0220468695   0.1101782121  -0.0566595004
 5  2  -0.1287437462  -0.0077108859   0.0445425195  -0.0594394106   0.0727804644
 5  3  -0.0781714266  -0.1832115558   0.0847348102  -0.0365291498  -0.0860798595
 5  4  -0.0562744721  -0.0301841144   0.0437273426  -0.0398604750  -0.0988803013
 5  5   0.0010755703  -0.0197057634  -0.0055377439  -0.1729218995  -0.0278922172
 5  6   0.1358670658   0.0026359224   0.0654257817  -0.2468010289  -0.0041482101
 5  7  -0.0075318309   0.0023468599  -0.0015869904   0.0003508150   0.0026804435
 5  8   0.0251320862   0.0014194738  -0.0644658240   0.0224735230   0.0007377171
 5  9   0.0791744090   0.0224073927  -0.2894001534   0.0029680846  -0.0010121763
 5 10  -0.0938992244   0.0972716947  -0.0821054361  -0.0992740771   0.2381150650
 5 11  -0.0634810320  -0.0004031267  -0.0016220021   0.0011863802  -0.0014047808
 5 12  -0.0004388878   0.0000028498
 6  1   0.2232927000  -0.0231310169  -0.0315993585   0.0711815219   0.0318885069
 6  2   0.0000039451  -0.0045710176   0.0010947513  -0.0183041099   0.0206767178
 6  3  -0.1378166417   0.1501460113  -0.1068956885   0.0362638483   0.1891545397
 6  4   0.0035262847   0.0824516643  -0.0201394224   0.0262242277   0.0862943320
 6  5  -0.0011354373  -0.0021963513  -0.0008311300  -0.0209194069   0.0296849943
 6  6  -0.0427691695  -0.0034746053  -0.1186521179  -0.1768643292   0.0123262158
 6  7   0.0143480693  -0.0044147112   0.0074170405  -0.0005744374  -0.0047446875
 6  8  -0.0015018933   0.0000471094  -0.0354022411   0.0202292206  -0.0006934073
 6  9   0.0561520018  -0.0428515989  -0.1998251010   0.0029415848  -0.0171554918
 6 10   0.1568436916  -0.1011876845   0.1440203599  -0.0559096593  -0.2081555318
 6 11  -0.1708240990   0.0026614043   0.0006467434   0.0001106540   0.0013671786
 6 12  -0.0000072201  -0.0000001731
 7  1   0.0235871330   0.2403941754   0.2694707131   0.0877456692  -0.0257996797
 7  2   0.2351535366  -0.2069470918  -0.0631374335   0.0682951024   0.0992402101
 7  3   0.0458534527  -0.0738235397  -0.1641222349   0.0415491855  -0.0587567058
 7  4  -0.1387750514   0.0516194889   0.0274491666   0.2100915786  -0.0702631405
 7  5  -0.2186370363   0.0018967780   0.0005204606   0.0195481634  -0.0257301609
 7  6  -0.0226171015  -0.0007755342  -0.0217834541   0.0236861229   0.0969963418
 7  7   0.0844831416  -0.0022066482   0.0015514797  -0.0746074985  -0.1131954083
 7  8  -0.0235685874   0.0742837833   0.0387222657  -0.0201737564   0.0187195561
 7  9  -0.0029369576   0.0050971575  -0.0078556098  -0.0016833532   0.0029564817
 7 10  -0.0017722959   0.0098673173  -0.0064817519  -0.0091566107   0.0205211461
 7 11   0.0021456676   0.0009441646  -0.0048954231   0.0048590344  -0.0028611714
 7 12  -0.0015043931   0.0000009837
 8  1   0.0373814558   0.0491204435   0.0097685571   0.1461261893  -0.0512539711
 8  2  -0.1154535249  -0.0185836531   0.0227807135  -0.0278211874   0.0412558406
 8  3  -0.0539292705  -0.2481609599   0.1337286528  -0.0548512111  -0.1306225153
 8  4  -0.0760311003  -0.0485775432   0.0742772546  -0.0712729885  -0.2204079883
 8  5  -0.0105086053  -0.0111208904  -0.0035215204  -0.1290424563  -0.0097224585
 8  6   0.1257737554   0.0013742025  -0.0835545379  -0.1777169695   0.0060067280
 8  7   0.0043065259   0.0046404476   0.0008266048  -0.0034461658  -0.0055123835
 8  8   0.0175164053   0.0041809154  -0.0339795718   0.0067983041  -0.0009165722
 8  9   0.0759277308   0.0635047742   0.0281444737   0.0118469768  -0.0436823734
 8 10  -0.0067043598  -0.2461633780  -0.0495504694   0.1189589769  -0.3191180217
 8 11   0.1832818776  -0.0010153144   0.0046047176  -0.0039296220   0.0005086491
 8 12  -0.0005906930   0.0000015218
 9  1   0.2672116339  -0.0445481471  -0.0646221942   0.1462069321   0.0518977715
 9  2   0.0113996927   0.0211145837  -0.0294559616   0.0494704139  -0.0427315516
 9  3  -0.0753394930   0.0200543377  -0.0205645933  -0.0019024244   0.0935248889
 9  4  -0.0210626963   0.0434076227   0.0221886318  -0.0385372909  -0.0604537257
 9  5   0.0187282532   0.0189980546   0.0045251864   0.1453313072   0.0112258619
 9  6  -0.1714611857  -0.0072134388  -0.3000038094   0.1380932769  -0.0094198389
 9  7  -0.0077259869  -0.0172749049   0.0178006965   0.0061652613   0.0105132766
 9  8  -0.0920277588  -0.0104824607   0.3755087427  -0.1656619722  -0.0144436581
 9  9  -0.0023800693   0.0939173991  -0.0765842771  -0.0132171647   0.0102212930
 9 10  -0.0249643011  -0.0204260880  -0.1023197049  -0.0409395234   0.0621882783
 9 11   0.1257294895   0.0103036398  -0.0541272438   0.0540849798  -0.0328290548
 9 12  -0.0177346523   0.0000095459
10  1   0.0054296577   0.2913191910   0.2818642105   0.1360311935   0.0999555708
10  2   0.1930026868  -0.2797331567  -0.0321148635  -0.0206180690  -0.0691941613
10  3  -0.0152969468   0.0295890894   0.0591162185   0.0291214323   0.0040040214
10  4  -0.0091080733  -0.0052917861   0.0153325328   0.0907379701  -0.0477941753
10  5   0.1828596273  -0.0016089219   0.0006906755  -0.0172419912   0.1578522970
10  6  -0.0000813024   0.0005042206   0.0213415298   0.0183969508  -0.1662850388
10  7   0.0102387128   0.0024853134  -0.0009590342  -0.0744604756   0.0387926195
10  8   0.0259255128  -0.1104687059  -0.0146473124  -0.0047501912  -0.0024061161
10  9   0.0213884054   0.0029718321  -0.0050988278  -0.0033501389   0.0024211319
10 10  -0.0072735755   0.0098126485  -0.0001361794   0.0105454153  -0.0165741404
10 11  -0.0181042547  -0.0007532070   0.0038069415   0.0004451682  -0.0042568906
10 12  -0.0037756932  -0.0000002805
11  1   0.0079840112   0.0592576640   0.0291008474   0.1008591857  -0.0554123371
11  2  -0.1294929976  -0.0242224915   0.0477574769  -0.0744791247   0.0749000551
11  3  -0.1062115711  -0.1648662700   0.0814186419  -0.0333171471  -0.0419460027
11  4  -0.0684466025  -0.0080441939   0.0603338494  -0.0654501473  -0.1932341949
11  5   0.0085286971  -0.0022851704  -0.0017142432  -0.0698954959   0.0027354732
11  6   0.0269312324  -0.0043282890  -0.3473110566  -0.1826903865  -0.0063927916
11  7   0.0006697166  -0.0075904905   0.0132501008  -0.0034998663   0.0020389821
11  8  -0.0596120678  -0.0070350004   0.0702685341  -0.0108619385   0.0044373646
11  9  -0.1841745542  -0.0758588372   0.1254594781  -0.0167067349   0.0122371595
11 10  -0.0141509896   0.0715037261   0.1304014994   0.0251368829   0.1310738728
11 11  -0.1515284509   0.0083918212  -0.0423067117  -0.0083720270   0.0500803518
11 12   0.0410503563  -0.0000030232
12  1   0.3102686508  -0.0601670937  -0.0929450871   0.2111903931   0.0557718713
12  2   0.0325408980   0.0304754593  -0.0665289367   0.1195516815  -0.0894756763
12  3   0.0030279885  -0.1130626393   0.0588431422  -0.0379635724  -0.0469594425
12  4  -0.0398746187  -0.0198677535   0.0542609253  -0.0626845462  -0.1580300680
12  5  -0.0161910858   0.0124079556   0.0032522094   0.0916359703  -0.0085798906
12  6  -0.0180869760   0.0014071576   0.0574436912   0.1709586876   0.0129392432
12  7  -0.0010910734   0.0048487273  -0.0048819934   0.0064388411  -0.0036463844
12  8   0.0232664907   0.0102489502  -0.0442871514   0.0129986452  -0.0032911214
12  9   0.1485242281  -0.0064918071   0.0116754899  -0.0484581814   0.0347350583
12 10  -0.0918326571   0.1539282974   0.0700081668   0.1365272179  -0.1203213441
12 11  -0.2942928030  -0.0041171756   0.0209225227   0.0005247216  -0.0218820124
12 12  -0.0212346479   0.0000010132
13  1  -0.0264725800   0.2344303209   0.2546033722   0.1821665262   0.2714654631
13  2   0.0621101331  -0.0814571826   0.0845760315  -0.0978809127  -0.2249053419
13  3  -0.0674440114   0.0998594224   0.1953968028  -0.0222509528   0.0591131111
13  4   0.1166855324  -0.0443950464  -0.0221042260  -0.2153100487   0.0801617762
13  5   0.0281993128   0.0032011846  -0.0005569096   0.0390797100  -0.2095606821
13  6   0.0015113324   0.0002029739   0.0140124990   0.0070991450   0.0883948080
13  7   0.1196222799  -0.0005362301  -0.0001661454   0.0209251662   0.0970397261
13  8  -0.0065772381   0.0915346624   0.0095625550   0.0361635810  -0.0292581161
13  9  -0.0029326452  -0.0072854087  -0.0006529852   0.0061203027   0.0007806911
13 10   0.0008727541  -0.0233453440   0.0134521790   0.0003343297   0.0336477173
13 11   0.0151709961  -0.0001373523   0.0002811881   0.0005687807   0.0003496126
13 12   0.0005874379  -0.0000001398
14  1  -0.0433700252   0.0700909796   0.0605616643   0.0199964056  -0.0649434474
14  2  -0.1567130188  -0.0185176320   0.0934570530  -0.1500023989   0.1376929127
14  3  -0.1911783239  -0.0286837930  -0.0181561456   0.0005642529   0.1044994315
14  4  -0.0613499331   0.0614233702   0.0413255765  -0.0690318942  -0.1758846244
14  5   0.0012910267   0.0231423006   0.0054212740   0.1607121338  -0.0005588689
14  6  -0.1095283666  -0.0028586298  -0.0787415522   0.2509526695   0.0022409709
14  7   0.0052411914   0.0109861727  -0.0193612160   0.0009622586   0.0043417496
14  8   0.1054717387   0.0084495746  -0.3118845071   0.1272241374   0.0122713001
14  9  -0.1200511165   0.0465083327  -0.0450203872  -0.0336254265   0.0043219547
14 10   0.0019697557   0.1376029406  -0.0764207568  -0.0878987566  -0.2412531326
14 11   0.0362219721  -0.0111821715   0.0276937314   0.0429931790  -0.0052517374
14 12   0.0479627834   0.0000008675
15  1   0.3088060752  -0.0541482036  -0.0878479085   0.2002374151   0.0395744142
15  2   0.0419966523   0.0132015460  -0.0732031090   0.1202753701  -0.0703345101
15  3   0.0005211148  -0.1090079906   0.0390352252  -0.0311302030  -0.0415440150
15  4  -0.0509881082  -0.0118421231   0.0570492068  -0.0368214237  -0.1718575517
15  5  -0.0028286795   0.0128177625   0.0035089433   0.0897661247   0.0230233292
15  6  -0.0025634583   0.0025247088   0.1194648587   0.1780634838  -0.0089010679
15  7  -0.0104293449   0.0089151654  -0.0120416177  -0.0017769792  -0.0084443491
15  8   0.0449825416  -0.0056487588  -0.2060513444   0.0923594160   0.0124886514
15  9  -0.0833113849  -0.0595550416  -0.0342888416   0.0539674890   0.0126774771
15 10   0.0109876652  -0.1977041745   0.1156310644  -0.0447028766   0.2594577365
15 11   0.1974923867  -0.0079046648   0.0187543023   0.0306366388   0.0011691527
15 12   0.0336321511   0.0000002181
16  1  -0.0402067227   0.1269333858   0.2150579545   0.1800797774   0.3172636767
16  2  -0.0264722768   0.1835409379   0.1606419939  -0.0769116259  -0.1909073230
16  3  -0.0394231170   0.0283173265   0.0391171961  -0.0258824420   0.0015687008
16  4   0.0041394027   0.0055034301  -0.0064445032   0.0356274232  -0.0128395021
16  5  -0.2176675720  -0.0021859582   0.0002044764  -0.0257407984   0.1239714156
16  6   0.0071417123   0.0005516079   0.0256520186  -0.0313605997  -0.1512280323
16  7  -0.0066535866   0.0012550231  -0.0003482486   0.0895657936  -0.0483623264
16  8  -0.0134932505  -0.0182728707  -0.0087911962  -0.0824760095   0.1014213232
16  9  -0.0172394817   0.0072218533   0.0064208852  -0.0010388912  -0.0006986332
16 10  -0.0046528950   0.0062918933  -0.0018581103  -0.0100647693  -0.0198081956
16 11  -0.0023240881   0.0017405709  -0.0010423791  -0.0031255360  -0.0051288046
16 12   0.0042041194  -0.0000006133
17  1  -0.0653101245   0.0707988614   0.0726852174  -0.0155694350  -0.0703080974
17  2  -0.1698788424  -0.0075035473   0.1142937626  -0.1798455907   0.1692262594
17  3  -0.2217310631   0.0278454483  -0.0708587730   0.0174836310   0.1560536012
17  4  -0.0593522756   0.0886021060   0.0257960738  -0.0389318438  -0.1281479084
17  5  -0.0100985269   0.0183410639   0.0044936308   0.1335654574   0.0136454456
17  6  -0.0761739913  -0.0005259158   0.0712411404   0.0803691670  -0.0076441906
17  7  -0.0004348673   0.0107251768  -0.0120259038   0.0041280148  -0.0022144215
17  8   0.0266482319  -0.0002589138  -0.0074337799  -0.0107505315   0.0017689069
17  9   0.0917732333   0.0045430685   0.0433786095   0.0291780162   0.0546164755
17 10   0.0848649734  -0.1715696227  -0.1195077000   0.1399920225   0.2720581507
17 11  -0.2057790092  -0.0051622131  -0.0004722157   0.0007372859   0.0039649063
17 12  -0.0057302273  -0.0000002986
18  1   0.2644435820  -0.0325811129  -0.0545415428   0.1245600004   0.0195572665
18  2   0.0303628336  -0.0128398360  -0.0417900007   0.0501978804  -0.0069772579
18  3  -0.0704840685   0.0285640158  -0.0464908756   0.0078737783   0.0828222203
18  4  -0.0231797401   0.0402019339   0.0153883073  -0.0119848449  -0.0288728617
18  5   0.0187129903   0.0043089302   0.0011123848   0.0416586969  -0.0087486323
18  6   0.0199627532   0.0040892936   0.3369371606  -0.2704359915   0.0153448145
18  7   0.0011023499   0.0108260869  -0.0111870407  -0.0076257611   0.0043958738
18  8   0.0052020614   0.0010920180   0.0730797257  -0.0313133214  -0.0056315925
18  9  -0.2121968705   0.0918265960   0.0958637052   0.0033715112   0.0235087367
18 10  -0.0058108730  -0.0197506167  -0.0887658952  -0.0396385910  -0.0811897685
18 11  -0.1423984205   0.0176995288  -0.0126989499  -0.0367185680  -0.0586637801
18 12   0.0466743653  -0.0000051637
19  1   0.0345323118   0.0707914671   0.2154625380   0.0219102663  -0.1485239440
19  2   0.2066229619   0.0991973732   0.0299510642   0.1072941794   0.1271474838
19  3  -0.0020919808   0.0192494579   0.0410545146   0.0090597477   0.0283216521
19  4   0.0695233356  -0.0275904295  -0.0049492142  -0.1331940853   0.0449565648
19  5   0.0050007014   0.0071440612   0.0013983836  -0.0178382115   0.0511220754
19  6   0.0320554517   0.0017520667  -0.0033792759   0.0050139351   0.0009750360
19  7   0.0109594657   0.0121547391   0.0019424757   0.0022438391  -0.0068491164
19  8   0.1461177260  -0.0055897147   0.1153802122   0.2490932746   0.0339174113
19  9   0.0034783907   0.0037200318   0.0011700681  -0.0001426931   0.0000586724
19 10  -0.0007157725   0.0005106818  -0.0008706174   0.0002574633   0.0008473304
19 11   0.0004240572  -0.0000307527  -0.0000089764  -0.0000059366  -0.0000088970
19 12   0.0000042899  -0.0000025001
20  1   0.0553828449   0.0359294236  -0.0044163913   0.1720306932  -0.0510102251
20  2  -0.1095935907  -0.0033773083   0.0131500573  -0.0038926629   0.0262485119
20  3  -0.0945132988  -0.1463061874   0.0554036496  -0.0092556667   0.0510947009
20  4  -0.0390210392   0.0409768784  -0.0164451919   0.0633515815   0.2765960154
20  5   0.0012749842  -0.0521149680  -0.0106092326  -0.2669211150  -0.0097948281
20  6  -0.0757236271  -0.0035305642   0.0169509042   0.1018014153  -0.0008773676
20  7   0.0003702355   0.0199576661   0.0036365382   0.0004158472  -0.0011747291
20  8   0.2968123448   0.0047010756   0.0117828352  -0.0861646823  -0.0085136236
20  9  -0.0130538152  -0.0074562669   0.0267428067  -0.0000035271   0.0014455483
20 10  -0.0009159158  -0.0017362558   0.0001942311   0.0010837013  -0.0008109034
20 11   0.0011219015  -0.0000847233  -0.0000347218   0.0001195562  -0.0000590633
20 12  -0.0001297511  -0.0000196435
21  1   0.1682276837  -0.0031406209   0.0046341041  -0.0119496857   0.0268884741
21  2  -0.0270044326  -0.0109416264   0.0452466371  -0.0973113968   0.0842667937
21  3  -0.0767712428   0.1525567184  -0.0851127161   0.0223515205  -0.0507969596
21  4   0.0576181713  -0.0584620201  -0.0384317644   0.0311565589   0.0292727727
21  5  -0.0003987590  -0.0185175776  -0.0058139764  -0.2248750876  -0.0197725419
21  6   0.3509207374   0.0090433793  -0.0257690151   0.1163909806  -0.0012433424
21  7  -0.0011891909  -0.0291580819   0.0122111511  -0.0004025294   0.0011830064
21  8  -0.2263908247  -0.0032674016  -0.0079596725   0.0473103522   0.0045467249
21  9  -0.0051249891   0.0145057477   0.0264738377  -0.0012485993   0.0014624863
21 10  -0.0085210354   0.0035900795  -0.0096174200   0.0027614734   0.0094997695
21 11   0.0047588733  -0.0001764366  -0.0000939222   0.0000444187  -0.0001215384
21 12  -0.0000156730   0.0000042789
22  1   0.0208973020  -0.0063476482   0.1861133765   0.0276606026  -0.0930640156
22  2   0.1301669667   0.0651327548  -0.0115881623   0.0485415875   0.0984283450
22  3  -0.0034461271  -0.0851170138   0.0379913749  -0.1096777505   0.0945756660
22  4   0.2975544399  -0.0664145050  -0.0139786844  -0.0064620842  -0.0763485426
22  5   0.0007357986  -0.0627308017  -0.0124012210  -0.2736052592  -0.0005331759
22  6  -0.4188094139  -0.0196212537   0.0501819467   0.0116254804  -0.0004677782
22  7   0.0016725360  -0.1045647755  -0.0049254007  -0.0034651970   0.0024803300
22  8  -0.5367984818  -0.0005800710  -0.1155258371  -0.1178980599  -0.0219025763
22  9   0.0011919717   0.0053504270   0.0052585604   0.0003695835  -0.0012245051
22 10   0.0017440657  -0.0004483909   0.0009932596   0.0016371205  -0.0012375658
22 11  -0.0007339154  -0.0000173365   0.0000751971  -0.0001314908   0.0000679105
22 12   0.0001057825  -0.0000005025
23  1   0.0336525065   0.1241050292   0.0369881999   0.1595334229  -0.0274815296
23  2  -0.0883494971   0.0064178950   0.0422613767   0.0067535963   0.1056471137
23  3   0.0215099596  -0.1696330650  -0.0728681486   0.0463351627  -0.1708721583
23  4  -0.1804696508   0.0132180182  -0.0436592279  -0.1929454981   0.4325531086
23  5   0.0131330909   0.0520924465   0.0110039861   0.2900477650   0.0994495465
23  6   0.0283983484   0.0057489744   0.0007098042  -0.0203040014   0.0038668240
23  7   0.0131457015   0.0031318513  -0.0027211488  -0.0031032640  -0.0018113004
23  8  -0.4183856215  -0.0010078048  -0.0796294204  -0.0570390523  -0.0131188839
23  9   0.0017223962   0.0047734457   0.0026011065   0.0005927250  -0.0008173378
23 10   0.0041120893  -0.0011111555   0.0025676199   0.0023317481  -0.0028120050
23 11  -0.0010287447   0.0002947877   0.0000947590  -0.0000793503   0.0000934987
23 12   0.0001297846   0.0000495589
24  1   0.1108203984  -0.0328841764   0.0042969486  -0.0180116335   0.1697496357
24  2  -0.1489310913  -0.0624888466   0.0022708268  -0.1917647251   0.1413628039
24  3   0.0904575474  -0.0926661144  -0.2800461257  -0.1207067555  -0.2302628814
24  4   0.3880946810  -0.2031607706  -0.0976966677  -0.0667714760   0.0002056660
24  5   0.0050789354  -0.0003997944   0.0032131518   0.0588861693   0.0318960093
24  6  -0.2131548946  -0.0066377013   0.0097519773  -0.0285077006   0.0051372376
24  7   0.0037389885   0.0118346857  -0.0153941142   0.0009350941  -0.0018875601
24  8   0.3013084788   0.0014332031   0.0555558970   0.0357466456   0.0089746033
24  9  -0.0009095988  -0.0089075546  -0.0037033237   0.0003624307   0.0000109822
24 10   0.0030723334  -0.0041716494   0.0037326669  -0.0009855436  -0.0054202140
24 11  -0.0014432369  -0.0000582896  -0.0000067315   0.0000284406   0.0000036716
24 12  -0.0000544539  -0.0000281717
25  1  -0.0028129074  -0.1739833682   0.1238550481   0.0288027719  -0.0079382584
25  2  -0.0157912498  -0.0099189388  -0.0346675361  -0.0319780560  -0.0112467084
25  3   0.0025182523   0.0171532946   0.0029054661  -0.0737882238  -0.0090130229
25  4  -0.0497857936   0.0079185798  -0.0189480806  -0.0060434450   0.0076913183
25  5   0.0005456506  -0.0335381125  -0.0013668759   0.0093264924   0.0017433821
25  6   0.0038100975  -0.0005773122  -0.0003844730  -0.0001660603   0.0002014524
25  7   0.0001318040   0.0004158492   0.0048915016  -0.0000471828  -0.0000189455
25  8   0.0010550378  -0.0000199453   0.0007263407   0.0019736181   0.0003456911
25  9   0.0000210712   0.0000692535  -0.0000053775  -0.0000027903   0.0000162682
25 10   0.0000184119   0.0000158316  -0.0000078177   0.0000241583   0.0000267528
25 11   0.0000069837   0.0000162091   0.0000039205   0.0000024559   0.0000018560
25 12  -0.0000019501  -0.0000054007
26  1  -0.0043541341   0.0538605603   0.0339710518   0.0793527581  -0.0603399662
26  2  -0.1391681947   0.0004409928  -0.0058319952   0.0392581304  -0.0390945590
26  3   0.0580615463   0.0514793073  -0.0247624476   0.0432029538   0.0068097041
26  4   0.0125359588  -0.0144714912  -0.0667215982  -0.0032611651  -0.0268913951
26  5  -0.0002138779  -0.0354696424   0.0010292065   0.0021715929  -0.0004360097
26  6  -0.0003993569  -0.0010090564   0.0003505899  -0.0003881537  -0.0000082101
26  7  -0.0000418746  -0.0047011167   0.0460199883   0.0000092751   0.0000052538
26  8  -0.0005286085  -0.0000124247  -0.0007685414   0.0007336284   0.0000659690
26  9  -0.0000895182   0.0002871802  -0.0000961783  -0.0000197520   0.0001398044
26 10   0.0000887056   0.0001227722  -0.0000364331   0.0001107453   0.0001069841
26 11   0.0000909929   0.0000418101   0.0000097944   0.0000096436   0.0000036597
26 12  -0.0000121812  -0.0000244908
27  1   0.0680164854   0.0375508496   0.0738227690  -0.1701080970   0.0051680190
27  2  -0.0681637656   0.0021668736   0.0011770300  -0.0064756809  -0.0202479269
27  3   0.0458416949  -0.0389279220   0.0166124020  -0.0162740640   0.0285957547
27  4  -0.0217681542  -0.0033406949   0.0416158649   0.0020594748   0.0142967265
27  5  -0.0000332916   0.0201678817  -0.0005049507  -0.0008458512   0.0001544118
27  6   0.0007456469   0.0000249543   0.0008054391  -0.0000047633  -0.0000526776
27  7   0.0000256851  -0.0165722210   0.0756775628   0.0000201175  -0.0000299364
27  8   0.0035881450   0.0000633361  -0.0016462370  -0.0002039699  -0.0000575741
27  9  -0.0000780471   0.0003102994   0.0001559744  -0.0000068868   0.0000303316
27 10   0.0001133939   0.0000505889  -0.0000705942   0.0001583108   0.0002198025
27 11  -0.0000150704   0.0000992059   0.0000236873   0.0000106205   0.0000112037
27 12  -0.0000037385  -0.0000399184
28  1  -0.0395176750  -0.1717760731   0.1151585535   0.0997739116   0.2122450540
28  2  -0.1401149419   0.0171163784  -0.1902778421  -0.0036428903   0.2631581242
28  3   0.1131254544  -0.0130778617   0.1101111382   0.6654614312   0.1181845364
28  4  -0.0071549087  -0.1755082027   0.2328586590   0.0052516468   0.0073696444
28  5  -0.0069812633   0.0172364188  -0.0065321046  -0.0047345001  -0.0057699228
28  6   0.0011305177  -0.0018934523  -0.0013100836   0.0008410743  -0.0028623471
28  7   0.0006564211   0.0833388075  -0.0665222638   0.0018196818  -0.0014841037
28  8  -0.0126779585  -0.0008174191  -0.0006193611  -0.0027464009  -0.0031563074
28  9  -0.0002309734  -0.0001331047  -0.0003305997   0.0000383404   0.0002000788
28 10   0.0000471356   0.0001625493   0.0001323041  -0.0000060938  -0.0001823691
28 11   0.0001826402  -0.0001173658  -0.0000282862  -0.0000120351  -0.0000113016
28 12   0.0000007820  -0.0000435511
29  1  -0.0635894804   0.0591627894   0.0678426348  -0.0157891787  -0.0737057135
29  2  -0.1733851071  -0.0040925247  -0.0337811476   0.1662414873  -0.1361834855
29  3  -0.2063402159   0.1089210755  -0.1450420961  -0.2442312468   0.0009303939
29  4  -0.0321796432  -0.3061063580   0.5009029565   0.0134454698   0.0632992134
29  5  -0.0003765824   0.0480791353   0.0076833901  -0.0184729437  -0.0004713672
29  6  -0.0227834905  -0.0080690983  -0.0031462558   0.0016434196   0.0003779509
29  7   0.0001068641   0.3737531214  -0.2312878751   0.0000443230   0.0001727591
29  8  -0.0454132848  -0.0006038435   0.0067433177   0.0008259591  -0.0000832951
29  9  -0.0000920057  -0.0011818128  -0.0008445901   0.0000802007   0.0000942792
29 10  -0.0007179862  -0.0006423074   0.0002247102  -0.0011886254  -0.0018524066
29 11  -0.0004263394  -0.0005514664  -0.0001260686  -0.0000698035  -0.0000812660
29 12   0.0000816587   0.0000355571
30  1   0.1054753771   0.0343655528   0.0570202306  -0.1301504897  -0.0219137697
30  2  -0.0304870759   0.0016750821   0.0364540646  -0.0801263233  -0.0173122981
30  3   0.1781197883  -0.0559517643   0.0545709004   0.0533040712   0.0198258243
30  4   0.0009163049   0.1644071920  -0.2980213366  -0.0097049096  -0.0488980534
30  5   0.0011811350   0.0301174855  -0.0032718792  -0.0639763828  -0.0030227608
30  6  -0.0143048713  -0.0198519026  -0.0056818525   0.0078213116   0.0010221517
30  7   0.0000647091   0.7012549156  -0.4515802010  -0.0000397734   0.0003861098
30  8  -0.0788576436  -0.0010388596   0.0118802546   0.0031465280   0.0002389573
30  9  -0.0001904681  -0.0011096234  -0.0024133467   0.0002446458   0.0012963169
30 10   0.0000728499   0.0010396749   0.0010241997  -0.0003728907  -0.0018062266
30 11   0.0012247034  -0.0010749357  -0.0002598824  -0.0001161090  -0.0001127620
30 12   0.0000333228   0.0002414946
31  1   0.0252483237   0.0065436093   0.1915508844   0.0227254911  -0.1147219376
31  2   0.1500118696   0.0734955419   0.0056273470   0.0652910101   0.1018616315
31  3   0.0014347833  -0.0165665891   0.0484822761  -0.0805575444   0.0865317673
31  4   0.2911989976  -0.0710050850  -0.0433072398   0.0214908806  -0.0232752117
31  5  -0.0000445111   0.0413369897   0.0101698166   0.2331731129   0.0231108317
31  6   0.3629333452   0.0150438698  -0.0459551750  -0.0143086265  -0.0005320707
31  7   0.0025930775   0.0713643063   0.0007550183  -0.0029211880   0.0000875408
31  8   0.2282838927   0.0135400344  -0.1240429080  -0.3975768969  -0.0526288680
31  9  -0.0089845377  -0.0119144366  -0.0066483010  -0.0002692564   0.0013503612
31 10  -0.0014801626  -0.0004002621  -0.0005060493  -0.0021355994   0.0005938510
31 11   0.0004628586   0.0000238307  -0.0000780641   0.0001509346  -0.0000722212
31 12  -0.0001258274   0.0000018303
32  1   0.0404268953  -0.0465630105  -0.0240369318   0.1262270305  -0.0820256343
32  2  -0.1510889035  -0.0174670230   0.0200634962  -0.0713320879  -0.0078702693
32  3  -0.0787472326  -0.1236625710   0.2473825973  -0.0913124564   0.0335206765
32  4   0.2581325562  -0.0788811652  -0.0525199151   0.3680333922   0.1293567067
32  5  -0.0125616627   0.0359236873   0.0100073342   0.3046754425  -0.0614294215
32  6   0.0292395584   0.0043439767  -0.0006809734  -0.0214437106  -0.0033051702
32  7  -0.0121960877   0.0165806889  -0.0027467466   0.0021933520   0.0033842265
32  8  -0.1746447388  -0.0084243167   0.0626253751   0.2266689910   0.0300379782
32  9   0.0056495984   0.0067355208   0.0023979774   0.0005203590  -0.0007480026
32 10   0.0040042640  -0.0010352464   0.0025445132   0.0022447401  -0.0028957656
32 11  -0.0009244273   0.0002630982   0.0000853556  -0.0000725724   0.0000863121
32 12   0.0001165296   0.0000351558
33  1   0.1707200884   0.0525181803   0.0456109736  -0.0983203079  -0.1384622780
33  2   0.0790715783   0.0422739727   0.1399554362  -0.0827133827   0.0917090387
33  3  -0.0523534630   0.3548987409   0.2427322092   0.1490796642  -0.3196491107
33  4  -0.1911236465  -0.1463424576  -0.0093621588   0.0859884180   0.0007752263
33  5  -0.0057916736   0.0009156461   0.0005911211   0.0501816779  -0.0261610426
33  6  -0.2671868877  -0.0079596035   0.0164740542  -0.0279318859  -0.0045127344
33  7  -0.0042391071  -0.0051536905  -0.0170371240   0.0000022108   0.0006560171
33  8   0.1127600894   0.0041848324  -0.0309323885  -0.1225068213  -0.0165296296
33  9  -0.0027501462  -0.0094270935  -0.0030297327   0.0004590720  -0.0002328936
33 10   0.0035001242  -0.0043933726   0.0040338298  -0.0007631090  -0.0057248688
33 11  -0.0017294307  -0.0000223307   0.0000133549   0.0000102542   0.0000197594
33 12  -0.0000333131  -0.0000124641
34  1  -0.0235347458  -0.3044517019   0.0748171438   0.0340420125   0.0718762010
34  2  -0.1371251278  -0.1171603706   0.3022979667   0.2794459143   0.0601014693
34  3   0.0053339791   0.0099241237   0.0052156937   0.0321992962   0.0011802324
34  4   0.0198329557   0.0112861487  -0.1182084071   0.0038055425  -0.0178813535
34  5   0.0004486913   0.4273600522   0.0646889680  -0.1075280400  -0.0061191410
34  6  -0.0163145058  -0.0373206283   0.0075618051   0.0021768030  -0.0006774799
34  7   0.0001210427  -0.0774890457  -0.0071235393   0.0000978810  -0.0001152519
34  8   0.0100480855   0.0002178732  -0.0010129339  -0.0062196379  -0.0008735607
34  9   0.0000874851  -0.0005451174   0.0004509622   0.0000482478  -0.0003430457
34 10  -0.0001723987  -0.0002585772   0.0000374527  -0.0001941704  -0.0001555791
34 11  -0.0002257876  -0.0001211636  -0.0000293171  -0.0000282255  -0.0000118626
34 12   0.0000347258  -0.0197343847
35  1  -0.0373830184   0.1632953382   0.0886408530   0.0539691233  -0.0326845471
35  2  -0.1165148639   0.0911407046  -0.3790426952  -0.0836029890  -0.0181397796
35  3  -0.1221468229   0.1008511119   0.0223920867  -0.0704632844  -0.1236688980
35  4   0.0598773049   0.1618551163  -0.0647371490   0.0011709569  -0.0072986365
35  5   0.0010796435   0.4539570542  -0.0425676020  -0.0666593721  -0.0017729622
35  6  -0.0111167968  -0.0168470841   0.0052097623   0.0016346977  -0.0002091369
35  7   0.0000373600  -0.0799435899  -0.0247106894  -0.0000294393  -0.0000316237
35  8   0.0129544850   0.0002244923   0.0003049121  -0.0041022798  -0.0003969982
35  9   0.0001582140  -0.0005745896   0.0004471032   0.0000560557  -0.0003689758
35 10  -0.0001751648  -0.0002606127   0.0000494921  -0.0002016318  -0.0001695655
35 11  -0.0002558738  -0.0001059027  -0.0000251701  -0.0000255290  -0.0000087014
35 12   0.0000371370  -0.0436285724
36  1  -0.0181489536   0.0077221456   0.0844787294  -0.2028140766   0.1762282674
36  2  -0.2237067970  -0.0248890378  -0.0444917478   0.3013439557   0.1384081201
36  3  -0.2305531109   0.0656997454   0.0823589918  -0.0097378486  -0.1870024951
36  4   0.1770738261   0.2963915059   0.0255294158  -0.0040407827  -0.0046074973
36  5   0.0000076934  -0.2374705982   0.0059235734   0.0305281624   0.0006963202
36  6  -0.0253242966   0.0901334567  -0.0077418291  -0.0020151755   0.0003358695
36  7  -0.0001885029   0.0583654827  -0.0268667943  -0.0001025350   0.0001343913
36  8  -0.0113109625  -0.0001333683   0.0002126241   0.0022751014   0.0003081281
36  9  -0.0000503797   0.0002243284  -0.0003871346  -0.0000337841   0.0002381628
36 10   0.0000575658   0.0001382206   0.0000106519   0.0000534871  -0.0000096164
36 11   0.0001848921   0.0000476859   0.0000129034   0.0000187626   0.0000050008
36 12  -0.0000317532  -0.0398802664
37  1  -0.0090551835  -0.3278230858   0.0707094192   0.0000952052  -0.0225836526
37  2  -0.0968182979  -0.1423385507   0.4459268571   0.3001165102  -0.0884106570
37  3  -0.0118890247  -0.0747121282  -0.1020394461   0.0971718674   0.1160215068
37  4  -0.0943337912  -0.3069015671  -0.3510459383   0.0001202849  -0.0599004188
37  5  -0.0003334190   0.5401907176  -0.8069347017   0.1248389750   0.0167091388
37  6  -0.1709601843   0.4936003826  -0.0306372137  -0.0063076454   0.0010057817
37  7  -0.0005100634  -0.0717974204  -0.2262342985  -0.0001631800   0.0001360159
37  8  -0.0005515682  -0.0001430094   0.0031565016   0.0047952612   0.0008226013
37  9   0.0001891103  -0.0002277774  -0.0002777274  -0.0000344170  -0.0000443431
37 10   0.0000036740  -0.0000495677  -0.0000070706  -0.0000233263  -0.0000281656
37 11  -0.0000134562   0.0000311676   0.0000077292  -0.0000004006   0.0000027618
37 12   0.0000128998   0.3121508696
38  1  -0.0139510299   0.1746722350   0.0797703433   0.0951058808  -0.0229546505
38  2  -0.0976985111   0.1031005249  -0.4089759335  -0.1902255758   0.0355880314
38  3   0.0517365944   0.1066684588   0.0557441759  -0.1736874363  -0.0101876808
38  4  -0.0546056668   0.0770738959  -0.1046469891   0.0086364664  -0.0148523402
38  5   0.0010521448   0.4129564137   0.5459151640  -0.3368737189  -0.0256729464
38  6  -0.2274224203   0.4858042565  -0.0235232543  -0.0058411139  -0.0007925368
38  7  -0.0004847679  -0.0597083960  -0.1691576918  -0.0002793161   0.0002571785
38  8  -0.0124668973   0.0002392048  -0.0038384380  -0.0108828479  -0.0014036079
38  9  -0.0001020977  -0.0003841614  -0.0004321698  -0.0000171798   0.0000782138
38 10  -0.0000562201   0.0000189549   0.0000752527  -0.0001036831  -0.0001689994
38 11   0.0000857519  -0.0001222667  -0.0000278486  -0.0000355207  -0.0000019866
38 12   0.0000530364   0.6960532870
39  1  -0.0496721958   0.0066221947   0.0957704130  -0.2304158966   0.2100853247
39  2  -0.2624213651  -0.0257242133  -0.0799339075   0.4041836129   0.1509640845
39  3  -0.4062198945   0.0989408547   0.0969715009   0.0700970089  -0.3602849115
39  4   0.3511242876   0.5332798729   0.1793974244  -0.0101791269   0.0237818979
39  5   0.0004006054  -0.2468843461  -0.2074915358   0.2097105543   0.0154486217
39  6   0.2840599570  -0.7126364927   0.0420782283   0.0102523426   0.0001302379
39  7   0.0006939917   0.0254083039   0.2364580624   0.0003025573  -0.0003164422
39  8   0.0235177021   0.0000493826   0.0027504624   0.0040347143   0.0005565033
39  9   0.0002024527  -0.0001905691   0.0010031251   0.0000954413  -0.0004584848
39 10  -0.0001833750  -0.0003223893   0.0000076101  -0.0001728269  -0.0000814575
39 11  -0.0004067822  -0.0002275648  -0.0000564221  -0.0000753359  -0.0000102424
39 12   0.0001371371   0.6435744665
40  1   0.0324683627  -0.1869363313   0.1285854743  -0.0422799350  -0.2232409689
40  2   0.0995049564  -0.0094981838   0.0830591467  -0.1101489907  -0.3505132498
40  3  -0.1432534682  -0.1270234388  -0.1287942063   0.5218104408  -0.1437026711
40  4   0.2307673245   0.1678012376   0.2170361855  -0.0166323386   0.0120041178
40  5  -0.0000060406   0.0253705031   0.0120894308  -0.0079741281  -0.0015460826
40  6  -0.0077733913   0.0184611166  -0.0007545138  -0.0004672152  -0.0002906233
40  7  -0.0003448382   0.0000103386   0.0157025996  -0.0000433266   0.0001642263
40  8  -0.0038505027   0.0001224593  -0.0027549839  -0.0049045730  -0.0007002014
40  9  -0.0000874561   0.0000266773  -0.0000398911  -0.0000047997   0.0000265164
40 10   0.0000341736   0.0000259612  -0.0000025632   0.0000294937   0.0000310705
40 11   0.0000147510   0.0000189046   0.0000044210   0.0000034827   0.0000017511
40 12  -0.0000036385   0.0001956562
41  1   0.0525800064   0.0282538120  -0.0054774928   0.1654693171  -0.0542561737
41  2  -0.1143192793  -0.0184927680   0.1030033758  -0.0753727356   0.0727341716
41  3   0.3695971061   0.1262614387   0.0464008587  -0.1656333987   0.0004913375
41  4   0.1034883841   0.2487658236   0.4589089938  -0.0016279552   0.0328862672
41  5  -0.0001121541   0.0000020496  -0.0165290200   0.0036429185   0.0003262348
41  6   0.0314375447   0.0040568149  -0.0052937354   0.0004932254  -0.0003922342
41  7  -0.0000828446  -0.2940410820  -0.4112997133  -0.0001018943  -0.0000842401
41  8   0.0289736051   0.0003186173   0.0054551593  -0.0043920032  -0.0001741516
41  9   0.0003310880  -0.0014447450   0.0005418821   0.0001107046  -0.0005277257
41 10  -0.0002614028  -0.0004318227   0.0001769651  -0.0003214387  -0.0004065346
41 11  -0.0003075668  -0.0001536715  -0.0000339543  -0.0000382780  -0.0000078494
41 12   0.0000494567   0.0000541099
42  1   0.0330294722   0.0534018493   0.0992176494  -0.2279465098  -0.0072285391
42  2  -0.0794858022   0.0132300237  -0.0604202940   0.0680409632  -0.1048825638
42  3  -0.1553520296  -0.1002375014  -0.0290620637   0.1143029550   0.0366556660
42  4  -0.0808399007  -0.1571733410  -0.2653255983   0.0019404996  -0.0036935271
42  5  -0.0001566672  -0.0841276958   0.0151626607   0.0409019915   0.0020347861
42  6   0.0445832643  -0.0236604228  -0.0056195498  -0.0033929632  -0.0005257758
42  7  -0.0000572283  -0.4765200091  -0.6458832058  -0.0001614735  -0.0001582392
42  8   0.0423327171   0.0003892843   0.0097917540  -0.0041686866   0.0000910160
42  9   0.0005560990  -0.0023682897   0.0002558280   0.0001379615  -0.0006849808
42 10  -0.0003552393  -0.0005659631   0.0004039525  -0.0005797876  -0.0008529625
42 11  -0.0003566329  -0.0002796203  -0.0000622926  -0.0000514029  -0.0000187281
42 12   0.0000515343  -0.0002863812
43  1   0.0486030684   0.2835975929   0.2903761985   0.0511972691  -0.1607628611
43  2   0.3372462724  -0.3551379801  -0.1418087742   0.1193388745   0.1966634780
43  3   0.0671895117  -0.0899911412  -0.2052230636   0.0708740747  -0.0729168700
43  4  -0.1854235939   0.0655312794   0.0386429826   0.2945265728  -0.0941827451
43  5  -0.4859993653   0.0018757100   0.0018937104  -0.0382077999   0.2700100315
43  6  -0.0149683781  -0.0007953001  -0.0289201807   0.0221515615   0.5396265849
43  7  -0.1483942465  -0.0095934691   0.0018903753   0.4961893087   0.6277923051
43  8   0.0630465079  -0.4551631669  -0.0038188351  -0.0278728426  -0.0635922957
43  9  -0.0200937122  -0.0131556000  -0.0297170843  -0.0105281093   0.0193801518
43 10  -0.0229321696  -0.0195393864  -0.0190890157   0.0111737148  -0.0088698889
43 11   0.0196583072  -0.0104102138   0.0578023612  -0.0558084180   0.0325551211
43 12   0.0169131455  -0.0000005029
44  1   0.0776533100   0.0406106546  -0.0149078323   0.2095350959  -0.0437843855
44  2  -0.0941131784  -0.0227520525  -0.0140814213   0.0349891947  -0.0131077585
44  3   0.0104304967  -0.3731849828   0.2261098104  -0.0921126910  -0.2494387441
44  4  -0.0986722743  -0.1049833603   0.1217216858  -0.1273766341  -0.4047142267
44  5  -0.0237476536   0.0023756836   0.0008741179  -0.0231003592   0.0105747440
44  6   0.1335178004   0.0055113587   0.0772547600   0.1121988767   0.0244820446
44  7  -0.0069473522   0.0358075977  -0.0268564862   0.0236049071   0.0288638175
44  8   0.1614634739  -0.0184432042  -0.0522425640  -0.0575550931  -0.0219705976
44  9   0.4359217026   0.5246915254   0.5193701566   0.2273656038  -0.4477398186
44 10   0.5100985771   0.4728780586   0.2275339510  -0.4018129383   0.3982545089
44 11  -0.2203486691   0.0081282077  -0.0486419693   0.0458394879  -0.0246294232
44 12  -0.0113500548  -0.0000146326
45  1   0.2676004110  -0.0489733436  -0.0681057649   0.1536204548   0.0644736721
45  2   0.0036489062   0.0341298946  -0.0247791580   0.0489615930  -0.0550029654
45  3  -0.0726651048   0.0136347416  -0.0108372073  -0.0067377497   0.0864111927
45  4  -0.0177901861   0.0380007084   0.0235156681  -0.0490950530  -0.0683303190
45  5   0.0418336401   0.0192946179   0.0046358906   0.1558347472  -0.0140346823
45  6  -0.1694622377  -0.0067521749  -0.2858803108   0.1621597613  -0.0479042291
45  7   0.0123958450  -0.0138775398   0.0166163336  -0.0431944970  -0.0535961991
45  8  -0.0863661777   0.0354715415   0.3876824812  -0.1760539042  -0.0093405956
45  9   0.0332945797   0.1353121192  -0.0512223791   0.0026732401  -0.0210469240
45 10   0.0133202864   0.0325891052  -0.0972566961  -0.0909951595   0.1183009334
45 11   0.1083096430  -0.1161540051   0.6418400384  -0.6202411152   0.3630194069
45 12   0.1893560444  -0.0000439024
46  1   0.0161737631   0.3750735257   0.3126864779   0.1375738372   0.0640132911
46  2   0.2621680886  -0.4873022156  -0.0923333842  -0.0344353685  -0.0911425503
46  3  -0.0326816513   0.0775760260   0.1633833852   0.0538953180   0.0281146379
46  4   0.0268208942  -0.0302698672   0.0233470563   0.1208985440  -0.0716873884
46  5   0.4250998616  -0.0046156066   0.0018469872  -0.0897782452   0.5203517362
46  6   0.0202323376   0.0009545754   0.0307192774   0.0008802655   0.1457390262
46  7  -0.6162047225  -0.0027290884  -0.0008609398   0.4822784744  -0.2101153283
46  8  -0.1028422626   0.6280090275   0.0473095130   0.0883531977  -0.0387714399
46  9   0.0409751576  -0.0157167383   0.0162550091  -0.0330822465   0.0195064837
46 10   0.0232011271   0.0053649129  -0.0303025071  -0.0219930491  -0.0118823655
46 11   0.0223020115   0.0092329500  -0.0452411554  -0.0069482781   0.0492007224
46 12   0.0405904141  -0.0000037884
47  1   0.0251482958   0.0587182514   0.0196211236   0.1286869626  -0.0512106965
47  2  -0.1191874105  -0.0328399271   0.0313160260  -0.0507306186   0.0499156922
47  3  -0.0779286334  -0.2094116180   0.1240905465  -0.0456362087  -0.0933757275
47  4  -0.0670936379  -0.0358339417   0.0682852794  -0.0694713256  -0.2036247942
47  5   0.0199805631  -0.0108867982  -0.0040862319  -0.1518199378   0.0148802076
47  6   0.1115623331  -0.0019683921  -0.2728477037  -0.3460687884   0.0096831362
47  7  -0.0287702235  -0.0083932871   0.0152938993   0.0230467735  -0.0100956961
47  8  -0.0925153181   0.0273223569   0.0492124855   0.0182068486   0.0006617312
47  9  -0.0417512313  -0.2262250618   0.2840564962  -0.2378209970   0.1398666767
47 10   0.2196681163   0.0367422782  -0.0677648452  -0.2325456324   0.1966852966
47 11   0.1537022637  -0.1048838358   0.5137598115   0.0831009083  -0.5616863158
47 12  -0.4590611004   0.0000615449
48  1   0.3447838505  -0.0769769629  -0.1188810031   0.2701173969   0.0714338525
48  2   0.0415365231   0.0509726564  -0.0901775011   0.1725593216  -0.1384383827
48  3   0.0665899800  -0.2159332168   0.1296291087  -0.0680918823  -0.1606319964
48  4  -0.0431301256  -0.0742952741   0.0682677521  -0.0758461267  -0.1725034196
48  5  -0.0371418246  -0.0067592388  -0.0021290146  -0.0721228875  -0.0506855541
48  6   0.1559482327   0.0064115796   0.2092272477  -0.1689107138  -0.0112745873
48  7   0.0534011723   0.0046429658   0.0016763588  -0.0412052217   0.0171157705
48  8  -0.0232047114  -0.0549953946  -0.0599092611   0.0356172586  -0.0071833851
48  9   0.4786319544  -0.3088151248   0.3340916284  -0.5155318450   0.3037170671
48 10   0.3896445673   0.0816315083  -0.3895999980  -0.3829837241  -0.0314645201
48 11   0.3434761546   0.0496317458  -0.2425597119  -0.0349334388   0.2619568236
48 12   0.2184596636  -0.0000172390
49  1  -0.0407511695   0.2737471687   0.2641049666   0.2199442209   0.3701099279
49  2   0.0286805413  -0.1343490094   0.1162736492  -0.1739335078  -0.3716139538
49  3  -0.1292116541   0.2100580874   0.4203490751  -0.0437470906   0.1387003598
49  4   0.2755274035  -0.1072129584  -0.0514264821  -0.5283875612   0.1987916003
49  5   0.0814602213   0.0085079121  -0.0005237438   0.0555808965  -0.3236678050
49  6   0.0045947033  -0.0006990408  -0.0278035217   0.0200889209   0.6135268401
49  7  -0.5028993804  -0.0048753887   0.0029378291  -0.1449454079  -0.5381436587
49  8   0.0169815876  -0.5383490576  -0.0758329464  -0.2071821635   0.1909642283
49  9   0.0065415082  -0.0528822171   0.0026121033   0.0678079769   0.0059275712
49 10   0.0183004556   0.0388120040  -0.0633159208  -0.0051209888  -0.0425777459
49 11  -0.0157067635   0.0016333501  -0.0038344065  -0.0060801437  -0.0000914528
49 12  -0.0062467483   0.0000013043
50  1  -0.0664859057   0.0780781874   0.0757684887  -0.0155938927  -0.0682079633
50  2  -0.1677462738  -0.0227238933   0.1130288448  -0.1858409169   0.1620493729
50  3  -0.2291584173   0.0386345197  -0.0552946013   0.0163352303   0.1686241013
50  4  -0.0489085029   0.0868281231   0.0275562109  -0.0705814803  -0.1362100350
50  5   0.0040820747   0.0276057337   0.0066889981   0.2058751845  -0.0032888777
50  6  -0.1195677628  -0.0003537044   0.1688216701   0.2306478577   0.0275599838
50  7  -0.0242557876   0.0243316068  -0.0389241809  -0.0068522955  -0.0261199494
50  8   0.1765486892  -0.0200330577  -0.3394772877   0.0937355517   0.0208352733
50  9  -0.1302681783   0.3148045283  -0.0681434492  -0.3924434902  -0.0230015517
50 10  -0.0994902100  -0.2312366027   0.3770666788  -0.0739206190   0.2043106740
50 11   0.2329356683   0.1312496514  -0.3318726026  -0.5088648698   0.0371008274
50 12  -0.5304016646   0.0000396489
51  1   0.3422638704  -0.0662897753  -0.1098600119   0.2507408893   0.0425987065
51  2   0.0584157954   0.0201307261  -0.1019446508   0.1732258923  -0.1030119451
51  3   0.0559567119  -0.2075870488   0.0885618587  -0.0538198336  -0.1350740579
51  4  -0.0716109906  -0.0474685206   0.0779512570  -0.0293349965  -0.2308163501
51  5  -0.0077276329   0.0068657622   0.0016694196   0.0239275752   0.0288228275
51  6   0.0123430226  -0.0012136151  -0.2351958411   0.1987385257  -0.0541015544
51  7   0.0424665321  -0.0096871281   0.0140558883   0.0122678013   0.0460640617
51  8  -0.0562348680   0.0460576655  -0.1809496775   0.1528193894  -0.0018921590
51  9  -0.1023144039  -0.4422684872   0.0053210321   0.5688832659   0.0538437477
51 10   0.1586415317   0.3306797172  -0.5323045735  -0.1014473774  -0.3850855860
51 11  -0.0553426334   0.0926809758  -0.2300209727  -0.3551456718   0.0197059405
51 12  -0.3694344295   0.0000235493
52  1  -0.0651725795   0.0827181815   0.1938263646   0.2162646076   0.4515857004
52  2  -0.1287871101   0.3318216058   0.2480591880  -0.1353059675  -0.3074313669
52  3  -0.0764846810   0.0767945953   0.1335256054  -0.0411084516   0.0287679199
52  4   0.0545803123  -0.0132950163  -0.0142411534  -0.0063040116  -0.0078955554
52  5  -0.4870551991  -0.0007304540   0.0018290656  -0.0820471618   0.4541462533
52  6   0.0177344352   0.0005181203   0.0323932616  -0.0138399380   0.0977501993
52  7  -0.5254944459   0.0044295051  -0.0003803741  -0.5841203096   0.2688869816
52  8   0.0692009406   0.1512972156   0.0996003962   0.4535999965  -0.5572055261
52  9  -0.0690258596   0.0023214873  -0.0089523752  -0.0148747053  -0.0234134285
52 10   0.0138172705   0.0015515731  -0.0256964416   0.0126440335   0.0004581819
52 11  -0.0232884022  -0.0199364993   0.0132646222   0.0379088129   0.0589075603
52 12  -0.0458931641   0.0000073425
53  1  -0.1054989081   0.0794143028   0.0973521107  -0.0788155324  -0.0777216517
53  2  -0.1911268808  -0.0035909793   0.1519579939  -0.2432214518   0.2226122086
53  3  -0.2881543035   0.1485333286  -0.1566988072   0.0518598198   0.2715116266
53  4  -0.0418765273   0.1429095351  -0.0113436359   0.0032846996   0.0039500947
53  5  -0.0226067416   0.0123325726   0.0022569793   0.0798713792   0.0264456726
53  6  -0.1315809794  -0.0060183216  -0.1184814831  -0.3195445868   0.0076628078
53  7  -0.0247637603   0.0002959717  -0.0013630444  -0.0286183160   0.0135313645
53  8   0.0718742546   0.0095833117  -0.0302486999  -0.0009228512  -0.0421070203
53  9   0.5125355414   0.1975407111   0.3899412447   0.3589977802   0.6293304740
53 10  -0.3557585764  -0.0404845240   0.4331540665  -0.4370002664  -0.2648318185
53 11   0.2734590558   0.0206760462  -0.0108486253  -0.0322691623  -0.0529400395
53 12   0.0446600929   0.0000024768
54  1   0.2634180632  -0.0280039818  -0.0506986777   0.1163114354   0.0071554568
54  2   0.0376544514  -0.0255654300  -0.0464546202   0.0503004422   0.0075031921
54  3  -0.0728867432   0.0340493502  -0.0618493470   0.0117039057   0.0902074151
54  4  -0.0264102941   0.0464165554   0.0136785126  -0.0049575982  -0.0187747261
54  5   0.0413631800   0.0044050323   0.0008542814   0.0444289142  -0.0366180687
54  6   0.0125570395   0.0034850676   0.3188377376  -0.3073826946  -0.0052861878
54  7   0.0447880095   0.0094526394  -0.0112072845   0.0490032736  -0.0222603047
54  8   0.0047807853  -0.0128662844   0.0449227589  -0.0702761799   0.0497263428
54  9  -0.1864236451   0.1151624463   0.1289802823   0.0309753517   0.0734342265
54 10  -0.0445782079  -0.0086736435  -0.0587606687  -0.0992317602  -0.1415838854
54 11  -0.1160393928  -0.2250577967   0.1515932635   0.4324886308   0.6703943025
54 12  -0.5202792167   0.0000533684
55  1  -0.0326095996  -0.0082574978   0.1717180499   0.1297639730   0.2261793587
55  2  -0.0530587774   0.4324245739   0.1746502921   0.0243128009  -0.0007098502
55  3   0.0324426061  -0.0812751828  -0.2015124970   0.0675274649  -0.0737387991
55  4  -0.1979762707   0.0655246133   0.0541810193   0.4179126034  -0.1543233399
55  5   0.4021092359  -0.0012233787   0.0014338807  -0.0475199206   0.3217310090
55  6  -0.0136193855  -0.0011305837  -0.0258595810  -0.0005702773   0.4442610773
55  7  -0.0681934371   0.0037608149  -0.0012075888  -0.3576404332   0.3963558773
55  8  -0.0411925717   0.2190427581  -0.0824604746  -0.4736441897   0.7759834320
55  9   0.0616036013  -0.0205793006   0.0369094232  -0.0057260246  -0.0336302192
55 10  -0.0383839319  -0.0378299959  -0.0203450769  -0.0294835511   0.0087056253
55 11  -0.0327849153   0.0739541656   0.0198285514   0.0110930899   0.0094058404
55 12  -0.0040515666   0.0000092217
56  1  -0.0527794588   0.0611081306   0.0626402544   0.0023304113  -0.0703061015
56  2  -0.1659990867   0.0050607521   0.1025339040  -0.1540471795   0.1562542661
56  3  -0.1862530492  -0.0264545466  -0.0433526076   0.0112634176   0.1073289070
56  4  -0.0740966871   0.0717755028   0.0383760143  -0.0387731890  -0.1866050019
56  5   0.0184463890   0.0154221284   0.0053878507   0.1602798098   0.0240553116
56  6  -0.0074974222   0.0063133208   0.2642088228   0.1877866748   0.0193287434
56  7  -0.0028728487  -0.0129168898   0.0351493680  -0.0161855082   0.0178455027
56  8  -0.1605909169   0.0039218312   0.3702819662  -0.1505951279   0.0206274860
56  9   0.1136772150  -0.2519673114   0.1099446456  -0.0196151928  -0.2269742147
56 10  -0.2145634445  -0.2235705468   0.0394345667  -0.2863606319  -0.1882048783
56 11  -0.1598061971  -0.8515126525  -0.2292491074  -0.1274589802  -0.1109510422
56 12   0.0488246552  -0.0001560686
57  1   0.1864344556   0.0000000000   0.0000000000   0.0000000000   0.0000000000
57  2   0.0000000000  -0.0404726511   0.0154932463  -0.0664844374   0.0801984109
57  3  -0.1944792899   0.2472418965  -0.1922253343   0.0668045431   0.3252726425
57  4   0.0010010114   0.1568383839  -0.0404018799  -0.0100558382   0.0657953132
57  5  -0.0350967056   0.0260602718   0.0074933508   0.2572672267  -0.0130248672
57  6  -0.2478000639  -0.0070935185  -0.1677250256  -0.0378960792  -0.0384224895
57  7   0.0067188438   0.0313124117   0.0013481185   0.0322124981  -0.0369723295
57  8   0.0178628204  -0.0192530853  -0.1578065815   0.1323364970  -0.0729807841
57  9   0.2781350264  -0.3132119411   0.4221132778  -0.0633772242  -0.4642303960
57 10  -0.5243503856  -0.5471907778  -0.2053524530  -0.4811510025  -0.0095203119
57 11  -0.4612829140   0.3964664899   0.1057784472   0.0594916197   0.0488897354
57 12  -0.0203776771   0.0000182825
$end
