$energy      SCF               SCFKIN            SCFPOT
     1 -2264.220532197      1885.205424897     -4149.425957094
     2 -2264.224130055      1885.447708472     -4149.671838528
     3 -2264.224460438      1885.575064908     -4149.799525346
     4 -2264.224480377      1885.565541014     -4149.790021391
     5 -2264.224483920      1885.562423847     -4149.786907767
     6 -2264.224475668      1885.546870571     -4149.771346239
     7 -2264.224495627      1885.550378946     -4149.774874573
     8 -2264.224504307      1885.561504396     -4149.786008703
     9 -2264.224511589      1885.569199742     -4149.793711331
    10 -2264.224517067      1885.566834067     -4149.791351135
    11 -2264.224517407      1885.559880099     -4149.784397506
    12 -2264.224520381      1885.561408764     -4149.785929145
    13 -2264.224522370      1885.564689445     -4149.789211815
    14 -2264.224522569      1885.564724379     -4149.789246949
    15 -2264.224522829      1885.564201484     -4149.788724313
    16 -2264.224523066      1885.563050935     -4149.787574001
    17 -2264.222655820      1885.222272259     -4149.444928079
    18 -2264.223945903      1885.512502633     -4149.736448536
    19 -2264.223625087      1885.693640132     -4149.917265220
    20 -2264.224066487      1885.628001110     -4149.852067597
    21 -2264.224381584      1885.562107853     -4149.786489437
    22 -2264.224253393      1885.541279778     -4149.765533170
    23 -2264.224423138      1885.563658722     -4149.788081860
    24 -2264.224429169      1885.560571326     -4149.785000495
    25 -2264.224443050      1885.554874315     -4149.779317365
    26 -2264.224478184      1885.558545845     -4149.783024029
    27 -2264.224493714      1885.563651662     -4149.788145376
    28 -2264.224503766      1885.561169769     -4149.785673536
    29 -2264.224502580      1885.562242592     -4149.786745172
    30 -2264.224506754      1885.561675475     -4149.786182229
    31 -2264.224507171      1885.561697049     -4149.786204220
    32 -2264.224507384      1885.562707679     -4149.787215063
    33 -2264.224507835      1885.562444010     -4149.786951845
    34 -2264.224507908      1885.562099924     -4149.786607832
    35 -2264.224507949      1885.562287975     -4149.786795924
    36 -2264.224508170      1885.562575250     -4149.787083420
    37 -2264.224508350      1885.562228298     -4149.786736648
    38 -2264.221601437      1885.114937334     -4149.336538770
    39 -2264.224328313      1885.560959607     -4149.785287920
    40 -2264.224377125      1885.564217871     -4149.788594996
    41 -2264.224408992      1885.568771174     -4149.793180166
    42 -2264.224447908      1885.565955160     -4149.790403068
    43 -2264.224468599      1885.563830975     -4149.788299574
    44 -2264.224496203      1885.561442598     -4149.785938802
    45 -2264.224504389      1885.562085423     -4149.786589812
    46 -2264.224507282      1885.563215915     -4149.787723198
    47 -2264.224506716      1885.563142715     -4149.787649431
    48 -2264.224508132      1885.563388399     -4149.787896531
    49 -2264.224508282      1885.563036604     -4149.787544886
    50 -2264.224508153      1885.562961284     -4149.787469437
    51 -2264.224508358      1885.563028183     -4149.787536540
    52 -2264.224508267      1885.563176781     -4149.787685048
    53 -2264.224508237      1885.563218190     -4149.787726427
    54 -2264.220843216      1885.042223739     -4149.263066955
    55 -2264.224208651      1885.536632645     -4149.760841295
    56 -2264.224281892      1885.564968552     -4149.789250444
    57 -2264.224304198      1885.570326264     -4149.794630462
    58 -2264.224337930      1885.574862155     -4149.799200085
    59 -2264.224347943      1885.567646321     -4149.791994264
    60 -2264.224385125      1885.554300443     -4149.778685568
    61 -2264.224399246      1885.564106138     -4149.788505384
    62 -2264.224410540      1885.567745793     -4149.792156333
    63 -2264.224446291      1885.567051070     -4149.791497361
    64 -2264.224450279      1885.564497737     -4149.788948016
    65 -2264.224461007      1885.563267242     -4149.787728249
    66 -2264.224461761      1885.565350019     -4149.789811781
    67 -2264.224464651      1885.564468075     -4149.788932726
    68 -2264.224470661      1885.563915836     -4149.788386498
    69 -2264.224472451      1885.566695603     -4149.791168054
    70 -2264.224473196      1885.564579917     -4149.789053113
    71 -2264.224474271      1885.564782524     -4149.789256794
    72 -2264.224476433      1885.564704570     -4149.789181003
    73 -2264.224476229      1885.564947787     -4149.789424015
    74 -2264.224477630      1885.564719092     -4149.789196722
    75 -2264.224478549      1885.564330670     -4149.788809220
    76 -2264.224478318      1885.564498143     -4149.788976461
    77 -2264.224478624      1885.565502695     -4149.789981320
    78 -2264.224479976      1885.565179515     -4149.789659491
    79 -2264.224479208      1885.565066711     -4149.789545919
    80 -2264.224479556      1885.564280467     -4149.788760023
    81 -2264.224479572      1885.563470256     -4149.787949827
    82 -2264.224481005      1885.564256104     -4149.788737109
    83 -2264.224481090      1885.565310612     -4149.789791703
    84 -2264.224482430      1885.564445755     -4149.788928185
    85 -2264.224481842      1885.564778515     -4149.789260357
    86 -2264.224482516      1885.564558904     -4149.789041419
    87 -2264.224482139      1885.563835823     -4149.788317962
    88 -2264.224483467      1885.564815826     -4149.789299293
    89 -2264.224482440      1885.565286558     -4149.789768998
    90 -2264.224483059      1885.565501519     -4149.789984579
    91 -2264.224483580      1885.565273693     -4149.789757273
    92 -2264.224482713      1885.564962215     -4149.789444928
    93 -2264.224483364      1885.565097148     -4149.789580511
    94 -2264.224483180      1885.565467436     -4149.789950616
    95 -2264.224483182      1885.565140703     -4149.789623886
    96 -2264.224483195      1885.565002018     -4149.789485213
    97 -2264.224483492      1885.564728525     -4149.789212017
    98 -2264.224483381      1885.564574965     -4149.789058346
    99 -2264.224483337      1885.564690135     -4149.789173472
   100 -2264.224483125      1885.564886202     -4149.789369326
   101 -2264.224484020      1885.564837994     -4149.789322014
   102 -2264.224483071      1885.564273965     -4149.788757036
   103 -2264.224484760      1885.564838384     -4149.789323144
   104 -2264.224483564      1885.564288131     -4149.788771695
   105 -2264.224484285      1885.564912473     -4149.789396758
   106 -2264.224484112      1885.564984799     -4149.789468910
   107 -2264.224484071      1885.565185458     -4149.789669529
   108 -2264.224484515      1885.564850864     -4149.789335379
   109 -2264.224484121      1885.564875242     -4149.789359363
   110 -2264.224484573      1885.565544077     -4149.790028650
   111 -2264.224484693      1885.564959407     -4149.789444100
   112 -2264.224484532      1885.565290031     -4149.789774563
   113 -2264.224484921      1885.565163988     -4149.789648909
   114 -2264.224484774      1885.565742889     -4149.790227664
   115 -2264.224484555      1885.564823557     -4149.789308113
   116 -2264.224485292      1885.564783490     -4149.789268781
   117 -2264.224484822      1885.565686318     -4149.790171140
   118 -2264.224485083      1885.564833007     -4149.789318090
   119 -2264.224485331      1885.565170168     -4149.789655499
   120 -2264.224485964      1885.565335248     -4149.789821212
   121 -2264.224485641      1885.564596611     -4149.789082252
   122 -2264.224485645      1885.564042112     -4149.788527757
   123 -2264.224485971      1885.563970962     -4149.788456933
   124 -2264.224486447      1885.564369276     -4149.788855723
   125 -2264.224485773      1885.565473160     -4149.789958933
   126 -2264.224485631      1885.564641302     -4149.789126933
   127 -2264.224486789      1885.565231289     -4149.789718078
   128 -2264.224486321      1885.565179278     -4149.789665598
   129 -2264.224486232      1885.564881754     -4149.789367986
   130 -2264.224470447      1885.584237954     -4149.808708402
   131 -2264.222571790      1885.410733269     -4149.633305059
   132 -2264.224486202      1885.568100530     -4149.792586732
   133 -2264.224487733      1885.564849225     -4149.789336958
   134 -2264.224489388      1885.565638610     -4149.790127998
   135 -2264.224488610      1885.565764311     -4149.790252921
   136 -2264.224489566      1885.564962814     -4149.789452381
   137 -2264.224489495      1885.565228046     -4149.789717541
   138 -2264.224490008      1885.565913063     -4149.790403071
   139 -2264.224489846      1885.565371095     -4149.789860942
   140 -2264.224490002      1885.564878730     -4149.789368732
   141 -2264.224490745      1885.564402262     -4149.788893007
   142 -2264.224490396      1885.564665435     -4149.789155830
   143 -2264.224490241      1885.564519856     -4149.789010097
   144 -2264.224490460      1885.564070799     -4149.788561260
   145 -2264.223503645      1885.538171470     -4149.761675115
   146 -2264.224482667      1885.564732634     -4149.789215302
   147 -2264.224487125      1885.562798461     -4149.787285586
   148 -2264.224490255      1885.564225998     -4149.788716253
   149 -2264.224490362      1885.564090032     -4149.788580394
   150 -2264.224490612      1885.564985736     -4149.789476348
   151 -2264.224490921      1885.564998518     -4149.789489438
   152 -2264.224491621      1885.564592496     -4149.789084116
   153 -2264.224492224      1885.564792394     -4149.789284618
   154 -2264.224490941      1885.562486660     -4149.786977602
   155 -2264.224487798      1885.560310350     -4149.784798148
   156 -2264.224487824      1885.561329182     -4149.785817006
   157 -2264.224487677      1885.560204156     -4149.784691833
   158 -2264.224488118      1885.559776473     -4149.784264591
   159 -2264.224488013      1885.560371709     -4149.784859722
   160 -2264.224488698      1885.561694531     -4149.786183229
   161 -2264.224488563      1885.561413330     -4149.785901893
   162 -2264.224284509      1885.566277525     -4149.790562035
   163 -2264.224487416      1885.561146913     -4149.785634328
   164 -2264.224488400      1885.561221247     -4149.785709646
   165 -2264.224488953      1885.560772908     -4149.785261861
   166 -2264.224489157      1885.560335178     -4149.784824335
   167 -2264.224489309      1885.559952895     -4149.784442204
   168 -2264.224489643      1885.560249871     -4149.784739513
   169 -2264.224490121      1885.560964987     -4149.785455108
   170 -2264.224489186      1885.560953959     -4149.785443145
   171 -2264.224489662      1885.560744796     -4149.785234458
   172 -2264.224490168      1885.560036110     -4149.784526278
   173 -2264.224489826      1885.560008956     -4149.784498782
   174 -2264.224309205      1885.557388473     -4149.781697679
   175 -2264.224488612      1885.560849600     -4149.785338213
   176 -2264.224489240      1885.560226526     -4149.784715767
   177 -2264.224488387      1885.560746818     -4149.785235205
   178 -2264.224489722      1885.560678624     -4149.785168347
   179 -2264.224490073      1885.560362795     -4149.784852868
   180 -2264.224490300      1885.560299396     -4149.784789697
   181 -2264.224490910      1885.560490757     -4149.784981668
   182 -2264.224490092      1885.560649712     -4149.785139804
   183 -2264.224491492      1885.561284975     -4149.785776467
   184 -2264.224491022      1885.561943212     -4149.786434233
   185 -2264.224491344      1885.560949790     -4149.785441134
   186 -2264.224490706      1885.560668866     -4149.785159572
   187 -2264.224491270      1885.560474390     -4149.784965660
   188 -2264.223860629      1885.581612478     -4149.805473106
   189 -2264.224478178      1885.561110178     -4149.785588356
   190 -2264.224486244      1885.560771883     -4149.785258127
   191 -2264.224491682      1885.560609451     -4149.785101134
   192 -2264.224493461      1885.561346395     -4149.785839856
   193 -2264.224495504      1885.561133963     -4149.785629467
   194 -2264.224494704      1885.560310968     -4149.784805673
   195 -2264.224495198      1885.560759127     -4149.785254325
   196 -2264.224496670      1885.561118013     -4149.785614683
   197 -2264.224496517      1885.560884693     -4149.785381210
   198 -2264.224496470      1885.561262722     -4149.785759192
   199 -2264.224495963      1885.561645441     -4149.786141404
   200 -2264.224496640      1885.561253844     -4149.785750485
   201 -2264.224148783      1885.538713007     -4149.762861790
   202 -2264.224496312      1885.560184443     -4149.784680756
   203 -2264.224496384      1885.556989667     -4149.781486051
   204 -2264.224500417      1885.559609834     -4149.784110251
   205 -2264.224501311      1885.560203265     -4149.784704576
   206 -2264.224503166      1885.561087581     -4149.785590747
   207 -2264.224503507      1885.560423767     -4149.784927274
   208 -2264.224502142      1885.560487506     -4149.784989648
   209 -2264.224502155      1885.560324258     -4149.784826413
   210 -2264.224504269      1885.560481057     -4149.784985326
   211 -2264.224502535      1885.561407849     -4149.785910384
   212 -2264.224503909      1885.560777152     -4149.785281062
   213 -2264.224503118      1885.561055058     -4149.785558176
   214 -2264.224504441      1885.561430021     -4149.785934462
   215 -2264.224503755      1885.560907976     -4149.785411731
   216 -2264.224503463      1885.560956288     -4149.785459751
   217 -2264.224503799      1885.561069146     -4149.785572945
   218 -2264.224504228      1885.560750210     -4149.785254438
   219 -2264.224285267      1885.527467058     -4149.751752325
   220 -2264.224500146      1885.560086985     -4149.784587131
   221 -2264.224505209      1885.559848886     -4149.784354095
   222 -2264.224507300      1885.561573741     -4149.786081041
   223 -2264.224507824      1885.561523278     -4149.786031102
   224 -2264.224507027      1885.561363225     -4149.785870252
   225 -2264.224508110      1885.561559538     -4149.786067649
   226 -2264.224509176      1885.560991062     -4149.785500237
   227 -2264.224508158      1885.561757108     -4149.786265266
   228 -2264.224509803      1885.561079345     -4149.785589149
   229 -2264.224508931      1885.561400673     -4149.785909604
   230 -2264.224509236      1885.560925203     -4149.785434439
   231 -2264.224508727      1885.560911500     -4149.785420227
   232 -2264.224510017      1885.561194472     -4149.785704488
   233 -2264.224510622      1885.562785741     -4149.787296362
   234 -2264.224510746      1885.563703795     -4149.788214542
   235 -2264.224510489      1885.564358293     -4149.788868782
   236 -2264.224511869      1885.565179013     -4149.789690882
   237 -2264.224511302      1885.565564740     -4149.790076042
   238 -2264.224511162      1885.564524780     -4149.789035943
   239 -2264.224511291      1885.564685838     -4149.789197129
   240 -2264.224511395      1885.564686468     -4149.789197863
$end
