$hessapprox internal
  0.611266301080D+00  0.924177764169D-01  0.718329393508D+00 -0.503996249849D-01
  0.109075450171D+00  0.440241808845D+00  0.816541170814D-02 -0.663324242859D-02
 -0.180322868603D-01  0.481563486233D+00  0.482095104052D-02 -0.180299793352D+00
  0.657199909246D-01 -0.748786060437D-01  0.353874574188D+01  0.126819872834D+00
  0.360004943316D-01 -0.213676285534D+00  0.482798014888D-01  0.131707954185D-01
  0.143224245502D+01  0.409541516632D-02  0.118523453924D-01  0.102403001149D-01
 -0.420004640473D-02 -0.956202084344D-02 -0.995175696281D-02  0.438845760678D+00
  0.118080990721D-01 -0.530362412782D-02 -0.223184488000D-01  0.662606657955D-02
 -0.134510035215D-01  0.251884891392D-01 -0.217407831238D-02  0.360500652053D+00
 -0.770573756670D-02  0.172053065744D-01  0.856565154825D-01  0.502343492717D-01
  0.371764579363D+00 -0.474493323818D-01  0.486385303477D-02 -0.268742212775D-01
  0.640306345243D+00  0.269894537912D-02  0.368802093325D-02  0.342534687689D-02
 -0.190423525424D-02  0.483806291610D-02 -0.391729719989D-02 -0.246332171968D-03
  0.174746945386D-02  0.235656765422D-03  0.435858081989D+00  0.190988839304D-02
  0.197445213268D-02 -0.799994915887D-02  0.102864581994D-01 -0.201625405258D-01
  0.498561593222D-02  0.170615671171D-02 -0.265775571933D-01  0.543110554859D-02
 -0.627473523445D-03  0.358719367096D+00 -0.332016561685D-01 -0.920827524828D-01
 -0.876929988370D-01  0.910118063413D-01  0.212705357460D-01  0.556716651900D-01
 -0.672903386195D-02  0.553387476092D-02  0.191363694104D-01 -0.131989251416D-02
  0.101647410315D-01  0.466568281094D+00  0.239673646621D-03  0.748597356431D-03
  0.169961601611D-02 -0.986584491664D-03  0.594078848258D-02  0.483640165222D-03
 -0.107957892585D-03 -0.690482059876D-03  0.228555684517D-02  0.872688962427D-05
  0.866984288463D-04 -0.450526217548D-03  0.441104206283D+00 -0.121943952585D-01
 -0.175720503908D-01 -0.852917080289D-02 -0.191447426716D-02  0.140358048003D-01
  0.121579515837D-01  0.459652505612D-03 -0.159507150959D-01  0.203381670413D-01
  0.651308452438D-03  0.133007821346D-01  0.751095006261D-02  0.138691578560D-02
  0.380156047731D+00 -0.261226198370D-01 -0.129996043071D+00 -0.142677755394D+00
 -0.231770172067D-01 -0.215630772781D+00 -0.290206738800D-01 -0.396191703280D-02
  0.788968727290D-02 -0.123211342852D+00 -0.277764420053D-02 -0.140795325327D-02
  0.946704349286D-01 -0.550054055866D-02 -0.152534267007D-02  0.515142889093D+00
  0.370660077169D-02 -0.199062075913D-01 -0.263426040074D-01  0.110135125519D-02
  0.379885132953D-01  0.184130047789D-01 -0.441298302020D-02  0.626092953018D-02
 -0.109535385610D-01 -0.818858684077D-03 -0.271904579047D-02  0.883741781897D-02
 -0.156170924063D-03 -0.549922585948D-02  0.129677857415D-01  0.444440560805D+00
  0.852709504378D-02  0.251702500714D-01  0.767982888349D-02 -0.532632244541D-03
 -0.596987718971D-01  0.161279077736D-01 -0.893005010849D-03 -0.452978501688D-02
 -0.421227066048D-01  0.520419987386D-03 -0.329854584580D-01 -0.183553359436D-01
 -0.680564542761D-03 -0.274820680951D-01 -0.926139160656D-02  0.203174301396D-02
  0.369242988248D+00 -0.390293602603D-02 -0.682446745955D-01 -0.867098010387D-02
  0.125154481134D+00  0.499649391032D+00 -0.191982440580D-01 -0.108911478100D-02
  0.191641127575D-01 -0.612563640406D-01  0.265103685855D-02  0.297426074802D-02
  0.424356542817D-01 -0.343650820927D-02 -0.123363071334D-01  0.735941712902D-01
  0.772499809587D-02  0.873201996935D-02  0.725037089700D+00  0.275016504458D-01
 -0.735340171432D-01 -0.111123763068D+00  0.687153489527D-02  0.141901523909D+00
  0.668287372058D-01 -0.541369815962D-02  0.119817212367D-01 -0.267000764238D-01
 -0.582678674961D-02 -0.305499620350D-02  0.462237940754D-01 -0.143239236277D-02
  0.244023590773D-02  0.697693064271D-01  0.178581369096D-01 -0.117260070576D-01
  0.294798630816D-01  0.509526779054D+00  0.131278862422D-01  0.657421151370D-01
  0.352861850454D-01 -0.761250212979D-02 -0.142444358389D+00  0.383629552687D-01
  0.633228772421D-03  0.205751545588D-01 -0.438764178240D-01 -0.433913852923D-03
  0.749756011483D-03 -0.435659526964D-01 -0.561567638471D-03 -0.234104899903D-01
 -0.421444600431D-01 -0.442797521649D-02  0.439911486049D-01 -0.464317430561D-01
 -0.327355399410D-01  0.406196960493D+00  0.349705293977D-01 -0.151100901774D+00
 -0.136745441466D+00 -0.207620223080D-01 -0.139857440934D-01  0.206806397400D-01
 -0.880708158890D-02  0.248412609187D-01  0.826805631071D-01 -0.186232858875D-02
 -0.137308902845D-01 -0.189174747292D+00 -0.237335634618D-02 -0.699897726117D-03
  0.132113958340D+00  0.261862133101D-01 -0.637057968807D-02  0.127257203823D+00
  0.106508322789D+00 -0.686215194009D-01  0.926429149580D+00  0.100920986172D-01
 -0.226500896206D-02 -0.145011299125D-01 -0.108212232746D-02 -0.101420570766D-03
  0.905334399500D-02 -0.235110947379D-02  0.146921774308D-02 -0.516506057210D-02
  0.242994468351D-03  0.201740874228D-02  0.264489855538D-02 -0.716475518158D-03
 -0.169561354423D-03  0.142753998993D-01 -0.153772674602D-02 -0.152402043516D-02
  0.747202073954D-02  0.833157422647D-02 -0.574240509487D-02  0.139719751418D-01
  0.438982826910D+00 -0.153303870000D-01 -0.151895154006D-01  0.140447305353D-01
  0.178395474397D-02  0.481229169781D-01 -0.237779228127D-01 -0.165483072491D-02
 -0.278215486146D-01  0.180713403688D-01  0.768637096337D-03 -0.149700603128D-01
  0.923945260193D-02  0.108845671265D-03  0.704853686155D-02 -0.285827590816D-01
  0.254545018787D-02 -0.221970933719D-01 -0.726567850383D-02 -0.358843090898D-02
  0.504274725697D-02 -0.190972019588D-01 -0.239754223269D-02  0.354936930516D+00
  0.722917693732D-01  0.335193698923D+00  0.181504448795D+00 -0.167070101116D-01
 -0.857266285980D+00 -0.962209550462D-02  0.172682256349D-01 -0.183153335619D-01
 -0.444788398757D-01  0.326401917712D-02 -0.183587743683D-02 -0.111114764503D+00
 -0.661474561425D-03 -0.213767938135D-01 -0.170057149990D+00 -0.429494168853D-01
  0.372575986139D-01 -0.289447024735D+00 -0.161424612357D+00  0.111547124295D+00
 -0.350499719232D+00 -0.130289970855D-01 -0.211285513835D-01  0.971552325953D+00
  0.410895880036D-02  0.653687314323D-03 -0.716261742119D-03 -0.769502844352D-03
  0.121027070397D-01 -0.464134621010D-02 -0.641403952223D-03  0.260192644678D-02
 -0.115287489217D-03 -0.495108044661D-02  0.442269169986D-03  0.265452370828D-02
 -0.829183891627D-03  0.569129276590D-03  0.232339683085D-02 -0.865293181347D-03
 -0.455955365034D-03  0.493496746491D-02 -0.221337408812D-02 -0.418667345202D-02
  0.108111117152D-03 -0.291471509652D-03  0.169409655506D-02 -0.358647604510D-02
  0.437144360334D+00  0.332139054912D-01  0.268938796983D-01 -0.227169490889D-01
  0.322196035857D-01 -0.987629487161D-01  0.239667933019D-01  0.214645752909D-02
 -0.798269219647D-02 -0.394843253618D-01  0.270254986863D-03 -0.273603943592D-01
 -0.128426107425D-02 -0.287372472155D-02 -0.541176862836D-02  0.356782095762D-01
  0.214783162570D-02 -0.177679235316D-02  0.368502585651D-01  0.958286348691D-03
  0.244978604217D-01  0.233014016323D-01  0.602370772716D-02 -0.473743771509D-01
  0.274459734263D-01  0.163942327957D-02  0.374661592480D+00 -0.394325797006D-01
 -0.117007199439D+00 -0.932041222984D-02 -0.660891054274D-01  0.230308202145D+00
 -0.158855485443D+00 -0.262911542648D-02 -0.105150301727D-01 -0.143232045105D-02
  0.150751287425D-02 -0.624685393085D-02  0.225081273455D-01 -0.187936615859D-02
  0.920867996411D-02  0.886395752766D-01  0.100267672896D-01 -0.220927023890D-01
  0.181532757154D+00  0.528656999833D-01 -0.652101036316D-01  0.153816462591D+00
  0.255261542285D-02  0.106189325470D-01 -0.189060227191D+00  0.712420743515D-02
 -0.207109949080D-01  0.560966780501D+00  0.365913104314D-02  0.703303970974D-02
  0.246477002449D-02 -0.139040340978D-02 -0.110155471335D-01  0.532587079286D-02
  0.186067342736D-03  0.453575321831D-03 -0.656716579535D-03 -0.449652792688D-03
 -0.646377281692D-03 -0.343381082507D-02 -0.698172999803D-03 -0.112843222566D-03
 -0.587949100213D-02 -0.387412254382D-03  0.170300069081D-02 -0.430518974491D-02
 -0.410314253852D-02  0.366935925636D-02 -0.486509802920D-02 -0.654868531339D-03
 -0.119864579584D-02  0.100121444563D-01 -0.161004343429D-02 -0.267834604268D-03
 -0.977598501619D-02  0.441567451038D+00  0.194847203148D-01  0.265884878090D-01
 -0.736871302787D-02  0.137390051042D-01 -0.887069658979D-01  0.310867687967D-01
  0.208292257157D-02  0.393605091831D-02 -0.268719827735D-01  0.110559576123D-02
 -0.413172898149D-02 -0.199663575270D-01 -0.101016412885D-02 -0.179766693452D-01
  0.275010540816D-01 -0.438934888945D-02  0.473803528723D-02  0.170541807040D-01
 -0.588654327967D-02  0.112686945051D-01  0.241300015259D-01  0.273477691054D-02
 -0.201869609204D-01  0.423158112492D-01  0.457244006970D-03  0.350440556442D-01
 -0.191014617985D-01  0.153881493988D-02  0.394208182605D+00 -0.705776886292D-02
  0.176124968262D-01  0.678479718616D-01  0.249005083275D-01  0.290251478566D+00
 -0.889308997169D-01  0.375719720686D-03 -0.110502523664D-01  0.828313534675D-01
 -0.558452040659D-03 -0.112025439547D-01 -0.190032484752D-02  0.764036793006D-03
 -0.590054357862D-03 -0.959940358487D-01 -0.564548651319D-03 -0.192390360413D-02
 -0.189631817193D-01 -0.107191282945D-01 -0.867993973508D-03  0.216876576960D-01
 -0.782560195101D-02  0.181267776994D-01  0.226419238372D-01  0.128172518941D-02
 -0.266549816072D-01  0.390306409748D-01 -0.448060734818D-02 -0.208581938705D-01
  0.453509986279D+00 -0.586752942433D-02  0.190767558312D-01  0.387906412271D-01
 -0.611291848089D-02  0.212485328590D-01 -0.290666546567D-01 -0.241348592575D-02
 -0.291889381499D-02  0.187820171262D-01  0.863214392003D-03  0.268387111327D-03
 -0.109675541093D-01  0.492581718324D-03 -0.304747128523D-02 -0.354209969452D-01
 -0.609993959107D-02  0.207012711565D-02 -0.106394108055D-01 -0.152071581007D-01
  0.761219963775D-02 -0.397831032566D-01 -0.693385333473D-02  0.815964299567D-02
  0.359662069499D-01 -0.761587574082D-03 -0.733164938286D-02 -0.552213208819D-02
  0.456354311281D-03 -0.929901401552D-02  0.175437096203D-01  0.445906196696D+00
 -0.237095568086D-01 -0.392195741298D-01 -0.101242093178D-01 -0.743442323913D-02
  0.690292535392D-01 -0.884431135447D-02 -0.345123952902D-02 -0.250853845613D-01
  0.866401213295D-02 -0.394066179669D-03 -0.150354509611D-01  0.245092278927D-01
  0.114141368994D-02  0.686178583099D-02 -0.228596720253D-01  0.511056385383D-02
 -0.339952404767D-01 -0.127986270754D-01  0.839838174674D-02  0.871785314229D-03
 -0.158014157009D-01 -0.266159799175D-02 -0.275140488962D-02 -0.576673187078D-01
  0.481030190783D-03 -0.513349439583D-01  0.199218224396D-01 -0.128702530451D-02
 -0.340237113665D-01  0.197288342105D-01  0.677434115466D-02  0.379822159491D+00
 -0.499359655209D-01 -0.124782091196D+00 -0.426402814794D-01 -0.382642462793D-01
  0.533385705111D-01 -0.759137509290D-01 -0.491976544567D-02  0.736425542433D-02
  0.357768281711D-01  0.523146226968D-02 -0.994758645342D-02 -0.435977857571D-01
  0.114970649315D-03 -0.546317710849D-02  0.599128277160D-01  0.110476515762D-01
 -0.127268317599D-01  0.122670123367D-01  0.491737598375D-01 -0.220591543315D-01
  0.258446609277D+00  0.979575917889D-03  0.478269735911D-02 -0.203084947126D+00
  0.687346498512D-02 -0.110800968014D-01  0.668825065561D-01 -0.247284356378D-02
 -0.186264117568D-01  0.756033094136D-01 -0.110615150188D-01  0.107791036616D-01
  0.405151771016D+00 -0.351167373748D-02  0.110166910497D+00  0.132884262422D+00
 -0.143392333825D-01 -0.126609322076D+00 -0.769650083205D-01  0.492944257135D-02
 -0.114035648445D-01  0.281510716894D-01 -0.397039457041D-02 -0.258466183682D-02
 -0.547699080267D-01 -0.624525519957D-03 -0.521609268504D-02 -0.980293775973D-01
 -0.179166456970D-01  0.141754695406D-01 -0.517897115035D-01 -0.841274578963D-01
  0.444367466064D-01 -0.146809085177D+00 -0.105574564248D-01  0.275440897301D-02
  0.211328375341D+00 -0.750254626829D-02 -0.817575035708D-02 -0.632078760533D-01
  0.161300519893D-02  0.400287361884D-02  0.250121384424D-01  0.222978107365D-01
 -0.109611142767D-01 -0.496949195507D-01  0.526688379156D+00 -0.212036257092D-01
 -0.242267699677D-01 -0.743399345639D-02 -0.166613986725D-01  0.680854956239D-01
  0.157665470797D-01 -0.376705370197D-02  0.149384716904D-02  0.235064744092D-01
 -0.425516825437D-03  0.177741983535D-01  0.648732501131D-02  0.209052044997D-02
  0.646920758952D-02 -0.431388863153D-01  0.118305314477D-02  0.382360689073D-02
 -0.469041349939D-01  0.710721369936D-02 -0.179261647837D-01 -0.415579470993D-01
 -0.624461841634D-02  0.316084461118D-01 -0.311391980364D-01 -0.134850070778D-02
 -0.171936312626D-01 -0.599975338378D-02  0.777296963792D-03 -0.335505406074D-01
  0.116105733246D-01  0.662470940760D-02  0.477998647544D-01  0.152818382241D-01
  0.182952557598D-02  0.396072331400D+00 -0.110717087154D+00 -0.260533213127D+00
 -0.565298133310D-01 -0.261760981054D-01  0.671226798617D+00 -0.233481620555D+00
 -0.417778517811D-02  0.287538233645D-01  0.394622226103D-01  0.520026293481D-02
 -0.635844560015D-02  0.795888127732D-01 -0.454761124557D-02 -0.147449186565D-01
  0.226373619982D+00  0.201218847856D-01 -0.287845301288D-01  0.242821893998D+00
  0.103186345748D+00 -0.902416091798D-01  0.368105432854D+00  0.134944562340D-01
 -0.699725708466D-02 -0.419754303797D+00  0.143798116553D-01  0.303047886214D-01
  0.180646168828D+00 -0.131561253264D-01 -0.753351264411D-03  0.533491292057D-01
 -0.260456691368D-01 -0.125424077556D-01  0.282716570133D+00 -0.121558258754D+00
 -0.345587751162D-01  0.106177525749D+01  0.699851307619D-01  0.627187563353D-01
 -0.279329777169D-01  0.275259446044D-01 -0.128526487225D+00  0.389213481134D-01
  0.300568517682D-02  0.161496062875D-01 -0.320259686562D-01 -0.106090890780D-01
 -0.260805264970D-02 -0.148878487921D-01 -0.338065207075D-02 -0.101170733244D-01
  0.423356798669D-01 -0.251747257610D-02  0.161183186983D-01  0.206685061102D-01
 -0.358921505460D-02  0.111088487637D-01  0.195003902546D-01  0.737420039262D-02
 -0.297724920101D-01  0.725781027864D-01 -0.944584308232D-02  0.473077493570D-01
 -0.293153517521D-01 -0.758027759872D-03  0.454305355817D-01 -0.284820686852D-01
 -0.141259761248D-01 -0.439608126461D-01 -0.165337627605D-01 -0.171670424916D-01
 -0.448734647551D-01  0.920795143233D-02  0.686587233994D+00  0.690309630970D-01
  0.835848365386D-01 -0.214999602533D-01  0.479891485472D-01 -0.242170647506D+00
  0.527992513718D-01  0.765954848016D-02  0.293049793625D-01 -0.746460742183D-01
  0.698362295153D-03 -0.116108998490D-01 -0.397919429868D-01 -0.531635125289D-02
 -0.262824128092D-01  0.767136029419D-01 -0.555826037998D-02  0.396636007446D-01
  0.626782873162D-01 -0.140510877034D-01  0.328855612226D-01  0.542993091207D-01
  0.103637655418D-01 -0.518239912171D-01  0.111697247523D+00 -0.116965550797D-02
  0.879029096183D-01 -0.601618934431D-01  0.170399387616D-02  0.876958128291D-01
 -0.592875624528D-01 -0.217019206749D-01 -0.810218946183D-01 -0.358018616745D-01
  0.327102033767D-02 -0.904429824463D-01  0.226798322856D-01  0.122077574081D+00
  0.857147291635D+00  0.358823155837D-01  0.467949659052D-01  0.270077819921D-02
  0.186974596450D-01 -0.115498114747D+00  0.148746406640D-02 -0.188618991204D-02
  0.102704989451D-01 -0.309679949342D-01  0.137439107516D-02 -0.735878796502D-02
 -0.277251661468D-01 -0.354543816194D-02 -0.162889650381D-01  0.417477349383D-01
 -0.108471505092D-01  0.193373832773D-01  0.397170437293D-01 -0.899425239019D-02
  0.151319171011D-01  0.274471256514D-01 -0.184136958378D-02 -0.298847582936D-01
  0.590066254973D-01 -0.142686166387D-02  0.460607407371D-01 -0.253106670470D-01
  0.564579474792D-03  0.456098444003D-01 -0.292132669063D-01 -0.192743247309D-01
 -0.464852731922D-01 -0.280983634523D-01  0.411669372362D-02 -0.545113169213D-01
  0.244154204464D-01  0.614038975334D-01  0.128942779788D+00  0.682623851943D+00
 -0.280543702363D-01 -0.187678698101D-01  0.355671710222D-01 -0.347993416307D-01
  0.126817587625D+00 -0.412752284854D-01 -0.155507243545D-02 -0.131639947935D-01
  0.410951319855D-01 -0.105149299134D-01  0.319704363337D-02  0.680689077674D-02
  0.184627240348D-02  0.142656307007D-01 -0.570124907622D-01 -0.154521700483D-02
 -0.190010099476D-01 -0.316926764756D-01 -0.147583960667D-01 -0.174187618894D-01
 -0.408631563668D-01 -0.457614766219D-02  0.239343465988D-01 -0.213074486102D-01
 -0.861414286766D-02 -0.433049915521D-01  0.290217279568D-01 -0.210187586389D-02
 -0.374665741819D-01  0.317375613953D-01  0.151075802850D-01  0.332269106396D-01
  0.244761858646D-01  0.335947806149D-02  0.376006912261D-01 -0.151291125422D-01
 -0.758785334074D-01 -0.108205451962D+00 -0.540916657438D-01  0.650417910060D+00
 -0.712117976744D-01 -0.843026943429D-01  0.210000654777D-01 -0.497650774699D-01
  0.270641623393D+00 -0.418488248112D-01 -0.719798767678D-02 -0.188049737516D-01
  0.711039368245D-01 -0.141236949995D-02  0.133636069435D-01  0.381766628589D-01
  0.351365381416D-02  0.247646589443D-01 -0.955666789059D-01  0.842422664594D-02
 -0.302732306723D-01 -0.645377272154D-01  0.114397511796D-01 -0.313330860430D-01
 -0.643836897867D-01 -0.117932411625D-01  0.624412070158D-01 -0.116054939397D+00
 -0.230345971112D-02 -0.878672985108D-01  0.531977385831D-01 -0.328973396720D-02
 -0.911136006935D-01  0.645385949162D-01  0.258805813738D-01  0.930372169280D-01
  0.419131878224D-01 -0.321139280128D-02  0.960518036506D-01 -0.394171474451D-01
 -0.134350787387D+00 -0.252338776560D+00 -0.136516539253D+00  0.111608467410D+00
  0.900737250651D+00 -0.437893356004D-01 -0.384466025195D-01  0.251277808312D-01
 -0.156083089532D-01  0.131814438306D+00 -0.135513733486D-01 -0.969988781441D-02
 -0.961186551776D-02  0.382580203413D-01 -0.105432918161D-02  0.182657545190D-02
  0.242795908829D-01  0.220032095062D-02  0.582449285841D-02 -0.805413380170D-01
  0.665734838408D-03 -0.787917356890D-02 -0.412855786529D-01 -0.165536759432D-02
 -0.226181373293D-04 -0.618656787528D-01 -0.146558348504D-01  0.384525844270D-01
 -0.414699798443D-01 -0.292083668836D-02 -0.560407668088D-01  0.825814171365D-02
 -0.138873281617D-02 -0.578348206070D-01  0.438620147376D-01  0.144664227622D-01
  0.573325341163D-01  0.181696427664D-01  0.104712544937D-01  0.639991714268D-01
 -0.597506388010D-01 -0.852489457924D-01 -0.155677178641D+00 -0.974914519167D-01
  0.651383244881D-01  0.172838041962D+00  0.729168670018D+00  0.105850188531D-01
 -0.150745108340D-01 -0.235581255794D-01  0.145030177122D-01  0.280513305728D-01
 -0.186689553544D-01  0.139211680322D-02 -0.205595222349D-02 -0.258870914417D-01
  0.174690146356D-02 -0.591976794755D-02  0.113056242393D-01 -0.298061046964D-02
  0.521084738702D-02  0.502880781726D-01  0.979479092873D-03 -0.142559218064D-01
  0.649688830153D-01  0.164609899665D-01 -0.154216040570D-01  0.473313456883D-01
  0.414244534629D-02 -0.186848071599D-01 -0.499646910860D-01  0.166111038764D-02
  0.125750329185D-02  0.580110085189D-01 -0.442465242278D-02  0.133992141500D-01
  0.127380808110D-02 -0.908317796371D-02 -0.214369986858D-01  0.612726319725D-02
 -0.205659640004D-01 -0.149084442823D-01  0.740654268821D-01  0.168645878535D-01
  0.282155993697D-01  0.167048472117D-01 -0.144781527005D-01 -0.403739201048D-01
 -0.297590321486D-01  0.443401888421D+00 -0.809957023061D-01 -0.906592047519D-01
  0.333321938943D-01 -0.752730073551D-01  0.313804840709D+00 -0.644604385260D-01
 -0.553502981571D-02 -0.374390800041D-01  0.110262226062D+00 -0.554511942474D-02
  0.183108984083D-01  0.508750860620D-01  0.627394868788D-02  0.402223659852D-01
 -0.115352191723D+00  0.722337269030D-02 -0.570649234698D-01 -0.943331244052D-01
  0.732586527595D-02 -0.435958740458D-01 -0.927323707657D-01 -0.113455070174D-01
  0.721796017394D-01 -0.133873341969D+00 -0.372017680707D-02 -0.118315185465D+00
  0.792266455889D-01 -0.385110566488D-02 -0.116138187487D+00  0.866679912897D-01
  0.339625229447D-01  0.107239350340D+00  0.509916896317D-01 -0.265028590976D-02
  0.126460429207D+00 -0.573617915199D-01 -0.172224359935D+00 -0.316576014870D+00
 -0.166370629860D+00  0.136774381056D+00  0.334222828079D+00  0.211033112631D+00
 -0.437952331482D-01  0.858574337694D+00  0.127625689615D-01 -0.122452035560D-02
 -0.239999178303D-01  0.118721107123D-02 -0.262797869176D-01  0.159932786038D-01
  0.157902225919D-02  0.125106718155D-02 -0.123813557856D-01 -0.939151881432D-03
 -0.769092200655D-03 -0.533641101502D-03  0.335468497197D-03  0.416752837048D-03
  0.286542122092D-01  0.994160742066D-04 -0.391772526604D-02  0.919842009662D-02
  0.940914921817D-02 -0.382011058244D-02  0.354837135710D-01  0.469333499817D-02
 -0.964325432221D-02 -0.133469286244D-01  0.205621898406D-03  0.107524849454D-01
  0.261636272717D-02  0.883066502114D-03  0.109400991570D-01 -0.183089005430D-01
 -0.669319216564D-02 -0.129096001395D-01 -0.176300049271D-02 -0.115902138656D-01
 -0.109037328580D-01  0.113031092801D-01  0.184972846681D-01  0.326017433770D-01
  0.207436671330D-01 -0.170527318854D-01 -0.347345867589D-01 -0.275135538145D-01
  0.743521867869D-02 -0.447046248990D-01  0.442479694048D+00  0.101935273096D+00
  0.204293027162D+00  0.363821026612D-01 -0.233188492639D-01 -0.540081432041D+00
  0.102644618334D+00  0.561529096456D-02 -0.244954934969D-01 -0.109684502777D+00
 -0.505374628730D-02  0.743731303079D-02 -0.268926039988D-02 -0.663579475286D-03
  0.978911107809D-02 -0.803075703800D-01 -0.177893679936D-01  0.188392368633D-01
 -0.898442252745D-01 -0.629444463659D-01  0.362341921317D-01 -0.294662544020D+00
 -0.469984758706D-02 -0.775190750417D-02  0.506779695819D+00 -0.716310085535D-02
  0.156805112770D-02  0.194281376819D+00  0.331804370812D-02  0.206395029553D-01
 -0.822907213744D-01  0.117927099269D-01 -0.853043190903D-02 -0.410788825720D+00
  0.737979841001D-01 -0.147275830566D-01 -0.635311681888D+00  0.309855091046D-01
  0.308234588093D-01  0.167355104776D-01 -0.146659207759D-01 -0.361201977782D-01
 -0.153186083444D-01 -0.228197904780D-02 -0.322642264348D-01  0.424790153519D-02
  0.984628483262D+00  0.151732802409D-01  0.539799939769D-01 -0.192040178132D-01
 -0.436934703391D-01 -0.739504662063D+00 -0.210341881212D-01  0.917490536263D-02
  0.330756169255D-01 -0.110431683155D+00  0.390648080723D-02  0.143085526773D-01
 -0.151397386013D-01 -0.505455413545D-02 -0.246934919660D-01  0.180885433007D+00
 -0.143822420658D-01  0.140642356404D-01  0.258691790857D-01 -0.270596662936D-01
  0.100739523579D-01  0.150567366382D-01  0.143843062888D-01 -0.500589068937D-01
  0.338820391829D+00  0.373761911915D-02  0.985314590836D-01 -0.344114236718D-01
  0.425615539521D-02  0.745881757337D-01 -0.537143421829D+00 -0.216697249013D-01
 -0.869628664048D-01 -0.119876626327D+00  0.198038749711D-01 -0.924903597597D-01
  0.280999595567D+00  0.116146991278D+00  0.219900159573D+00  0.131309677806D+00
 -0.912178140255D-01 -0.248506733196D+00 -0.164933554126D+00  0.349020700517D-01
 -0.316292260335D+00  0.364686176637D-01  0.134328224190D+00  0.149209612081D+01
 -0.464419371641D-01 -0.698124982981D-01  0.266175291570D-01 -0.636537976373D-01
 -0.520166643145D-01 -0.222772619518D+00  0.333905980066D-02  0.930464136288D-02
  0.233248419446D-01  0.663400688265D-02 -0.107343988180D-01 -0.294481291962D-01
 -0.404103909579D-02 -0.175103828626D-01  0.106927227358D+00 -0.404830712323D-03
 -0.912489626148D-02  0.965958372544D-01  0.219876111385D-01 -0.334819139283D-01
  0.244134189772D+00  0.401139050814D-02 -0.112473375596D-01  0.731190767581D-01
  0.122136527052D-01  0.262511184938D-01  0.300953128213D+00 -0.786609914532D-02
  0.131332040011D-01  0.848862138996D-01 -0.590500152476D-02 -0.277364492099D-01
  0.221099510424D+00 -0.157360699083D-01 -0.444777068582D-01  0.512971235532D+00
  0.333330573404D-01  0.482408130006D-01  0.358983552260D-01 -0.429980727442D-02
 -0.627190360233D-01 -0.581193748357D-01  0.550882183105D-01 -0.709688763202D-01
  0.530684252483D-02 -0.123016836769D+00  0.395223679415D+00  0.648361846656D+00
 -0.349310310085D-01 -0.572775163539D+00 -0.512307732290D+00 -0.379647968899D-01
  0.892607798336D+00  0.163206045934D+00 -0.294507856459D-01  0.664811447544D-01
 -0.157985916646D+00 -0.615950123877D-02  0.525606960303D-02  0.224715676543D+00
 -0.577976064494D-02  0.218701612171D-01  0.512648258224D+00  0.836528943989D-01
 -0.436362551167D-01  0.392134773861D+00  0.353600893183D+00 -0.194163875906D+00
  0.776440557558D+00  0.410253659059D-01 -0.157241252912D-01 -0.111011446678D+01
  0.103117463937D-01  0.330116417160D-01  0.437226299205D+00 -0.190005930883D-01
 -0.659089700572D-02 -0.195431993905D+00 -0.105773318143D+00  0.477266433435D-01
  0.207930818109D+00 -0.440371566056D+00  0.675939214437D-02  0.955693907785D+00
  0.325291239332D-02 -0.167338416799D-01 -0.176939234324D-01 -0.560516152850D-01
  0.595374966671D-02 -0.683564188277D-01  0.125648946363D+00 -0.244112245512D-01
  0.638727464690D-01 -0.363981693901D+00  0.193339746738D+00  0.263343609379D+00
  0.278656925156D+01  0.453531919288D+00  0.429272424537D+00 -0.293736933247D+00
  0.339747046379D+00 -0.152917307807D+01  0.398010528752D+00  0.377376963237D-01
  0.169489609112D+00 -0.560186434107D+00  0.490721327929D-02 -0.934560508602D-01
 -0.201746957585D+00 -0.301379281746D-01 -0.177718311391D+00  0.653132757495D+00
 -0.197885549161D-01  0.225142670400D+00  0.414886779365D+00  0.661955951346D-02
  0.179665908080D+00  0.507779540484D+00  0.778167060706D-01 -0.364985056939D+00
  0.534522945066D+00  0.494747061164D-02  0.559404853684D+00 -0.333778698661D+00
  0.145585862572D-01  0.550621787304D+00 -0.459661815849D+00 -0.162141874852D+00
 -0.530392830905D+00 -0.198085027589D+00 -0.631538341920D-01 -0.581030556955D+00
  0.323365324370D+00  0.807620283845D+00  0.151909838202D+01  0.813369712164D+00
 -0.697887605706D+00 -0.161682716289D+01 -0.101308211752D+01  0.221344229371D+00
 -0.204890058602D+01  0.218833592541D+00  0.123575549995D+00  0.153714449467D+01
  0.360687527505D+00  0.381761078224D+00  0.102836226351D+02  0.207167050447D-01
 -0.210597001904D-01 -0.774494148017D-01 -0.716989172888D-01 -0.102979035008D+01
 -0.790828028426D-01  0.885253567047D-02  0.469074201650D-01 -0.844984969260D-01
  0.849106255824D-02  0.106104548983D-01 -0.455578104665D-01 -0.904187559264D-02
 -0.286393391617D-01  0.258419328295D+00 -0.301047880356D-02  0.162447316126D-01
  0.185359903293D+00  0.226950281308D-01 -0.178522025567D-01  0.335607771973D+00
  0.212888090502D-01 -0.623626052531D-01  0.255930905999D+00  0.127587573275D-01
  0.124269061335D+00  0.359271124956D+00 -0.272851857742D-02  0.939335192711D-01
 -0.538106782938D+00 -0.380423687727D-01 -0.995058271244D-01  0.648513783053D-01
 -0.405780667951D-01 -0.126070069182D+00  0.478107360567D+00  0.149133999480D+00
  0.265971410739D+00  0.164665309292D+00 -0.101154137871D+00 -0.305224447358D+00
 -0.217206216644D+00  0.952425734335D-01 -0.378200222599D+00  0.525712618707D-01
  0.198487780319D+00  0.189390129759D+01  0.946276231257D+00  0.556191475319D+00
  0.191183096311D+01  0.338528755823D+01  0.111993192949D-01  0.262356687356D-01
  0.132425496663D-01  0.453208053840D-02 -0.160079312911D-01 -0.132859220365D-01
  0.303959516791D-02 -0.134501596145D-01  0.303472913158D-01 -0.122151180121D-01
  0.184262484297D-01 -0.244227651136D-02  0.146576581343D-02  0.240793380892D-01
 -0.274719449700D-01 -0.928094213010D-02 -0.204503231949D-01 -0.200820390252D-01
 -0.222577094485D-01 -0.194080801083D-01 -0.393823255648D-01  0.238820304710D-02
  0.318181762027D-02  0.319885962910D-01 -0.953767823189D-02 -0.114357018711D-01
 -0.904603380301D-02  0.521396008544D-03 -0.555868270509D-02 -0.275273771501D-02
  0.280802216837D-02  0.479535293576D-02 -0.102669642256D-01  0.149878387137D-02
  0.935040513227D-02 -0.476751277252D-01 -0.285818136713D-01 -0.208012616484D-01
 -0.928144787661D-02 -0.764718549351D-02  0.168102549605D-01  0.254722706417D-02
 -0.204932059232D-03  0.272124820379D-01 -0.836204203192D-03  0.294518285282D-01
 -0.112333389895D-01 -0.204216795637D-01 -0.761606228415D-01 -0.158769939667D+00
 -0.248479658736D-01  0.642917504212D+00 -0.170642059842D-01 -0.366345106308D-01
 -0.169783563552D-01  0.144544662136D-01  0.694636277827D-01 -0.760711773824D-02
  0.390887977844D-02 -0.272794077534D-01  0.672958356756D-01  0.664357350708D-04
  0.409233077389D-01  0.358768742036D-01  0.134928605412D-02  0.525017107233D-01
 -0.721014188544D-02 -0.894331146808D-02 -0.535214037320D-01 -0.177272443013D-01
  0.719115002600D-02 -0.691440900550D-01 -0.130643191120D-01  0.200052520602D-02
  0.240545967139D-01 -0.691573474939D-01 -0.635888174397D-03 -0.316158965702D-01
  0.322479506699D-01 -0.389697325295D-02 -0.302466252776D-01  0.757276331744D-02
 -0.229265015488D-02  0.348690077734D-01  0.437998880029D-02 -0.209456846859D-01
  0.255545672302D-01 -0.224772535303D-01 -0.402589902627D-01 -0.975042353009D-01
 -0.473164002794D-01  0.420192591047D-01  0.825387885567D-01  0.277998827242D-01
  0.418428919426D-02  0.135252405354D+00  0.105666075888D-02  0.788111759187D-02
 -0.798596349909D-01 -0.350290211749D-01  0.498580444100D-01 -0.590997715823D+00
 -0.956297170032D-01  0.641014793650D-01  0.765272097397D+00 -0.332076678440D-02
 -0.244666991288D-01 -0.134936237442D-01  0.150490897856D-02  0.725471577317D-01
 -0.980729581253D-02 -0.466902820646D-02 -0.212222432881D-01  0.505163802007D-01
  0.435377282069D-03  0.168436482204D-01  0.234628989293D-01  0.112507064003D-02
  0.252088813104D-01  0.511486375387D-02 -0.938380062628D-02 -0.347901175170D-01
  0.245563213582D-02  0.151803614038D-01 -0.428868971388D-01  0.721635957197D-02
 -0.410046526238D-02  0.675172577109D-02 -0.569545964650D-01  0.105796210785D-02
 -0.204308879287D-01  0.345042936402D-01 -0.140705275806D-02 -0.191173548653D-01
  0.111212494981D-01 -0.974369180711D-02  0.142886947287D-01  0.630504591936D-02
 -0.187578933494D-01  0.114324808308D-01  0.217833666569D-01 -0.203459018351D-01
 -0.470745772813D-01 -0.438633449440D-01  0.249422991947D-01  0.476135136152D-01
  0.664729102799D-03  0.995707519068D-02  0.784653185049D-01  0.390274150786D-02
 -0.102957376658D-01 -0.350790730489D-01  0.324342888280D-02  0.641028846763D-01
 -0.311862217870D+00 -0.215840520110D-01  0.319160225164D-01  0.842274309915D-01
  0.661997482747D+00  0.172919044989D-01  0.161862033352D-01  0.667842197211D-03
 -0.163273272441D-01  0.227062581211D-01 -0.410451879979D-02 -0.105848589656D-02
  0.168857072759D-01 -0.258287179608D-01 -0.123720667643D-01 -0.208496304470D-01
 -0.137485562184D-01  0.402305552116D-03 -0.226482020936D-01  0.288249036427D-02
  0.531750188518D-02  0.213530952775D-01  0.158140351782D-01 -0.512289712082D-02
  0.202716092737D-01  0.240589604498D-01  0.311427443732D-02 -0.100008468655D-01
  0.180558694106D-01 -0.773912629812D-02  0.156262637189D-01  0.527051266450D-02
  0.162068590074D-02  0.148665167594D-01  0.437999147198D-02  0.320487982302D-02
 -0.162790047417D-01  0.191387937921D-01 -0.637014835070D-02 -0.141475865967D-01
  0.369986481640D-01 -0.158426937289D-03  0.454441598175D-01  0.298995050737D-01
 -0.436115933963D-01 -0.380780578986D-01 -0.189385908141D-01  0.111593861422D-01
 -0.724443395265D-01 -0.110805309059D-02 -0.196199536780D-01  0.335200479178D-01
  0.442465302695D-01  0.147463129385D-01  0.290174048461D+00  0.701496347094D-01
 -0.557365267676D-01 -0.620499202125D-01 -0.306257607686D-01  0.620760885183D+00
  0.200991415182D-01  0.528286414561D-01  0.342343502696D-01 -0.106493739417D-01
 -0.692371492602D-01  0.912689861027D-02 -0.334177060304D-02  0.353868672748D-01
 -0.672662371990D-01  0.196208761088D-03 -0.374953687281D-01 -0.454125092004D-01
 -0.393636435023D-02 -0.510041683040D-01 -0.254877108658D-01  0.102634626835D-01
  0.652909227586D-01  0.440916301887D-02 -0.192241304149D-01  0.755933281105D-01
 -0.168563575665D-01 -0.570217624221D-02 -0.149176775456D-01  0.897993647989D-01
 -0.322793780184D-02  0.257932508644D-01 -0.457714697465D-01  0.149866447136D-02
  0.271760028370D-01  0.617996867304D-02  0.859196409862D-02 -0.232755157047D-01
 -0.380625149460D-02  0.303841477450D-01 -0.187436135120D-01 -0.152550378342D-01
  0.234044811591D-01  0.720427356367D-01  0.356005857830D-01 -0.334834171363D-01
 -0.658054778791D-01 -0.554834231551D-02 -0.218117700194D-01 -0.109567638566D+00
 -0.419784130664D-02 -0.340527157823D-03  0.410074092064D-01  0.156279666008D-01
 -0.121868916551D+00  0.450184324221D+00  0.373494296289D-01 -0.644128294950D-01
 -0.154339691458D+00 -0.850016465764D-01  0.702625024257D-01  0.793352384949D+00
  0.408529213549D-02  0.980344748996D-02  0.237033734317D-02  0.144526710232D-02
 -0.458711957889D-02  0.366234868485D-01 -0.946293072930D-02  0.236975510600D-01
 -0.467483882961D-01 -0.302577192001D-02 -0.265611041863D-01 -0.733016083902D-02
  0.257436753464D-03 -0.363851868422D-01 -0.282391084843D-01  0.588657505890D-02
  0.405540291963D-01  0.792242669486D-02 -0.132781964618D-02  0.529979976811D-01
 -0.464519945646D-02 -0.814359909999D-02  0.190294426755D-02  0.236913051100D-01
 -0.359698728515D-02  0.915002267780D-02 -0.430039427399D-01  0.312628278992D-02
  0.199936369688D-02  0.303850313347D-02  0.170340895522D-02  0.270190875029D-03
 -0.406103891648D-02  0.994612846366D-02  0.593274996227D-02 -0.289967284307D-01
 -0.218273408441D-02  0.166041252499D-01 -0.516614974364D-02 -0.171170269551D-01
  0.312993732250D-02  0.104764946809D-01 -0.112635974714D-01 -0.257852094874D-01
 -0.109714373011D-01 -0.103899335622D-01 -0.152294134515D-01 -0.288629727873D-01
 -0.422206969597D-01  0.906065072764D-01 -0.433425278577D-01 -0.479292697193D-01
 -0.939115800561D-01 -0.671787781104D-01  0.304085394720D-01  0.116667143824D+00
  0.693773802854D+00  0.217607269108D-01  0.187448040365D-01 -0.914941650636D-02
  0.143734375996D-01 -0.334200741477D-01 -0.671458484548D-02  0.241916467015D-02
 -0.533623529308D-02 -0.267290129184D-01  0.678566600165D-03 -0.843574084740D-02
 -0.187490732218D-03 -0.307957237019D-02  0.303567790106D-02  0.334346495169D-01
 -0.237676450337D-02 -0.916373518721D-02  0.569271854884D-01  0.156535461260D-02
  0.311603661150D-03  0.105521126287D-01  0.244209245624D-02 -0.230064335301D-01
  0.207719797999D-02 -0.120608622016D-03  0.316426766914D-02  0.221122683085D-01
 -0.251227679152D-02  0.189438841876D-01 -0.995618246796D-02 -0.691755600306D-02
 -0.279725104354D-01 -0.880806124776D-02 -0.388051247035D-02 -0.146848762940D-01
  0.314573588534D-01  0.238657934090D-01  0.440828325588D-01  0.226845063304D-01
 -0.215019765449D-01 -0.532737798568D-01 -0.355564744840D-01  0.201583403415D-02
 -0.604603688597D-01  0.794799918664D-02  0.149785796527D-01  0.506491265041D-01
  0.314443993102D-01  0.350437989492D-01  0.295960136681D+00  0.839515822494D-01
  0.239045727333D-02 -0.150468362126D-02  0.144616364514D-02  0.809637078821D-02
 -0.123471659200D-01 -0.729627737913D-02  0.440238223036D+00  0.475951493138D-01
  0.714078893023D-01  0.608890750306D-02 -0.194285614941D-01 -0.154468279361D+00
  0.349025054744D-01 -0.117515476923D-02  0.462068534747D-01 -0.111091643720D+00
 -0.472110420232D-02 -0.501047405346D-01 -0.524606930515D-01 -0.274351161171D-02
 -0.673256616055D-01  0.801667759906D-02  0.133661435713D-01  0.739331783515D-01
  0.135352141061D-01 -0.159975972650D-01  0.967569610424D-01  0.189991745010D-01
  0.187122832378D-02 -0.329882847245D-01  0.102587306538D+00 -0.532410240343D-02
  0.518161472022D-01 -0.627376380278D-01  0.454940283852D-02  0.487938892085D-01
 -0.154723940842D-01  0.320710101247D-02 -0.516338853300D-01 -0.695169780169D-02
  0.205169737612D-01 -0.355645163805D-01 -0.150696658488D-01  0.537420554580D-01
  0.146420321309D+00  0.799051877480D-01 -0.757085287838D-01 -0.134747611192D+00
 -0.457601070368D-01 -0.759719978049D-02 -0.213771722052D+00  0.174496789968D-02
  0.620766748514D-02  0.987568467585D-01  0.230269600418D-01 -0.830474511867D-01
  0.916345943660D+00  0.118067123143D+00 -0.899018293416D-01 -0.191199537649D+00
 -0.102183689099D+00  0.745895077793D-01  0.201440684686D+00  0.129207728919D+00
  0.495313516194D-02  0.692322152638D+00  0.364978537037D-02  0.168281839600D-01
  0.141991519085D-01 -0.601215909938D-02 -0.191520807330D-01 -0.887441384725D-02
  0.230884131591D-02 -0.842766113761D-02  0.143950801628D-01 -0.519847196799D-03
  0.935286501975D-03 -0.582597657479D-02  0.146627598718D-02  0.449231111261D-02
 -0.320098923087D-02 -0.527366370897D-02 -0.920764190284D-02 -0.569689861636D-02
 -0.785560104700D-02 -0.138906638490D-02 -0.128372558958D-01  0.126978828334D-02
 -0.317227361573D-02  0.233867325351D-01  0.896298400185D-03 -0.944755878993D-03
 -0.449365839708D-02  0.148312350385D-02  0.249086548419D-02 -0.334252899346D-02
  0.210441111288D-03 -0.769703606246D-02 -0.124901522651D-01  0.108599150230D-01
 -0.253414768242D-02 -0.137334681766D-01  0.635650043365D-02  0.972275996248D-02
  0.772973952077D-02 -0.106435945157D-02 -0.898094672384D-02 -0.114976606604D-01
  0.352051559308D-02 -0.865769627652D-02  0.432613890145D-04  0.154936884471D-01
  0.151797670401D-01 -0.281574557157D-02 -0.462947176262D-01  0.401477506097D-01
  0.913845839574D-02  0.891543256834D-02  0.172757312009D-01  0.764751225023D-02
 -0.102740825001D-01 -0.136939880237D-01 -0.208293670973D-01  0.512723178980D-02
 -0.202908638669D-01  0.438712509267D+00 -0.406189235119D-01 -0.100411160681D-01
 -0.382768704449D-01  0.610508758240D-02 -0.185001102950D+00  0.580931852594D-01
 -0.148064815363D-02 -0.282103779898D-01  0.286473734401D+00 -0.316124913664D-02
  0.174291112662D-01  0.420199277189D+00  0.373811780365D-02  0.304947262838D-01
 -0.402404980972D-01 -0.674459089664D-02 -0.462581606279D-01 -0.541097292147D+00
 -0.400054971388D-02 -0.143156558369D-01 -0.479829551614D+00 -0.685341440881D-02
  0.258046567284D-01  0.144886563059D+00 -0.123133884556D-02 -0.518909175585D-01
 -0.134852951945D+00  0.164557798120D-03 -0.512463746720D-01  0.200849647932D-01
  0.112672756181D-01  0.448943100579D-01 -0.112674773905D+00  0.185757157327D-01
  0.704306010988D-01 -0.188313141855D+00 -0.467518054308D-01 -0.135325598073D+00
 -0.796619559948D-01  0.560834086779D-01  0.135995121547D+00  0.837444079179D-01
 -0.596948441848D-01  0.197633736553D+00 -0.186393759304D-01  0.123091196004D+00
 -0.988433811574D-01 -0.176643547148D+00 -0.232236931356D+00 -0.885545635278D+00
 -0.332902959621D+00  0.409381168682D-01  0.926882921666D-01  0.488503078919D-01
 -0.482060691002D-01 -0.863085751433D-01 -0.432906930112D-01 -0.567982466722D-01
 -0.129079158318D+00  0.862313446800D-02  0.112362372449D+01  0.114599016064D+00
  0.221612718502D+00  0.189307732116D+00  0.466573767062D-01  0.369202606090D+00
  0.187583847678D+00  0.622672440152D-02  0.272893325977D-02  0.510688865385D+00
  0.373122509215D-02 -0.694991299413D-02 -0.289541735429D+00  0.792779215261D-02
 -0.674894252628D-03 -0.713819830753D+00 -0.121255141712D-01  0.210658922717D-01
 -0.160953962385D+00 -0.835058215158D-01  0.646211192289D-01  0.362101742807D+00
 -0.142220676953D-01  0.272439732859D-01  0.197898980414D+00 -0.556135054080D-02
 -0.350041775964D-01 -0.201629966013D+00  0.121875796617D-01 -0.118624516792D-01
  0.126409002766D+00  0.442606740653D-01  0.505261755294D-02  0.767226876779D-01
  0.115470481974D+00  0.501520254369D-01 -0.208617031967D+00 -0.299221074461D-01
 -0.533620585103D-01 -0.286388945013D-01  0.556197442542D-01  0.791587610229D-01
  0.890934729221D-01 -0.878191730548D-01  0.907548252687D-01 -0.269028288372D-01
 -0.142187125676D+00 -0.139124906869D+00 -0.300823572063D-01 -0.720854751257D+00
 -0.539788587440D+00 -0.234733585421D-01  0.248602382788D-01 -0.196160498381D-01
 -0.160820330031D-01  0.129423775456D-01  0.596175844670D-01  0.642099237114D-01
 -0.617504765312D-01  0.352542011643D-01  0.438663385188D-02 -0.892764630937D-01
  0.197241415351D+01  0.299204469855D-01 -0.833298946863D-01 -0.709391136371D-01
  0.121764998747D+00  0.357881278622D+00  0.957070263655D-01 -0.508199075655D-02
  0.231466765697D-01  0.229276084383D+00  0.944905374381D-03 -0.295073596723D-03
  0.133102449383D+00 -0.206502335319D-02 -0.448030696034D-02  0.710467876787D-01
  0.150319075622D-01 -0.384136532646D-02  0.369515841911D+00  0.634423655453D-01
 -0.598460735666D-01  0.409054564893D+00  0.103825018091D-01 -0.944040657824D-02
 -0.294772410764D+00  0.376858310996D-02  0.302259046941D-01  0.890803042509D-01
 -0.252986503380D-02  0.164040759503D-01 -0.104067787962D-01 -0.199140447168D-01
 -0.128694333408D-01  0.111449630823D+00 -0.886517609333D-01 -0.363163384276D-01
  0.295337618091D+00  0.246183123308D-01  0.507075472939D-01  0.273709004730D-01
 -0.310746804063D-01 -0.543052294033D-01 -0.332039280498D-01  0.388743320757D-01
 -0.753023629835D-01  0.173025965625D-01 -0.245317956210D+00  0.779563342159D-01
  0.144128946254D+00  0.436798816184D+00  0.397109095218D+00  0.326542509748D+00
 -0.235115912915D-01 -0.712595779669D-02  0.111848413281D-01  0.150392406593D-01
 -0.128185235160D-01  0.892195956115D-02  0.238543724525D-01  0.503793356756D-02
 -0.736231494234D-02 -0.196118434047D+00  0.372795435465D+00  0.635676495540D+00
 -0.514872551722D-02 -0.408487873514D+00 -0.423373552005D+00 -0.341386035553D-01
 -0.683004238903D-01  0.121678839472D+00 -0.201574954930D-01  0.513692319004D-01
 -0.247433050200D+00 -0.379931425641D-02  0.462090129669D-02  0.244527837565D+00
 -0.553255028729D-02  0.181753141391D-01  0.397450809578D+00  0.583805888916D-01
 -0.229187724330D-01  0.128575737778D+00  0.261659797161D+00 -0.133137431565D+00
  0.760648225190D+00  0.347488318138D-01 -0.317065749784D-01 -0.747928835771D+00
  0.662786974964D-02  0.507442888638D-01  0.338904472606D+00 -0.127120029349D-01
  0.239359581771D-01 -0.144644934732D+00 -0.936541434048D-01  0.138589837783D-01
  0.209711338243D+00 -0.334568329979D+00 -0.284806036516D-01  0.546221344376D+00
  0.410949575492D-01  0.590196829431D-01  0.131014043645D-01 -0.785065473804D-01
 -0.746699653580D-01 -0.916795702316D-01  0.970491595498D-01 -0.102229638256D+00
  0.655770076173D-01 -0.199630546385D+00  0.210019456448D-01  0.156319865309D+00
  0.186163435732D+01  0.765095715561D+00  0.291635469138D+00 -0.509605549569D-01
  0.306197004201D-01  0.330975997692D-01  0.748327261549D-02 -0.894842137720D-01
 -0.322401322705D-01  0.344203865088D-01 -0.263022804164D-01 -0.302270257293D-01
 -0.389882462713D-01 -0.396558328642D+00  0.381112339609D+00  0.204220380776D+01
 -0.134531698415D+00 -0.120444227515D+00  0.724637951598D-01  0.694126263876D-01
  0.398288937418D+00 -0.141725061475D+00  0.252406409047D-01 -0.213384489881D+00
  0.484638124329D+00 -0.264990420170D-02  0.207205232058D+00  0.156474856053D+00
  0.136152302640D-01  0.290790704603D+00 -0.106733516616D+00 -0.772056610801D-01
 -0.331129841017D+00 -0.935378814165D-01 -0.334088092151D-01 -0.357591563524D+00
 -0.230787125266D+00  0.399536784745D-02  0.127300527497D+00 -0.173543950768D+00
  0.440502358100D-02 -0.205038693226D+00  0.163821815361D+00 -0.149374891070D-01
 -0.177544026901D+00  0.394487735328D-01  0.126183095423D-01  0.169139860560D+00
 -0.580649326940D-01 -0.103434103852D-01  0.145987086787D+00 -0.116116512647D+00
 -0.224730976342D+00 -0.535053055063D+00 -0.271261444573D+00  0.263054921947D+00
  0.473585005378D+00  0.166697902854D+00  0.335936315407D-01  0.775308726900D+00
 -0.109604162997D-01  0.932757408629D-01 -0.310363507571D+00 -0.139473772888D+00
 -0.149730097516D+00 -0.347515916568D+01 -0.424393248983D+00  0.374858240550D+00
  0.839930071852D+00  0.452943401148D+00 -0.383760935385D+00 -0.873312613392D+00
 -0.578734271999D+00 -0.295755825421D-02 -0.113466047284D+01  0.971342817801D-01
  0.547049850899D+00 -0.197645152802D-01 -0.774186160288D-01 -0.193194997079D+00
  0.536910828897D+01  0.220459147229D+00  0.261156040101D+00  0.717132519741D-01
  0.198897625703D+00  0.549479865247D+00  0.482814443820D+00  0.115091966290D-03
  0.641287171089D-01  0.246650562895D+00  0.983470874532D-02 -0.929099979822D-02
  0.799521574379D-02  0.247377017460D-02 -0.440014376585D-01 -0.577303834523D+00
  0.709376514602D-02  0.880974360421D-01  0.304976940134D+00 -0.307001067170D-01
  0.889354728420D-01  0.336604527639D+00  0.390661193713D-03 -0.134051776467D-01
  0.118347443114D+00  0.620789173218D-03  0.680809479257D-01 -0.286980172772D+00
  0.160302719546D-01  0.545745282587D-01 -0.590348650616D-01  0.166560649697D-01
 -0.416119902452D-01  0.144255262389D-01  0.595791333310D-01 -0.331011463120D-01
 -0.897583400545D-01  0.795359259493D-01  0.143987757094D+00  0.629227401899D-01
 -0.412281315841D-01 -0.114877246387D+00  0.850608283548D-03 -0.403067249509D-01
 -0.181679212633D+00  0.161593883718D-02 -0.233181263048D+00  0.303375215827D+00
  0.103960981435D-01 -0.546572887493D+00  0.856225174401D+00  0.646018846601D+00
 -0.206614532725D-01 -0.148270060128D+00 -0.889154316710D-01  0.752273302951D-01
  0.172753402498D+00  0.166496601886D+00 -0.238994731517D-02  0.235005775114D+00
 -0.118739776902D-01 -0.316091328215D+00  0.202568245154D+01  0.922936738876D+00
 -0.101761219814D+00 -0.778873225386D+00  0.370726098886D+01 -0.186758544642D-01
 -0.257158542351D-01  0.166646423895D-02 -0.693041741723D-02  0.729500181069D-01
 -0.722983684884D-02 -0.679151174191D-02 -0.225503963436D-02  0.116329389343D-01
 -0.128464343361D-02 -0.118033803484D-01  0.179279863018D-01  0.725195231396D-03
 -0.773824199209D-02 -0.191678278025D-01  0.485628486898D-02 -0.382034746939D-02
  0.559564042837D-02  0.440197509546D-02  0.103529053823D-01 -0.683832514361D-02
 -0.513573189389D-02  0.126580498442D-01 -0.431631794799D-01  0.448020501801D-03
 -0.180890912873D-01  0.121498739063D-01 -0.146929570405D-03 -0.208484130801D-01
  0.124798942569D-01  0.499390543552D-02  0.153403771169D-01  0.211171867320D-01
 -0.804925240555D-02  0.255795047884D-01  0.151926679632D-01 -0.245363094349D-01
 -0.481709260407D-01 -0.322042719101D-01  0.226468330979D-01  0.588532252197D-01
  0.441149062321D-01 -0.943029847959D-02  0.678335698396D-01 -0.932475166684D-02
 -0.326653682651D-01 -0.527071112396D-01 -0.757274605475D-02  0.249817234212D-01
 -0.319981369025D+00 -0.609529502265D-01 -0.116925655990D-01 -0.473079688122D-02
 -0.122540948769D-01  0.239865814589D-04  0.175198365703D-01  0.199484972181D-01
 -0.168359682263D-01  0.726593695663D-02 -0.907583941076D-02  0.183716874718D-01
  0.170269367032D-01  0.560957270823D-02 -0.240355255437D-02 -0.724995667167D-01
  0.601011592622D-02  0.353074047338D+00 -0.674089453738D+00 -0.726853315764D+00
  0.279514080461D+00 -0.703866383751D+00  0.252766267119D+01 -0.560265494343D+00
 -0.562631377933D-01 -0.319695622019D+00  0.845869316676D+00 -0.500885297402D-02
  0.179525823800D+00  0.371153209657D+00  0.453854543184D-01  0.345759786385D+00
 -0.873545262938D+00  0.199900432936D-01 -0.454092577934D+00 -0.691040341421D+00
  0.595552543554D-01 -0.401171653324D+00 -0.725823765016D+00 -0.107292078075D+00
  0.557636931227D+00 -0.101722218588D+01  0.130817253520D-02 -0.908279906532D+00
  0.584388789817D+00 -0.302531770727D-01 -0.884984572631D+00  0.677358476195D+00
  0.219255388756D+00  0.839348143347D+00  0.336145602182D+00 -0.532050847137D-02
  0.916610044135D+00 -0.405006137899D+00 -0.123483373609D+01 -0.243059517045D+01
 -0.132018750937D+01  0.112350910479D+01  0.255658894759D+01  0.152219397581D+01
 -0.313970357548D+00  0.331992048525D+01 -0.319086156937D+00 -0.228007358072D+00
 -0.241764762274D+01 -0.570463382051D+00 -0.170747630171D+00 -0.157772818451D+02
 -0.300860662450D+01  0.346108847264D+00  0.112882500394D+01  0.586913996350D+00
 -0.519386290191D+00 -0.949406494308D+00 -0.333823023230D+00 -0.449752188153D+00
 -0.168443610168D+01 -0.409148589276D-01  0.148235655983D+01  0.563966529250D+00
 -0.645985264852D+00 -0.846291822355D+00  0.649429645441D+01 -0.172930614973D+01
  0.483786675455D+00  0.262515109290D+02 -0.606830514689D-01 -0.335667104937D+00
 -0.181365045936D+00 -0.203127293574D-01  0.201972324153D+01  0.236556347629D-01
 -0.183270043034D-01 -0.740609726405D-02  0.133928915011D-01 -0.414529511036D-02
 -0.295428687654D-01  0.119801617587D+00  0.202128845965D-02  0.153558070683D-01
  0.155595604079D+00  0.441499942473D-01 -0.656171737816D-01  0.253902376920D+00
  0.193773070124D+00 -0.144164061054D+00  0.148144799592D+00  0.917335494234D-02
  0.369757136265D-01 -0.964351110656D+00  0.527076959151D-02 -0.670262237885D-01
  0.147737724539D+00 -0.158298697054D-01 -0.723573766905D-01  0.402324526177D+00
 -0.245922982505D-01  0.758510829074D-01  0.120038038849D+00 -0.218936099131D+00
  0.568992644777D-01  0.527775020925D+00 -0.946475101165D-01 -0.181237477653D+00
 -0.102494317182D+00  0.482851747285D-01  0.196527139657D+00  0.711630213013D-01
  0.664943001596D-01  0.228277791321D+00 -0.396799972969D-02 -0.508751372131D+00
 -0.135367894447D+01 -0.359707775033D+00  0.127514920132D+01 -0.106919077839D+01
 -0.219844246266D+01 -0.340918900316D-01  0.839889785702D-01  0.593254679487D-01
 -0.153329167906D-01 -0.902497432456D-01 -0.281917578637D-01 -0.721956849747D-02
 -0.133088271468D+00 -0.304278473902D-01 -0.279359008114D-01 -0.642720094872D+00
 -0.186686817754D-01  0.692945648795D+00  0.198237460151D+00 -0.119513093062D+01
  0.404415299445D-01  0.193686814680D+01  0.339321737047D+01 -0.187543934542D-01
 -0.154010253990D-01  0.210471516729D-01 -0.490439458636D-02  0.614045870490D-01
 -0.114510655928D-01 -0.688479434706D-02 -0.385733740112D-02  0.203370443616D-01
 -0.125139496018D-02 -0.173950239791D-01  0.833654582761D-02  0.687794302641D-03
 -0.104394122678D-01 -0.351606309090D-01  0.373358224579D-02 -0.229895157097D-02
  0.632571377651D-02 -0.482111901804D-02  0.215846159415D-01 -0.104012338241D-01
 -0.587380849637D-02  0.101896189598D-01 -0.179808510088D-01  0.918680252460D-03
 -0.198748033289D-01  0.600482615383D-02  0.419861159358D-03 -0.178082239396D-01
  0.148261673588D-01  0.759611345639D-02  0.945724934650D-02  0.154273258749D-01
  0.274100115773D-02  0.260997658969D-01  0.116975261467D-01 -0.232309340453D-01
 -0.410730774627D-01 -0.274398832809D-01  0.221013788381D-01  0.533439465184D-01
  0.441764987871D-01 -0.105195312828D-01  0.578740033602D-01 -0.106080083675D-01
 -0.274903181346D-01 -0.405426427936D-01 -0.253386117579D-02 -0.179035354315D-01
 -0.286726366560D+00 -0.509658614974D-01 -0.138588930989D-01 -0.119735852891D-01
 -0.193299982559D-01  0.260577342884D-02  0.280297039038D-01  0.252984915705D-01
 -0.193875250471D-01  0.190433881787D-01 -0.105661563327D-01  0.105592897682D-01
  0.511531674851D-01  0.709452648617D-02 -0.333063997022D-01 -0.116035614580D+00
  0.416605098989D-01 -0.357628609927D-02  0.393209459015D+00  0.936758740249D-02
  0.345818960170D+00  0.383711494615D+00  0.553337005425D+00  0.670049543151D-01
 -0.283882603000D+00 -0.103163829647D+01  0.235355230907D+00 -0.203722228627D-01
  0.362787253385D+00 -0.775054649713D+00  0.437526406721D-02 -0.379585399468D+00
 -0.497566124388D+00 -0.284922820743D-01 -0.518285519264D+00  0.114144089916D+00
  0.831679093635D-01  0.598122936467D+00  0.144289009738D+00 -0.915582890546D-01
  0.714343062154D+00  0.334334938073D+00  0.220690186447D-02 -0.281650530368D+00
  0.830598183045D+00 -0.765984438635D-02  0.455907915721D+00 -0.418519874955D+00
  0.378855794491D-01  0.441988557980D+00 -0.194433353630D+00 -0.257574019516D-01
 -0.436082037572D+00 -0.446516087804D-01  0.161469061390D+00 -0.382380934736D+00
  0.974468255307D-01  0.577108094201D+00  0.127054020735D+01  0.654436661368D+00
 -0.563443737078D+00 -0.120163623760D+01 -0.532568276160D+00 -0.333493310127D-01
 -0.177228091074D+01  0.628719009102D-01  0.310137037334D-01  0.107986762581D+01
  0.372030774532D+00 -0.421266556733D+00  0.800624267853D+01  0.137908049528D+01
 -0.604535783956D+00 -0.151421206007D+01 -0.852276988779D+00  0.692889251318D+00
  0.154990894209D+01  0.927722512623D+00  0.555999858090D-01  0.209561805125D+01
 -0.131241407007D+00 -0.111613907014D+01  0.373531345320D+00  0.141343035649D+00
 -0.574246607256D-01 -0.889556107864D+01  0.189782196891D+01  0.194724616700D-02
 -0.144230207838D+02 -0.117135262321D+01  0.978736527294D-01  0.172848003582D+02
  0.124154113050D+00  0.281302978317D+00  0.253398000748D+00  0.678132441243D-01
  0.108836116450D+01  0.179181646274D+00  0.118786992417D-01 -0.204625374965D-02
  0.347956198819D+00  0.123821367874D-01  0.129705981407D-01 -0.708364715278D-01
  0.670170087639D-02 -0.123409039141D-01 -0.525830608586D+00 -0.171191562022D-01
  0.382180637237D-01  0.231271862318D+00 -0.102895046809D+00  0.595115489359D-01
 -0.118856153642D+00 -0.102434634348D-01  0.885368554897D-02  0.226893670851D+00
  0.361210691486D-02 -0.691993275162D-02 -0.216956249576D+00  0.138601470448D-01
 -0.186865293245D-02 -0.646993607443D-01  0.570598070192D-01 -0.115267518123D-01
 -0.125800471344D+00  0.151861714007D+00  0.100972937783D-01 -0.150680695518D+00
  0.158150224932D-03 -0.726382177453D-02  0.924955229227D-03  0.558131916998D-01
  0.348393731022D-01  0.636345027709D-01 -0.657658170359D-01  0.318004209997D-01
 -0.293293341510D-01 -0.629238390332D-01  0.384405356847D+00  0.830461619254D-02
 -0.822145630595D+00 -0.226392505625D+00  0.625615152336D+00  0.376251022417D-01
 -0.402680596980D-01 -0.237435903311D-01  0.335009334993D-01  0.760572755103D-01
  0.666297019600D-01 -0.249265728863D-01  0.533541482376D-01  0.105659009479D-01
 -0.169534048604D+00  0.146575245536D+01  0.516682242530D+00 -0.817534374902D+00
  0.302921348423D-01  0.254453840349D+01  0.197997932411D-01  0.914155212699D-01
 -0.106294766163D+01  0.522453478962D-01  0.584595059526D+00  0.292354807194D+01
  0.673478454085D-02  0.146982722601D+00  0.166561609813D+00 -0.133087361378D-01
 -0.104437391438D-01 -0.120976476672D+00  0.850979539601D-02 -0.818079376521D-02
  0.715089717509D-01  0.101272335709D-02 -0.162279718412D-02 -0.937638955906D-01
  0.418582330254D-04 -0.171033493553D-01 -0.146624271645D+00 -0.223294836834D-01
  0.129461525085D-01 -0.401704600816D-01 -0.979817856073D-01  0.309436802645D-01
 -0.252858024182D+00 -0.975863873774D-02  0.105833990142D-01  0.239259480689D+00
 -0.124509011345D-02  0.110895192411D-01 -0.941695757582D-01  0.195236247246D-02
  0.791393868287D-02  0.983019710777D-01  0.295631491784D-01 -0.211232429182D-01
 -0.334088462681D-01  0.115369527659D+00 -0.371018675629D-01 -0.704575252477D-01
  0.445920299836D-02  0.276582332406D-01  0.273506300564D-01  0.917917655289D-02
 -0.344111344780D-01 -0.594293611429D-02 -0.591600448602D-02 -0.379476616588D-01
 -0.130373384869D-01 -0.490837652599D-02 -0.291992890507D-02  0.325152452618D-01
 -0.587926619503D+00  0.543719918416D-01 -0.530797202768D-01  0.111611256930D-01
 -0.342670171138D-01 -0.139944494397D-01  0.862063045524D-02  0.438337918899D-01
  0.289129912365D-02  0.603437790040D-02  0.298254510653D-01  0.167994209109D-01
  0.356832703093D-02  0.738151902908D-01 -0.178336883615D+00 -0.650424691041D+00
 -0.523305257990D-01 -0.156418270575D+00 -0.846623554374D-02 -0.181326947280D+00
 -0.132012812779D+00  0.753552791072D-02  0.293684766268D+00  0.107117745823D+00
  0.484320752061D+00 -0.342468235607D-01  0.607352153696D-01  0.122629788177D+00
  0.569090878250D-02  0.150801863146D-01 -0.106766872453D+00  0.686241086205D-02
 -0.263818897331D-01  0.760310660973D-01  0.252723854615D-02  0.184006724318D-01
 -0.267396446942D-01 -0.133925003173D-03  0.216627555848D-01 -0.744031832955D-01
 -0.165248808827D-01  0.798746611602D-02 -0.238888871536D-01 -0.647219071964D-01
 -0.441516749964D-02 -0.186516098960D+00 -0.726181843805D-02  0.741392187420D-02
  0.152376295697D+00  0.944432732910D-03 -0.286415915910D-01 -0.391625825448D-01
 -0.123872586221D-02 -0.869674194006D-02  0.649053879933D-01  0.242173332452D-01
  0.177100917292D-01 -0.268458446671D-01  0.768368980153D-01 -0.582844839902D-02
 -0.825359869982D-01 -0.264566071584D-01 -0.496690218681D-01 -0.192580712375D-01
  0.379711221602D-01  0.463334202782D-01  0.255128776353D-01 -0.712927135134D-02
  0.752462838563D-01 -0.177850196128D-01  0.205078295598D-01 -0.544545489770D-01
 -0.102426244784D-01 -0.455470507502D+00 -0.425283725909D+00 -0.150152585302D+00
  0.300667732627D-01  0.408304769349D-01  0.236194259022D-01 -0.203736836698D-01
 -0.362644049769D-01 -0.335241442539D-01  0.288752918445D-02 -0.643434732377D-01
  0.154277290961D-01  0.434408905832D-01  0.115429959867D-01 -0.102039578831D+00
 -0.448492433088D+00  0.360369254835D+00 -0.149514874268D+00  0.259106607733D-01
  0.589193425280D+00 -0.494162387234D-01  0.332873892914D-01 -0.605488573020D+00
  0.269726201119D-01  0.177615908657D+00  0.935412694801D+00 -0.350476988050D-01
 -0.154429652373D+00 -0.117719515512D+00 -0.414894798050D-01  0.112994914810D+00
  0.769252754623D-01 -0.449762010243D-02  0.150159238970D-01 -0.122406287705D-01
 -0.184329665171D-02  0.105851390521D-01  0.635162257563D-01 -0.506730836748D-03
  0.253890419150D-01  0.853551742452D-01  0.124949499602D-01 -0.246734501094D-01
  0.709242268580D-01  0.741480988983D-01 -0.610798082062D-01  0.194682934097D+00
  0.870588306274D-02  0.113590453030D-01 -0.250037119168D+00  0.721859959565D-03
  0.998964687693D-03  0.109118316286D+00 -0.434685098071D-02 -0.240456901948D-02
 -0.664463967166D-01 -0.288561267687D-01  0.202943044104D-01  0.588271630246D-01
 -0.101945815241D+00  0.712206989514D-02  0.184786516294D+00 -0.768387107219D-02
 -0.253694751927D-01 -0.744443679529D-02 -0.758397999071D-02  0.125729140937D-01
 -0.230339106010D-01  0.264937940012D-01  0.195029270727D-01  0.155995110646D-01
 -0.815189602561D-01  0.473279250642D-01  0.540037296441D-01  0.568112498239D+00
 -0.136551538879D-01  0.158386328129D+00  0.876782043543D-02  0.475849853464D-01
  0.395472577812D-01 -0.185356552628D-01 -0.727180452770D-01 -0.497305446075D-01
  0.748296905709D-02 -0.697999990651D-01 -0.788144265292D-02 -0.770759629002D-02
 -0.563767973628D-01  0.132872402366D+00  0.509036226710D+00  0.198195551131D+00
  0.197021237399D-02  0.111512569373D-01  0.123483383149D+00  0.187899255010D+00
  0.241050877517D-02 -0.513484422611D+00 -0.818045029628D-01 -0.210967036349D+00
 -0.112839776693D+00  0.975650566667D+00  0.355165302933D-01 -0.810826363026D-01
 -0.138723389481D+00 -0.992497414954D-02 -0.129844221746D+00  0.107200849221D+00
 -0.507933305130D-02  0.185647778232D-01 -0.970476498011D-01 -0.115078802922D-02
 -0.104290478327D-01  0.887718464663D-01 -0.235578686794D-02 -0.835548195981D-02
  0.149502072233D+00  0.167910195626D-01  0.982933697419D-02  0.853394776075D-01
  0.765175971249D-01 -0.157438358737D-01  0.289676767935D+00  0.120985770164D-01
 -0.295890923412D-01 -0.187492282702D+00 -0.471352311016D-03  0.340373270944D-01
  0.555848979617D-01 -0.135551843129D-02  0.279738555718D-01 -0.109576704803D+00
 -0.345898396580D-01 -0.157384325180D-01  0.435403572508D-01 -0.986812582724D-01
 -0.192795743836D-01  0.136463416311D+00  0.462826700609D-01  0.803958250928D-01
  0.301839717315D-01 -0.583610963320D-01 -0.817709246921D-01 -0.641386295219D-01
  0.300554491734D-01 -0.109302853493D+00  0.291619204857D-01 -0.399590356868D-01
  0.136257866559D+00  0.331814724930D-01  0.564805989291D+00  0.641736782805D+00
  0.237426714688D+00 -0.255925560490D-01 -0.265689777726D-01 -0.181359221001D-01
  0.150388048761D-01  0.134729439405D-01  0.830252178099D-02  0.210858863454D-01
  0.562898444122D-01 -0.106639674501D-01 -0.690608385052D-01 -0.493099143982D-01
  0.220362360216D+00  0.679501582339D+00 -0.277294435448D+00  0.274160732092D+00
 -0.148652468131D-01 -0.945131436948D+00 -0.117407551025D-01 -0.212352011966D-01
  0.484167998393D+00 -0.916726458311D-01 -0.229595719751D+00 -0.192655670509D+00
  0.190749495258D+00  0.602563057639D+00  0.970640919022D-01  0.122027825042D+00
  0.908891998472D-02 -0.240364585953D-01 -0.956625877586D-01  0.512807223313D-01
 -0.254200017767D-02  0.749397294690D-01 -0.125686377894D+00 -0.870330167954D-03
 -0.629247529983D-01 -0.868894296649D-01 -0.281182938883D-02 -0.952755385731D-01
 -0.203457826422D-01  0.204513071879D-01  0.115024073376D+00  0.416068682509D-02
 -0.722042924574D-02  0.131457475042D+00  0.465097919553D-01  0.117457891703D-02
 -0.330742254547D-01  0.132884812874D+00 -0.337264659127D-02  0.742133829695D-01
 -0.957167346956D-01  0.884462322769D-02  0.631473972378D-01 -0.152111864855D-01
  0.418814002964D-02 -0.557812396630D-01 -0.118939878920D-01  0.357080982871D-01
 -0.452338952241D-01 -0.498981957196D-01  0.847184410117D-01  0.184511383885D+00
  0.102078597306D+00 -0.868544935752D-01 -0.165569997668D+00 -0.556429420183D-01
 -0.228949665601D-01 -0.264393419696D+00  0.709061063457D-03  0.162129297384D-01
  0.104314138604D+00  0.968259114365D-02 -0.999398339211D-01  0.116717905225D+01
  0.125953930932D+00 -0.111376427047D+00 -0.278533779262D+00 -0.146058049006D+00
  0.123031748228D+00  0.293650522111D+00  0.190076703614D+00 -0.259087546519D-02
  0.378631734884D+00 -0.304507148930D-01 -0.172650852228D+00  0.135841324096D+00
  0.199763883242D-01 -0.450579870857D-01 -0.163080763785D+01  0.408683445744D+00
  0.241401574465D-01 -0.218078842339D+01 -0.161101603096D+00  0.438086648617D-01
  0.303926573770D+01  0.162759417921D+00  0.486148434886D-01 -0.110552852902D+00
 -0.104924253766D+00  0.803552140237D-01  0.851478557974D+00 -0.223257306201D+00
 -0.330927036141D+00 -0.626078850035D-01  0.164800666019D+00  0.550156337368D+00
 -0.938006574522D-01 -0.353393328592D-03 -0.188788459315D+00  0.402825303686D+00
 -0.630581544099D-02  0.183275141275D+00  0.281248118488D+00  0.161140798607D-01
  0.271742737934D+00 -0.131762279474D+00 -0.296403333821D-01 -0.303099929779D+00
 -0.934964680252D-01  0.576070436327D-01 -0.352942857088D+00 -0.192525042070D+00
 -0.776217328585D-02  0.161016338751D+00 -0.476880987758D+00  0.190694136434D-02
 -0.282194670799D+00  0.206760439476D+00 -0.188930833175D-01 -0.259577597451D+00
  0.147186132983D+00  0.219613844182D-01  0.265701010197D+00  0.394369780918D-01
 -0.101285591481D+00  0.252511231454D+00 -0.968096706323D-01 -0.359966591231D+00
 -0.754720956696D+00 -0.400940770197D+00  0.328521684458D+00  0.738079721690D+00
  0.364519441913D+00 -0.982816731215D-02  0.104528997751D+01 -0.505472484691D-01
 -0.329209007608D-01 -0.699986694911D+00 -0.242261077693D+00  0.244636308067D+00
 -0.477732002360D+01 -0.869021363320D+00  0.288857401011D+00  0.787257800261D+00
  0.425414072135D+00 -0.359958534927D+00 -0.788974811751D+00 -0.435347812488D+00
 -0.670944279006D-01 -0.108272891033D+01  0.483945030153D-01  0.623496793826D+00
 -0.109056963534D+00 -0.874486859613D-01  0.151845193928D-01  0.456606824859D+01
 -0.936765114693D+00  0.365989927649D-01  0.838890579926D+01  0.700348568129D+00
 -0.136069799114D-01 -0.884087623496D+01 -0.286941535835D+00 -0.131268597651D+00
  0.283674485028D+00  0.251408850512D+00 -0.329413594520D+00 -0.152797248940D+01
  0.485678160649D+01  0.242156652433D-01  0.154207187121D+00  0.153024499555D+00
  0.102822533738D-01 -0.624947679892D-01 -0.448632086565D-01  0.796923931708D-02
 -0.151633234811D-01  0.511248320849D-01  0.169528382750D-02  0.125579690070D-01
 -0.483241481675D-01  0.224400309547D-02 -0.229161948025D-02 -0.125655099526D+00
 -0.186262397023D-01  0.923979996394D-02 -0.632661386356D-01 -0.830879199845D-01
  0.328536245549D-01 -0.252869981023D+00 -0.110098779822D-01  0.238850569691D-01
  0.261789225647D+00 -0.190095963738D-02 -0.162789586346D-01 -0.573015776024D-01
  0.290439764965D-02 -0.210476570858D-01  0.963288682324D-01  0.341997889480D-01
  0.152603629900D-01 -0.834650582812D-01  0.112389829676D+00  0.158861962778D-01
 -0.314327069279D+00 -0.246207128306D-01 -0.464891277737D-01 -0.165889638519D-01
  0.365261752038D-01  0.508174887752D-01  0.477384181384D-01 -0.208863212165D-01
  0.752846278322D-01 -0.204790960833D-01  0.164066166550D+00 -0.225236354213D+00
 -0.133110862419D+00 -0.786943071166D+00 -0.396344261576D+00 -0.420101223272D+00
  0.254936753342D-01  0.600392743356D-02 -0.385564874437D-03 -0.153801696050D-01
  0.135804059348D-01  0.518607243321D-02 -0.472327823488D-02 -0.103228551499D-01
  0.138426023296D-01  0.538054886310D-01  0.118915289076D+00 -0.124446224556D+00
 -0.549741769292D+00  0.158980748459D+00  0.502356478820D-01  0.984276694039D-02
  0.575950371223D+00 -0.134181047129D+00  0.184793429306D-01 -0.187117222141D+00
  0.176494009023D+00  0.812583243615D-01  0.146426136794D+00 -0.169108128303D+00
 -0.293368843576D+00 -0.229929124032D-01  0.130850119945D+00  0.519484454220D+00
  0.825234404323D-02  0.785217150694D-01  0.855363977802D-01  0.117496742780D-01
 -0.303064507919D-01 -0.129408710027D-01  0.623845005487D-02  0.834455335588D-02
  0.458877541860D-01  0.270011180012D-02  0.332544913420D-02 -0.347782757211D-01
 -0.138484310105D-02  0.289554382737D-02 -0.748577425225D-01 -0.103186197301D-01
  0.262486140040D-01  0.765105439546D-02 -0.483594912870D-01  0.245120298875D-01
 -0.116499461819D+00 -0.364518473333D-02 -0.185315926711D-02  0.135235039534D+00
 -0.968583062218D-03  0.267076813313D-02 -0.710706390332D-01  0.808360738094D-04
  0.196872357742D-01  0.685546981181D-01  0.113797042436D-01 -0.108800132445D-01
 -0.313562506989D-01  0.575238104469D-01 -0.136928398169D-01 -0.115540336796D+00
  0.132142632829D-01  0.275241238397D-01  0.273553787112D-01 -0.149045742421D-02
 -0.337844211098D-01 -0.192878983503D-01 -0.116390554141D-01 -0.368794497002D-01
 -0.859622108557D-02  0.207830072098D-01 -0.792635962016D-01 -0.465931554458D-01
 -0.433346367568D+00  0.116135634519D+00 -0.172794603882D+00  0.831703072762D-02
 -0.276995903863D-01 -0.561705714437D-02  0.138724805436D-01  0.240990398663D-01
  0.360684361197D-02  0.761255827061D-02  0.343291815418D-01  0.841090037316D-02
 -0.150630968403D-01  0.698489148475D-01 -0.470543326702D-01 -0.344654627905D+00
 -0.595525921654D-01  0.221470753634D-01  0.186839765371D-01 -0.310759938339D+00
 -0.197615380256D-01  0.280498860185D-01  0.200792091644D+00  0.594724696308D-01
  0.127213368936D+00  0.344004270074D-01 -0.166108435231D+00 -0.977985459020D-01
  0.330259664945D-01 -0.145118343497D+00  0.141373091354D+00  0.906977625647D+00
  0.442370099116D-02 -0.101687821222D+00 -0.148388772336D+00 -0.118316754722D-01
 -0.115582335829D+00  0.647380511102D-01 -0.177821585491D-02  0.248354293069D-01
 -0.135912443971D+00 -0.101334177461D-02 -0.735754542867D-02  0.371673149481D-01
 -0.433246168076D-02 -0.105550009645D-01  0.190999327863D+00  0.124237555079D-01
  0.146470288048D-01  0.962517351264D-01  0.672485601426D-01 -0.345026842287D-01
  0.221172216209D+00  0.154443814311D-01 -0.354563053347D-01 -0.167019609210D+00
  0.180380453737D-02  0.617624249507D-01  0.770414598440D-01 -0.271793862577D-02
  0.508213860203D-01 -0.127221813814D+00 -0.380408131280D-01 -0.328174625091D-01
  0.576789137461D-01 -0.967677913489D-01 -0.677283944680D-01  0.263458323982D+00
  0.771979655534D-01  0.137281303198D+00  0.718507264143D-01 -0.834896962866D-01
 -0.151663176825D+00 -0.121421575147D+00  0.634322609929D-01 -0.198192863758D+00
  0.353285283066D-01 -0.853427337578D-01  0.285911621927D+00  0.148605439174D+00
  0.644869901495D+00  0.101081312083D+01  0.472932691049D+00 -0.260933338352D-01
 -0.426997086961D-01 -0.157593214840D-01  0.189334041793D-01  0.150257400919D-01
 -0.157066000715D-01  0.456990679644D-01  0.630215953819D-01 -0.718670169228D-02
 -0.123531995133D+00 -0.208693184001D+00  0.129215238837D+00  0.557818917560D+00
 -0.330579722890D+00  0.831341153123D-02 -0.121461395452D-01 -0.157046480930D+01
 -0.200682587532D-01 -0.142230508563D-01  0.586426562775D+00 -0.173261311101D+00
 -0.166200551975D+00 -0.203874313435D+00  0.115158722336D+00  0.210608405845D+00
  0.614186941147D-01 -0.362165694079D+00 -0.246971108947D+00 -0.119412015848D+00
  0.108377320421D+01 -0.147213377896D-01 -0.157612741854D+00 -0.167238079256D+00
 -0.768770105136D-02  0.120586736086D+00  0.496831489477D-01 -0.906622175008D-02
  0.753677075799D-02 -0.394163313888D-01 -0.132060822269D-02  0.320693422159D-02
  0.649276908167D-01 -0.176221197338D-02  0.163610053665D-01  0.167165057720D+00
  0.178083319385D-01 -0.191210454418D-01  0.534074328807D-01  0.950854096220D-01
 -0.624803950468D-01  0.259703489580D+00  0.100635336450D-01 -0.822925549995D-02
 -0.284526940733D+00  0.279607903295D-02  0.739875715415D-02  0.837517335022D-01
 -0.401099834328D-02  0.416623276542D-02 -0.119986880153D+00 -0.354699823387D-01
  0.116559910105D-01  0.728912221476D-01 -0.119459830209D+00 -0.927330695795D-02
  0.297805734726D+00  0.794713396617D-02 -0.924190981887D-03 -0.905444194768D-02
 -0.162366690902D-01 -0.585791589615D-02 -0.280256405248D-01  0.295026133619D-01
 -0.672899830027D-02  0.230375759236D-01 -0.137947388792D+00  0.210855312300D+00
  0.107206340433D+00  0.811938068992D+00  0.151061692226D+00  0.368902913306D+00
 -0.584964403243D-02  0.385027741651D-01  0.253621461628D-01 -0.334066956122D-02
 -0.608244879795D-01 -0.350428080919D-01  0.101832381995D-01 -0.495167027060D-01
 -0.855943386598D-02 -0.282832266234D-01 -0.163547830645D+00  0.137703136394D+00
  0.573186634574D+00  0.113070681586D+00 -0.878646162410D-01 -0.860960499495D-02
 -0.820479543022D-01  0.161634756556D+00 -0.250009388703D-01 -0.343438327604D+00
 -0.162001047901D+00 -0.296471137052D+00 -0.139572684947D+00  0.182861328427D+00
  0.981052713929D-01 -0.511882229734D-01  0.107518292823D+00 -0.225846971810D+00
 -0.147448547577D+00  0.218209556952D+00  0.548000582425D+00 -0.101343308442D+00
 -0.529429225133D-01  0.120044588225D+00 -0.111596010819D+00  0.490851758637D+00
 -0.124564742727D+00 -0.615617674794D-02 -0.557873568973D-01  0.177537548112D+00
 -0.141896714938D-02  0.268060815871D-01  0.408989593164D-01  0.102124449822D-01
  0.506824239319D-01 -0.236778991326D+00 -0.275117586466D-03 -0.641581680261D-01
 -0.158788703466D+00 -0.206202366194D-01 -0.426678834374D-01 -0.204181968703D+00
 -0.238770909393D-01  0.110881866362D+00 -0.912862281649D-01 -0.161755362296D-02
 -0.169842599858D+00  0.596501912491D-01 -0.233647354963D-02 -0.164950009093D+00
  0.154782625259D+00  0.581552891157D-01  0.156099982419D+00  0.290265421785D-01
  0.544636263441D-01  0.174471645690D+00 -0.173653585007D+00 -0.233094169429D+00
 -0.454957208644D+00 -0.239209639927D+00  0.213230574433D+00  0.485293343376D+00
  0.305111090286D+00 -0.819192688256D-01  0.620931917050D+00 -0.738835958959D-01
 -0.756669853609D-03 -0.490690697387D+00 -0.148726403345D+00 -0.268922351825D+00
 -0.299624247484D+01 -0.644581768553D+00  0.568083688216D-01  0.168228003022D+00
  0.914354014890D-01 -0.842550182488D-01 -0.121887761280D+00 -0.267831425345D-01
 -0.936753773402D-01 -0.267756257622D+00 -0.109046606132D-01  0.284642981238D+00
  0.225366475789D+00 -0.150517734950D+00 -0.346473545983D+00  0.104005138595D+01
 -0.189917279536D+00  0.104391026540D+00  0.481452077707D+01  0.270807266508D+00
  0.951405169475D-01 -0.230496256239D+01  0.158850353667D+00  0.296309215174D-01
  0.139776829384D+00 -0.427093275832D-01 -0.218767775109D+00 -0.328946929271D+00
  0.139674370231D+01  0.181041401425D+00 -0.303838825655D-01 -0.352352099787D+00
 -0.734067040203D-01  0.122609982301D+01  0.375611811512D+00  0.423636731955D+00
 -0.135907136693D+00  0.368155846525D+00 -0.122073645949D+01  0.316891948644D+00
  0.240290471585D-01  0.177696383440D+00 -0.432653397824D+00  0.483432229366D-02
 -0.107932093632D+00 -0.199929524651D+00 -0.235203660985D-01 -0.201729602662D+00
  0.404125592192D+00 -0.558021201964D-02  0.257931587063D+00  0.342010639895D+00
 -0.356372466286D-01  0.242670104408D+00  0.317282738116D+00  0.476171183680D-01
 -0.283900212934D+00  0.571350739282D+00  0.131136822856D-02  0.462201923327D+00
 -0.323105242305D+00  0.168315348821D-01  0.444480662577D+00 -0.302781315831D+00
 -0.102934853171D+00 -0.424190424032D+00 -0.187328982587D+00  0.229496567806D-01
 -0.454141793595D+00  0.146743314561D+00  0.633235939329D+00  0.123332321113D+01
  0.662593275084D+00 -0.564185915038D+00 -0.128372786476D+01 -0.750482825809D+00
  0.140071685343D+00 -0.167721523389D+01  0.149031994444D+00  0.141058113214D+00
  0.115909950806D+01  0.264159217131D+00 -0.399877495935D-01  0.798053017551D+01
  0.143674720065D+01 -0.199540965617D+00 -0.640890819708D+00 -0.340774021204D+00
  0.299124047244D+00  0.561757894140D+00  0.228412242267D+00  0.214844814058D+00
  0.947681440332D+00  0.944418037766D-02 -0.755289140907D+00 -0.217068126396D+00
  0.318473902534D+00  0.306866191677D+00 -0.367760668746D+01  0.100759766841D+01
 -0.214339062678D+00 -0.131251520214D+02 -0.996235316323D+00 -0.167216111395D+00
  0.794511669134D+01  0.724938580401D-01  0.999803980377D-01 -0.316271643114D+00
 -0.134441509159D+00  0.424878836795D+00  0.125461586932D+01 -0.456372630040D+01
 -0.300564866271D+00  0.161118523735D+00  0.739600186400D+00 -0.247767496757D-01
 -0.239462397542D+01  0.691159911788D+01  0.342137703105D-01 -0.472115044505D+00
 -0.557960420748D+00 -0.461397088775D-01  0.454609841876D-02  0.288128980857D+00
 -0.240308451729D-01  0.717774341352D-01 -0.238235674081D+00 -0.612692233391D-02
  0.152116360637D-01  0.227576490887D+00 -0.394060164867D-02  0.175732765155D-01
  0.493099607411D+00  0.741058683111D-01 -0.289545010882D-01  0.203933235361D+00
  0.326254980967D+00 -0.137383261087D+00  0.907726058209D+00  0.457833004595D-01
 -0.464352444788D-01 -0.865615759076D+00  0.487925591512D-02  0.680053735103D-01
  0.360796800195D+00 -0.932206151711D-02  0.271953884500D-01 -0.398101718203D+00
 -0.118641604314D+00  0.968703663110D-02  0.181355659148D+00 -0.419384949309D+00
 -0.265628469661D-02  0.650250124483D+00  0.640081864438D-01  0.814227018630D-01
  0.268545087686D-01 -0.105565401704D+00 -0.931423887885D-01 -0.120258435639D+00
  0.864511757776D-01 -0.145588354763D+00  0.791701341717D-01 -0.152377632096D+00
  0.536499510624D+00  0.243251075008D+00  0.252799210410D+01  0.104657938689D+01
  0.112853815691D+01 -0.585273044058D-01  0.287420994203D-01  0.402123779413D-01
  0.691330753038D-02 -0.947311470841D-01 -0.354092509287D-01  0.307897131360D-01
 -0.237009330063D-01 -0.418672303992D-01 -0.128650493394D+00 -0.367424704934D+00
  0.535394929808D+00  0.226353000386D+01 -0.284169175162D+00  0.217322426583D+00
 -0.592793928463D-02 -0.122604477312D+01  0.244513538392D+00 -0.453923956886D-01
  0.113914484050D+00 -0.444747117873D+00 -0.831651694254D+00 -0.582378730091D+00
  0.656542503472D+00  0.854562991612D+00 -0.286096139734D-01 -0.450476951562D-01
 -0.820125317051D+00 -0.503750468631D+00  0.773330757278D+00  0.846393212370D+00
 -0.453561851123D+00  0.465261511269D+00  0.324946043197D+01 -0.230803569881D+00
 -0.180944739843D+00  0.175897048908D+00 -0.785479735072D-01  0.633881639857D+00
 -0.225492868366D+00 -0.331577864136D-02 -0.173071815580D+00  0.391344885001D+00
 -0.245910569276D-02  0.124801767794D+00  0.190349996968D+00  0.167338807202D-01
  0.197087106818D+00 -0.307272221951D+00 -0.304280773368D-01 -0.233565434058D+00
 -0.268981110303D+00 -0.411852224209D-01 -0.212494779235D+00 -0.456975532421D+00
 -0.342286591671D-01  0.190672392276D+00 -0.188777391322D+00 -0.123388605162D-02
 -0.326741050609D+00  0.160630983309D+00 -0.134581765415D-01 -0.299745471221D+00
  0.230369431684D+00  0.772256383408D-01  0.278256194821D+00  0.953425117888D-02
  0.490417353657D-01  0.301197935564D+00 -0.244532730369D+00 -0.423552103322D+00
 -0.844699368457D+00 -0.446443895826D+00  0.393394296976D+00  0.858344943816D+00
  0.482386524232D+00 -0.816781695071D-01  0.116378688750D+01 -0.966722398218D-01
  0.449549476601D-01 -0.771708463368D+00 -0.236279697911D+00 -0.406927868165D+00
 -0.550400155667D+01 -0.104024066581D+01  0.232183492808D+00  0.598360323617D+00
  0.314139346965D+00 -0.285752950935D+00 -0.552175063217D+00 -0.281462611799D+00
 -0.124294703294D+00 -0.855210928849D+00  0.283964341241D-01  0.695662083266D+00
  0.998733839313D-01 -0.289868238139D+00 -0.536720138953D+00  0.357202951512D+01
 -0.800094265527D+00  0.101571035324D+00  0.917636490517D+01  0.455690362974D+00
  0.711722260520D-01 -0.707933848172D+01  0.464754116376D-01  0.295993677347D-01
  0.362861013913D+00  0.349874905993D-01 -0.437938452912D+00 -0.117383573215D+01
  0.390318826387D+01  0.273584839793D+00 -0.491797476223D-01 -0.601280952391D+00
 -0.639184660221D-01  0.167582036435D+01 -0.480795951761D+01 -0.735982006123D+00
  0.397358045510D+01  0.140535784271D+00  0.741609944287D+00  0.567053526519D+00
  0.685992414394D-01 -0.876591981250D+00  0.108614689943D-01  0.365306079366D-01
 -0.401423416675D-01  0.300426886841D+00  0.125756709866D-01  0.116084238931D-01
 -0.284209080334D+00  0.823895075938D-02 -0.448009152512D-01 -0.695995973201D+00
 -0.915787577294D-01  0.716622948546D-01 -0.222725827496D+00 -0.396525582562D+00
  0.246683652554D+00 -0.753419762173D+00 -0.377264355239D-01  0.883133538538D-02
  0.136213137632D+01 -0.713914600403D-02  0.224606441659D-01 -0.510306571477D+00
  0.310395054377D-01  0.347711099139D-01 -0.156711455181D+00  0.116531166892D+00
 -0.826475144829D-01 -0.313700882287D+00  0.499951226849D+00 -0.206587848646D-01
 -0.998025880941D+00  0.646225994748D-01  0.116680587494D+00  0.793784822621D-01
  0.368168357577D-01 -0.980772488962D-01  0.312866757834D-01 -0.145308357263D+00
 -0.104879981475D+00 -0.587698028145D-01  0.504087392391D+00  0.887649113262D+00
  0.427941597914D-02 -0.287067942782D+01  0.246704578987D+00  0.125967078105D+01
  0.951340143014D-01 -0.100650680674D+00 -0.894046701229D-01  0.134405299331D-01
  0.183682436347D+00  0.730223934560D-01 -0.233405141235D-01  0.163302059723D+00
  0.481194219359D-01  0.344143398702D-01  0.153303745919D+01 -0.362324191598D-01
 -0.225303854907D+01 -0.507080501514D-01  0.230501772584D+01 -0.507631944528D-01
 -0.100278075831D+01 -0.301939887846D+01  0.844806807207D-02  0.128730312763D+01
  0.257199642668D+01  0.593163466736D+00  0.400453145051D+00 -0.545119142394D+00
 -0.509502363702D+00  0.260243363042D+00 -0.718494956117D+00  0.654699058239D+00
  0.371050628800D+00 -0.521177802978D+00 -0.701405215495D+00  0.103984208088D+00
  0.678965997534D+00 -0.211189949276D+01  0.736659931954D-02  0.517868823687D+01
$end
