$optinfo internal
 gdiistep   on
 trostep    off
 calchess   off
 iteration 101
 ndiis       3
 itrvec      0
 tradius    3.000000000000E-01
 actrad     3.389147567421E-02
 energyo   -2.264224492224E+03
 predengy  -5.927076683636E-05
 trnvec
  0.000000000000D+00  0.000000000000D+00  0.000000000000D+00
  0.000000000000D+00  0.000000000000D+00  0.000000000000D+00
  0.000000000000D+00  0.000000000000D+00  0.000000000000D+00
  0.000000000000D+00  0.000000000000D+00  0.000000000000D+00
  0.000000000000D+00  0.000000000000D+00  0.000000000000D+00
  0.000000000000D+00  0.000000000000D+00  0.000000000000D+00
  0.000000000000D+00  0.000000000000D+00  0.000000000000D+00
  0.000000000000D+00  0.000000000000D+00  0.000000000000D+00
  0.000000000000D+00  0.000000000000D+00  0.000000000000D+00
  0.000000000000D+00  0.000000000000D+00  0.000000000000D+00
  0.000000000000D+00  0.000000000000D+00  0.000000000000D+00
  0.000000000000D+00  0.000000000000D+00  0.000000000000D+00
  0.000000000000D+00  0.000000000000D+00  0.000000000000D+00
  0.000000000000D+00  0.000000000000D+00  0.000000000000D+00
  0.000000000000D+00  0.000000000000D+00  0.000000000000D+00
  0.000000000000D+00  0.000000000000D+00  0.000000000000D+00
  0.000000000000D+00  0.000000000000D+00  0.000000000000D+00
  0.000000000000D+00  0.000000000000D+00  0.000000000000D+00
  0.000000000000D+00  0.000000000000D+00  0.000000000000D+00
  0.000000000000D+00  0.000000000000D+00  0.000000000000D+00
  0.000000000000D+00  0.000000000000D+00  0.000000000000D+00
  0.000000000000D+00  0.000000000000D+00  0.000000000000D+00
  0.000000000000D+00  0.000000000000D+00  0.000000000000D+00
  0.000000000000D+00  0.000000000000D+00  0.000000000000D+00
  0.000000000000D+00  0.000000000000D+00  0.000000000000D+00
  0.000000000000D+00  0.000000000000D+00  0.000000000000D+00
  0.000000000000D+00  0.000000000000D+00  0.000000000000D+00
  0.000000000000D+00  0.000000000000D+00  0.000000000000D+00
  0.000000000000D+00  0.000000000000D+00  0.000000000000D+00
 displ
  0.603345348312D-03  0.522531908459D-03  0.192013358986D-03
  0.313743125644D-03  0.530681205905D-03  0.764141321517D-03
 -0.104971408277D-04 -0.197798162156D-03  0.889037780311D-03
 -0.253769065846D-04 -0.864225571150D-04  0.445641180127D-03
  0.205083929465D-04  0.793333652643D-04 -0.186865854034D-02
  0.256033043717D-04  0.106929914707D-03  0.146322518408D-02
  0.587724132517D-04  0.126778898405D-04 -0.140142797963D-03
  0.122800502398D-04 -0.201559281198D-04 -0.384967435475D-04
 -0.238457878812D-04 -0.911887067463D-04 -0.193813213574D-02
  0.174944170350D-05  0.107614665570D-03  0.176800004627D-02
  0.264945445920D-04  0.286640983840D-04 -0.132637146444D-02
 -0.569993690824D-04 -0.726500203712D-04 -0.934265292078D-03
  0.450219956187D-04 -0.142619724963D-04 -0.107399731357D-04
 -0.135445924805D-04  0.518092119259D-04  0.749210060347D-04
 -0.341110974161D-04 -0.303644393673D-04 -0.198484833898D-04
 -0.259038977898D-02  0.871106107664D-03 -0.695505676645D-03
 -0.215546409584D-02 -0.217498495297D-03  0.197954689085D-02
  0.498564658393D-04  0.154526288503D-04  0.335045867237D-04
  0.300461754787D-04  0.331216850085D-04  0.912857577280D-04
 -0.847571391227D-04 -0.579938287425D-04 -0.222448452939D-04
 -0.532414440822D-03  0.301900746799D-03 -0.589254958413D-03
  0.386117882155D-02  0.679424179840D-05 -0.155068520150D-02
 -0.160372393819D-03  0.303813304400D-03  0.333883386028D-03
 -0.119136015729D-03  0.316768305820D-03 -0.251511739539D-03
 -0.129624010137D-02  0.205712055337D-04 -0.646543927827D-04
  0.415227847190D-03  0.291535085025D-03  0.423714472306D-04
  0.138690460925D-02 -0.167392365380D-03  0.752145349909D-04
 -0.945480974740D-03  0.906144151198D-04  0.924486823295D-03
 -0.350164987243D-03  0.104078780026D-02 -0.411132227273D-04
 dxyz
 -0.284621953737D-03 -0.395538508534D-04  0.132415161132D-02
 -0.748417661032D-03 -0.135172291801D-03 -0.450315311050D-02
  0.318741867083D-02 -0.187343676359D-02 -0.398498235413D-02
 -0.133682196119D-02  0.111299235646D-03 -0.151542827242D-02
 -0.356450571988D-02  0.901446373672D-03  0.176752850387D-02
  0.656337024174D-03 -0.414570178379D-04  0.282084314622D-02
  0.220951539869D-03 -0.195948286384D-03 -0.589595381100D-03
 -0.353411486254D-02  0.133212928874D-02 -0.404149048202D-02
  0.372660893883D-02 -0.704355848992D-03  0.185280771463D-02
 -0.101057323930D-02 -0.343202257775D-03 -0.738233225114D-02
 -0.145334479209D-02  0.975725415685D-03  0.643969151131D-03
  0.983007293571D-04 -0.293430864613D-03 -0.176940745979D-02
  0.219722051227D-03 -0.217708140336D-03  0.277609676830D-03
  0.405636829688D-03 -0.282775666990D-03  0.225370995392D-02
  0.582303905628D-03 -0.232824841866D-03  0.341410283086D-02
  0.517408496985D-03 -0.243928197745D-03  0.207990992479D-02
  0.787437570897D-04 -0.593344824169D-03 -0.246248975689D-02
 -0.157800510995D-04 -0.152349124610D-03 -0.574131151265D-03
  0.204980009470D-03 -0.457147533794D-03 -0.927572309736D-03
  0.554424055701D-03 -0.496569067045D-03  0.239797684433D-02
  0.692489268842D-03 -0.200698981040D-03  0.277907369384D-02
  0.823699604324D-04 -0.164158035768D-03  0.132544606468D-02
  0.442529459785D-03  0.675247633286D-04  0.179226994094D-02
  0.214837153571D-03  0.417145815992D-03 -0.179179145540D-02
 -0.267649867474D-03  0.613886256083D-03 -0.249154601088D-02
 -0.454195306415D-03  0.419602393802D-03  0.445999753238D-03
  0.896582844454D-04 -0.455504073372D-03  0.881881150590D-03
  0.124724583804D-02  0.101454485684D-03  0.890089567565D-02
  0.473009216343D-03  0.595370046095D-03 -0.429302055153D-03
 -0.336654283112D-03  0.101897836294D-02 -0.264292550098D-02
 -0.688295492450D-03  0.569003230919D-03  0.147971914572D-03
 grado
  0.155923246670D-04  0.168990522754D-04 -0.883037250450D-05
  0.317020613530D-04  0.142302305352D-03 -0.104785288440D-03
  0.149090856677D-05 -0.786366523483D-06  0.102044508635D-03
 -0.147431052244D-05  0.455096984187D-05 -0.417962775849D-04
 -0.793762090418D-06  0.686395071296D-05  0.102854921707D-04
 -0.138839991059D-05 -0.593166222686D-05  0.657800566637D-04
 -0.347268766208D-05 -0.128065191294D-04 -0.714976021674D-04
  0.222776616981D-05  0.123207692979D-05  0.180264716210D-04
 -0.126669973873D-05  0.529556748297D-05  0.877168285515D-04
 -0.125533052179D-05  0.464377739276D-05  0.580561449852D-04
 -0.829768041535D-06  0.194479139395D-05 -0.886676535426D-04
 -0.313111176809D-05 -0.570602157817D-05 -0.294649881152D-04
  0.804030424128D-05  0.915882466028D-05  0.721725819334D-05
 -0.984412725407D-05 -0.125985379017D-04 -0.102039491172D-04
  0.171259292269D-04 -0.128691483079D-04  0.498597296548D-05
  0.183046986025D-03 -0.131087399829D-04  0.338167323053D-04
  0.149617181060D-03  0.597544299435D-04  0.833066296165D-04
  0.819847553810D-05  0.191174301908D-04  0.157492824631D-04
 -0.754116066602D-05 -0.186233192372D-04 -0.189361157314D-04
  0.150557815177D-04 -0.251264849664D-04  0.290853355056D-05
 -0.236203642778D-04 -0.984163053954D-04 -0.294524582392D-04
 -0.228124822808D-03  0.908111286446D-04 -0.189028062243D-03
 -0.107982874831D-04 -0.700554440169D-04  0.223242040772D-04
 -0.103245354968D-04 -0.158372905654D-03  0.434860006362D-04
  0.756671218968D-04  0.352898981489D-04 -0.253060009289D-04
 -0.678618612183D-04 -0.336465817863D-04  0.859833677556D-04
 -0.609515858426D-04  0.164006737748D-04 -0.109868566494D-04
  0.579128193917D-04 -0.192370050976D-04  0.251074206431D-04
 -0.430418182313D-04  0.320587314702D-04  0.373882861303D-04
$end
