$coord
    0.10101774650639      1.52043483721098      0.18892602938638  c
   -0.44079047853497      0.75045526745535      2.03660046997253  h
    2.16621531904605      1.77308792399913      0.17529378780868  h
   -0.81129375845054      3.36809906493992     -0.05474574895681  h
   -0.69382929706390     -0.05667655853224     -1.78109099856869  o
    0.46886075916529     -3.11123701412947     -1.47104454791356  s
   -0.79018029066823     -4.24416352094366      0.90606100827154  o
$user-defined bonds
$redundant
     number_of_atoms             7
     degrees_of_freedom         15
     internal_coordinates       15
     frozen_coordinates          0
# definitions of redundant internals
   1 k  0.5773502691896 tors   4    1    5    6 val=  63.85001
        0.5773502691896 tors   2    1    5    6
        0.5773502691896 tors   3    1    5    6
   2 k  1.0000000000000 stre   1    4           val=   2.07498
   3 k  1.0000000000000 stre   1    2           val=   2.07372
   4 k  1.0000000000000 stre   1    3           val=   2.08064
   5 k -0.3783219813442 bend   2    4    1      val=   1.99706
       -0.3665505889096 bend   3    4    1
       -0.4631524119452 bend   3    2    1
        0.4291299624549 bend   5    4    1
        0.4015023104466 bend   5    2    1
        0.4032943807451 bend   5    3    1
   6 k  0.2845427043197 bend   2    4    1      val=   2.10102
        0.4827626845080 bend   3    4    1
       -0.6494411323233 bend   3    2    1
        0.3902932264590 bend   5    4    1
       -0.2899154484680 bend   5    2    1
       -0.1667995372640 bend   5    3    1
   7 k  0.7011923055345 bend   2    4    1      val=   0.04148
       -0.5717421353378 bend   3    4    1
       -0.1215293058832 bend   3    2    1
        0.0514716362740 bend   5    4    1
        0.2575139004591 bend   5    2    1
       -0.3125830623687 bend   5    3    1
   8 k  0.1709130587760 bend   2    4    1      val=   1.34071
        0.2611412565933 bend   3    4    1
       -0.4063454248692 bend   3    2    1
       -0.7048208107585 bend   5    4    1
        0.4030636052889 bend   5    2    1
        0.2797225785414 bend   5    3    1
   9 k -0.3017652460594 bend   2    4    1      val=  -0.11567
        0.2744830039133 bend   3    4    1
        0.0296859677340 bend   3    2    1
        0.0825807366392 bend   5    4    1
        0.5988513275978 bend   5    2    1
       -0.6835737484160 bend   5    3    1
  10 k  1.0000000000000 tors   7    6    5    1 val=  66.54122
  11 k  1.0000000000000 stre   6    7           val=   2.91879
  12 k  1.0000000000000 bend   5    7    6      val= 106.57583
  13 k  1.0000000000000 stre   5    6           val=   3.28303
  14 k  1.0000000000000 stre   5    1           val=   2.64576
  15 k  1.0000000000000 bend   1    6    5      val= 112.20326
        15 non zero eigenvalues  of BmBt
           1           4.081278181    1    0
         1
           2           3.461875839    2    0
         2
           3           3.326829740    3    0
         3
           4           2.485712122    4    0
         4
           5           2.179235305    5    0
         5
           6           1.660727076    6    0
         6
           7           1.061029816    7    0
         7
           8           0.838907455    8    0
         8
           9           0.713013499    9    0
         9
          10           0.709838605   10    0
        10
          11           0.502047500   11    0
        11
          12           0.373045065   12    0
        12
          13           0.304379534   13    0
        13
          14           0.208266481   14    0
        14
          15           0.063445517   15    0
        15
$end
