$dipgrad          cartesian dipole gradients
  0.46183505761948D+00  0.40850417622548D-01  -.12072103639231D-02
  -.10354270671233D+00  0.46327617730705D+00  0.82928501583022D-01
  -.26890448690815D-01  0.32412233497263D+00  0.46334128722427D+00
  0.38064290482713D-02  -.34771217670926D-01  0.41215400014741D-01
  -.28050754030829D-01  0.33800813568472D-01  0.97009491210345D-01
  0.50622245948876D-01  -.58864166377179D-01  -.16469469126800D+00
  -.21862991319919D+00  -.18571843896192D+00  -.56076612726299D-01
  0.22078933888046D-02  0.13176097840974D-01  -.74014986618229D-02
  0.57054559642561D-01  -.19571676976563D-01  0.24003426810934D-01
  0.75033785628600D-02  0.15251024180301D+00  -.33370666427417D-03
  0.11470369887105D+00  -.36099649536745D+00  -.48259340303385D-01
  -.22329934737445D-01  -.44999544544308D-03  0.31375654533881D-01
  -.66299539850154D+00  0.11337598695647D+00  -.71624188263136D-01
  0.30608387904160D+00  -.11690395788807D+01  0.49207742243657D-01
  -.11543917025052D+00  -.10794999240210D+00  -.66475742130564D+00
  0.27311097171875D+00  0.25268972138782D+00  -.18819833843394D+00
  -.99427536876792D-01  0.89227621719430D+00  -.40897934010035D+00
  -.43306668335416D+00  -.84952719556762D+00  0.47146535784739D+00
  -.86463052532067D+00  -.33893671113688D+00  0.27622465643684D+00
  -.19197447368145D+00  -.87249323173573D+00  0.23549444402830D+00
  0.49004943144149D+00  0.71224069179629D+00  -.11607336139149D+01
$end
