$energy      SCF               SCFKIN            SCFPOT
     1 -588.2722261432      586.4557272971     -1174.727953440
     2 -588.2791965578      586.3355230166     -1174.614719574
     3 -588.2836495576      586.2090493186     -1174.492698876
     4 -588.2843189442      586.1699605757     -1174.454279520
     5 -588.2846358519      586.1669715532     -1174.451607405
     6 -588.2847519893      586.1807846345     -1174.465536624
     7 -588.2847732925      586.1815357804     -1174.466309073
     8 -588.2848101226      586.1789835317     -1174.463793654
     9 -588.2848809930      586.1737548233     -1174.458635816
    10 -588.2849394137      586.1759347987     -1174.460874212
    11 -588.2850329368      586.1812497066     -1174.466282643
    12 -588.2850976242      586.1818739642     -1174.466971588
    13 -588.2852194374      586.1831491642     -1174.468368602
    14 -588.2851254664      586.1771059083     -1174.462231375
    15 -588.2852724567      586.1787532812     -1174.464025738
    16 -588.2852667558      586.1797218222     -1174.464988578
    17 -588.2852722843      586.1799268933     -1174.465199178
    18 -588.2852646613      586.1782568267     -1174.463521488
    19 -588.2852738001      586.1796874220     -1174.464961222
    20 -588.2852741584      586.1793980396     -1174.464672198
    21 -588.2852742640      586.1801897912     -1174.465464055
    22 -588.2852746149      586.1797878161     -1174.465062431
    23 -588.2852748727      586.1790544688     -1174.464329342
    24 -588.2852748599      586.1791605854     -1174.464435445
$end
