$grad          cartesian gradients
  cycle =      1    SCF energy =     -588.2722261432   |dE/dxyz| =  0.114847
    0.10404943654332      1.48007152018302      0.24937810210532      c
   -0.66071832805523      0.75349668650869      2.01752827129954      h
    2.16185491148865      1.59544548239998      0.36998735892397      h
   -0.68125630026328      3.33725699421343     -0.14757636486009      h
   -0.62894763421068     -0.08629072581422     -1.82642243671508      o
    0.04913701462774     -3.08792445393211     -1.63827809988363      s
   -0.34411910013048     -3.99205550355876      0.97538316912994      o
  0.35898627324047D-02  0.11428164167234D-01  0.17619388163824D-01
  -.80230212837584D-03  0.14350855481899D-02  -.20037587220778D-02
  -.65113239709707D-02  -.89149166864089D-04  -.21592121854977D-02
  0.58283000657067D-03  -.38498611999787D-02  -.53804922852629D-03
  0.19451226163339D-01  -.50325945201273D-01  -.13609749254809D-01
  -.32798684032490D-01  0.25114330922989D-01  0.60876147873726D-01
  0.16445643372749D-01  0.16274486840462D-01  -.60189531638230D-01
  cycle =      2    SCF energy =     -588.2791965578   |dE/dxyz| =  0.064460
    0.09229537267782      1.47840393342803      0.23329313187719      c
   -0.67328138960896      0.74016221734105      2.00125554598450      h
    2.16578109338899      1.55332403990015      0.35897117302926      h
   -0.66353639126905      3.36257459668118     -0.13211302820231      h
   -0.68216923436313     -0.04972837820860     -1.82063907543855      o
    0.11209933548712     -3.09338766089128     -1.65277861660070      s
   -0.35118878631275     -3.99134874825050      1.01201086935059      o
  0.80196625565349D-03  0.81563430379605D-02  0.11463786845609D-01
  -.14285737648034D-02  -.10170021640032D-03  -.22671207995417D-02
  -.17981061254613D-02  -.22153880885234D-03  -.12914737859094D-02
  -.33509951186250D-03  -.21403313368555D-02  -.10570430552432D-02
  0.14136132015560D-01  -.30211020195914D-01  -.61107418207293D-02
  -.22261751949696D-01  0.15613175537148D-01  0.30042810898639D-01
  0.10849599459728D-01  0.89004621121695D-02  -.30819951497207D-01
  cycle =      3    SCF energy =     -588.2836495576   |dE/dxyz| =  0.013314
    0.06900502102556      1.47351526257761      0.20867096316431      c
   -0.68681575987638      0.75026536145455      1.99535921575852      h
    2.15229209846738      1.48116377133942      0.33646549006519      h
   -0.62041511641807      3.39931529251026     -0.11467296807309      h
   -0.77436740605603     -0.00380104610419     -1.81129054307268      o
    0.22582375111831     -3.08728470135217     -1.65935564346738      s
   -0.36552258826072     -4.01317394042546      1.04482348562512      o
  -.12404764179482D-02  0.18650875889930D-02  0.15913322896990D-02
  -.15158681095314D-02  -.13153457299708D-02  -.14741796070088D-02
  0.93001866570130D-03  -.39142472108189D-03  0.17326623571168D-03
  -.51547177328970D-03  -.56141274230948D-03  -.11716610607367D-02
  0.60966189245808D-02  -.60065854115647D-02  0.21595314933974D-02
  -.67907347575318D-02  0.49021543618499D-02  -.77866666259752D-03
  0.30475890808679D-02  0.15065545220319D-02  -.53646399097218D-03
  cycle =      4    SCF energy =     -588.2843189442   |dE/dxyz| =  0.008971
    0.05382770802653      1.48094957998585      0.20575374479377      c
   -0.69834725722594      0.81754662732175      2.01979344953067      h
    2.13547846243073      1.44003219560065      0.32859767996329      h
   -0.57898131252912      3.42570083343064     -0.13260604578780      h
   -0.83993632407289     -0.00541947040174     -1.78420170221969      o
    0.29493124940794     -3.07785125596154     -1.65655668337922      s
   -0.36697252603719     -4.08095850997559      1.01921955709896      o
  -.74843968768423D-03  0.20674327938908D-03  -.12438467609632D-03
  -.95168406839874D-03  -.86969610618559D-03  -.62710915533648D-03
  0.81663276834965D-03  -.13110117316673D-03  0.95303948111497D-03
  -.68479321017056D-05  -.26929842982382D-03  -.84034930411503D-03
  0.15022772365665D-02  -.18986596250059D-03  0.15661876013717D-02
  -.10326739622180D-02  0.17271298452908D-02  -.62082189220973D-02
  0.43273234655317D-03  -.48295072660665D-03  0.52605319907251D-02
  cycle =      5    SCF energy =     -588.2846358519   |dE/dxyz| =  0.005057
    0.04251396240011      1.49647373310316      0.21178513489225      c
   -0.70882791930508      0.91113028549801      2.05340890902787      h
    2.11889671831575      1.41288675178513      0.32378961262186      h
   -0.54213873853224      3.45028366521642     -0.16642714205301      h
   -0.89030966123352     -0.02358546123245     -1.74174729527088      o
    0.34583134819608     -3.06962550254551     -1.64693848663638      s
   -0.36596570984104     -4.17756347182474      0.96612926741827      o
  0.30702621249601D-03  -.16561811135496D-03  0.71031730728599D-03
  -.34829185577623D-03  -.43445879963522D-04  -.18815922680404D-03
  -.94956446883954D-04  0.72793803227500D-04  0.99963689667085D-03
  0.35019353615445D-03  -.85663638382250D-04  -.46283388688872D-03
  -.67896989271432D-03  0.71519001709408D-03  -.65896059172843D-03
  0.91347678306875D-04  -.98404113182404D-04  -.34931400116456D-02
  0.36135804709314D-03  -.38517492679091D-03  0.30868552842005D-02
  cycle =      6    SCF energy =     -588.2847519893   |dE/dxyz| =  0.003895
    0.03355516981128      1.51736838533386      0.22039540326738      c
   -0.71833494801588      1.01548529640757      2.08705287473676      h
    2.10592266168131      1.39253140139168      0.31662229159984      h
   -0.51220855113004      3.47348858515312     -0.20917362132044      h
   -0.93123992835798     -0.04659068292072     -1.68177556080271      o
    0.39153974244276     -3.06000292714142     -1.63014902628426      s
   -0.36923414643139     -4.29228005822408      0.89702763880342      o
  0.43165436647086D-03  -.75952566657822D-03  0.56197983790929D-03
  -.18690885507988D-03  0.51227116567765D-03  -.17827338766163D-03
  -.52012600499607D-03  -.20343269357964D-03  0.40986081372191D-03
  0.39409895989817D-03  0.86548250289198D-04  -.20222278283522D-03
  -.10968382033489D-02  0.13481258148946D-02  -.74481023469408D-03
  -.21366818042878D-03  -.15886717361253D-02  0.16894720311047D-02
  0.11495073731744D-02  0.62786757556754D-03  -.15377809479631D-02
  cycle =      7    SCF energy =     -588.2847732925   |dE/dxyz| =  0.003814
    0.03591018998807      1.51971820042630      0.22054814279581      c
   -0.71469428615836      1.01325259194976      2.08698637110467      h
    2.10996610458934      1.40281257999179      0.31377668209573      h
   -0.52046500128772      3.47320358254584     -0.20839904406918      h
   -0.92267431117549     -0.04843722321209     -1.67917142913479      o
    0.38948341145593     -3.06334839289507     -1.62861659587856      s
   -0.37752610741171     -4.29720133880653      0.89487587308631      o
  0.81088525423212D-05  -.43092151177682D-03  0.20598527808158D-03
  -.39877050422685D-03  0.32813208839211D-03  -.16572994647790D-03
  -.20437070942392D-03  -.26603502580502D-03  0.23507304469239D-03
  0.20298150758702D-03  0.15636984877321D-03  -.15324755893109D-03
  -.40764493242307D-04  0.10897589467191D-02  -.38079525834789D-04
  -.88815176906110D-03  -.17440405781919D-02  0.17318468336711D-02
  0.12805609798026D-02  0.88747697772718D-03  -.18209511133094D-02
  cycle =      8    SCF energy =     -588.2848101226   |dE/dxyz| =  0.002852
    0.03746854785314      1.52560936488960      0.22066543258641      c
   -0.70703622669539      1.02501959027109      2.09239719591286      h
    2.11365080469391      1.41536833332674      0.30679154720419      h
   -0.52825669011004      3.47570859923907     -0.21315966170606      h
   -0.92089581130554     -0.05460381521407     -1.66614756440585      o
    0.40156832049866     -3.06341223188216     -1.62206720918854      s
   -0.39649894493468     -4.32368984063026      0.88152025959698      o
  -.44073879630435D-03  -.43620525779531D-03  -.71602756024447D-03
  -.63639868799603D-03  0.24379674985431D-03  -.15919443187684D-04
  0.29682459868230D-03  -.44790355381497D-03  0.11472814801639D-03
  0.13716100036765D-03  0.24741109300308D-03  -.77460153761089D-04
  0.11338828385021D-03  0.12865115229808D-02  0.90943034732138D-03
  -.33745529921525D-03  -.12159131553613D-02  0.73251172331723D-03
  0.83914560000409D-03  0.34124855888429D-03  -.96820829505440D-03
  cycle =      9    SCF energy =     -588.2848809930   |dE/dxyz| =  0.003701
    0.04437287752022      1.53238183518539      0.21899598925645      c
   -0.67968819051506      1.02035826905077      2.09677361600064      h
    2.12374274914325      1.45683293339641      0.29070513099334      h
   -0.55787413561863      3.47232353952260     -0.20967916794901      h
   -0.90311293252340     -0.06444328796036     -1.65825511881162      o
    0.41955314656667     -3.06584480936491     -1.60720019939114      s
   -0.44699351457300     -4.35160847982988      0.86865974990133      o
  -.73463692181064D-03  -.14612926938273D-03  -.16074038577214D-02
  -.76961463459058D-03  0.13740475943580D-03  0.21021417208589D-03
  0.73943803126353D-03  -.38475286121353D-03  0.12211442227233D-03
  0.37835020437305D-04  0.20126814532229D-03  0.70639028276087D-04
  0.49594993348379D-03  0.57064130480100D-03  0.16731352898720D-02
  0.54334109277221D-03  0.48303212212097D-03  -.17191347231709D-02
  -.29871461310194D-03  -.84624546574830D-03  0.12152159469743D-02
  cycle =     10    SCF energy =     -588.2849394137   |dE/dxyz| =  0.002617
    0.04869276548137      1.52670085157201      0.21636210240233      c
   -0.66241594264423      0.98373285587835      2.08852861524352      h
    2.12687568164900      1.47740409301300      0.28432024827298      h
   -0.57729208448527      3.46237486151664     -0.19302649758074      h
   -0.88532799516983     -0.06115692065012     -1.67969922651725      o
    0.41741554330214     -3.06614462698339     -1.60059164633195      s
   -0.46794796813312     -4.32291111434647      0.88410640451112      o
  -.80723530486493D-04  -.64466392358575D-04  -.49916265168948D-03
  -.37801472512455D-03  0.17453664600109D-03  -.34858299251983D-04
  0.13501983520570D-04  -.14723107918915D-03  0.31661217317325D-03
  0.17387770629307D-03  0.15550999479252D-04  0.35079064650834D-05
  0.38287537565562D-03  -.31177355284129D-03  0.49766069997359D-03
  0.42029690824563D-04  0.83842287304403D-03  -.16981108195502D-02
  -.12983600889127D-03  -.49861996839073D-03  0.13847100595470D-02
  cycle =     11    SCF energy =     -588.2850329368   |dE/dxyz| =  0.003892
    0.06082747630539      1.53221596356396      0.21430871933075      c
   -0.61186067248559      0.95389685516162      2.08907743350152      h
    2.13889924152107      1.54654467751770      0.25674109607432      h
   -0.62974659291697      3.44911755614062     -0.17709097524559      h
   -0.84670133019371     -0.07132103415936     -1.68488115720719      o
    0.43664292833432     -3.07125694342599     -1.56957742137238      s
   -0.54806105056446     -4.33919707479853      0.87142230491858      o
  0.19078790523519D-03  0.34879425174461D-03  0.86684611440013D-05
  -.16292832119208D-03  0.26845221613303D-03  -.11706725819649D-03
  -.34863488198478D-03  -.13886626716408D-03  0.20357427290968D-03
  0.15766199176165D-03  -.22133299608207D-04  -.13947387532565D-03
  0.96905014724324D-03  -.21035207963793D-02  0.41675796234930D-03
  -.57717223127085D-03  0.24315993831738D-02  -.12113875336155D-02
  -.17309087451434D-03  -.81642698103579D-03  0.83702723998158D-03
  cycle =     12    SCF energy =     -588.2850976242   |dE/dxyz| =  0.004790
    0.06928555562791      1.53151831732875      0.21034250479962      c
   -0.57390605039845      0.91485216927065      2.08271302671256      h
    2.14661050477823      1.59521339034725      0.23719358158953      h
   -0.66979647524765      3.43494770443192     -0.15648569800784      h
   -0.81589050941074     -0.07211400461234     -1.70061931208796      o
    0.44839908306627     -3.07521730281357     -1.54731848294212      s
   -0.60470210841551     -4.32920027395264      0.87417437993623      o
  0.19244873348412D-03  0.34149974511255D-03  0.24095637003763D-03
  0.16156106107834D-04  0.21535573219622D-03  -.12266141312711D-03
  -.37709298627853D-03  -.14107349948667D-03  0.21712811586527D-03
  0.14204499620973D-03  -.45673433273663D-04  -.26377249798915D-03
  0.97620233060880D-03  -.24974335683687D-02  0.26599937619931D-03
  -.48625995189511D-03  0.30858095192459D-02  -.15800317910326D-02
  -.42955237984010D-03  -.10266552302518D-02  0.12711981318034D-02
  cycle =     13    SCF energy =     -588.2852194374   |dE/dxyz| =  0.004972
    0.09438402437292      1.52799114615824      0.19789108483253      c
   -0.45830858539838      0.79999317942328      2.05821316242047      h
    2.16262112709509      1.74003187828990      0.18243637108080      h
   -0.78648857348473      3.38384717512650     -0.09074134880523      h
   -0.72168180075594     -0.07097744528816     -1.74963348626963      o
    0.47766043862035     -3.09254109321069     -1.47882868199788      s
   -0.76818663044925     -4.28834484049905      0.88066289873897      o
  -.55012433931800D-04  0.28481963397020D-03  0.82604831885691D-03
  0.48504098915374D-03  0.41110834095304D-05  -.10485457773968D-03
  -.23728516061294D-03  -.22274682616896D-03  0.10279222127607D-03
  -.39165518845530D-04  -.11774029284295D-03  -.54287112650803D-03
  0.80584566734210D-03  -.24669361743523D-02  -.17225534423027D-03
  -.10043013763728D-03  0.34423734301701D-02  -.12421587657556D-02
  -.93621902661845D-03  -.96528714338717D-03  0.11438568856352D-02
  cycle =     14    SCF energy =     -588.2851254664   |dE/dxyz| =  0.001091
    0.06611672479009      1.52546043253127      0.20622469691565      c
   -0.58988191126730      0.89593246938259      2.07084750978862      h
    2.14524927332263      1.58038989621410      0.24290592131760      h
   -0.66166001881884      3.43750857025916     -0.14251679791551      h
   -0.81816374590114     -0.05796952561315     -1.71932662659405      o
    0.44066653668895     -3.08321621399151     -1.55334442400106      s
   -0.58232685881433     -4.29810562878244      0.89520972048878      o
  0.67804016760542D-04  0.13945431186779D-03  -.13291871726406D-03
  -.37226590227513D-03  0.17399022975739D-03  -.53528231469535D-05
  0.33733509179790D-04  -.19481356186335D-03  0.14592283536702D-03
  0.21844915418745D-03  0.19574052065474D-03  -.21107809469734D-04
  -.12367871708641D-03  -.17011441608439D-03  0.32025223934773D-03
  -.28266091190332D-03  -.82067350382076D-04  -.52021706495431D-03
  0.50102772696548D-03  -.11733185245966D-03  0.25442428395728D-03
  cycle =     15    SCF energy =     -588.2852724567   |dE/dxyz| =  0.000822
    0.09896947044358      1.52119335273063      0.19015014968725      c
   -0.44468398796121      0.75438139490393      2.03844217526263      h
    2.16546343417081      1.76400965530795      0.17606498378336      h
   -0.80633997428226      3.37168205215007     -0.05871766899348      h
   -0.70001738399565     -0.05609344118679     -1.77920997936707      o
    0.47120313639021     -3.10827409377516     -1.47122451332716      s
   -0.78459469476541     -4.24689892013061      0.90449485295449      o
  -.13102110836827D-03  0.11140835241186D-03  0.40521863502896D-03
  0.14040018469275D-03  -.10489562740346D-03  -.34254270337541D-04
  0.70424784477385D-04  -.92471560816640D-04  -.37866891472296D-04
  -.54812550488448D-04  0.13078970409808D-04  -.14235345837010D-03
  -.13338184642109D-03  0.82995714620893D-04  -.33547921214083D-03
  0.23112563896888D-03  -.74879180500531D-04  0.35870306681929D-03
  -.20992943873921D-03  0.48710627478243D-04  -.20157649271368D-03
  cycle =     16    SCF energy =     -588.2852667558   |dE/dxyz| =  0.000433
    0.09388055945847      1.52155239925651      0.19252744051067      c
   -0.47100733148282      0.77677099580468      2.04362165177202      h
    2.16352908285806      1.73357499960313      0.18776814439581      h
   -0.78229717274330      3.38359337717343     -0.07234260503465      h
   -0.71919182555003     -0.05601635402766     -1.76995845684672      o
    0.46432582162193     -3.10470138148293     -1.48684705669412      s
   -0.74923913416225     -4.25477403632715      0.90523088189702      o
  0.32009590772708D-04  0.12937343400554D-03  0.14516958830146D-03
  -.68998371449025D-04  0.33950856647813D-04  -.16933269959551D-04
  0.21867291932764D-05  -.12879911397212D-03  0.33546483063390D-04
  0.77034842253410D-04  -.89712858208912D-06  -.10633327111775D-03
  -.11731732784170D-03  -.34083050614697D-04  0.18688061819816D-04
  -.21643590834231D-03  0.98749278851784D-05  -.40927143626135D-04
  0.20286781104417D-03  -.46536841728617D-04  0.12012650227433D-04
  cycle =     17    SCF energy =     -588.2852722843   |dE/dxyz| =  0.000688
    0.10584193654519      1.51924364417785      0.18654192204344      c
   -0.41898364191472      0.72896028396052      2.03039804800913      h
    2.16754046257266      1.79936521439071      0.16715947481094      h
   -0.83194758400040      3.35581788077590     -0.04217281159356      h
   -0.67612211807262     -0.05558015412404     -1.79073037369268      o
    0.47183448936231     -3.11494481693127     -1.45928262254307      s
   -0.81816354449236     -4.23286205224965      0.90808636296583      o
  -.54529592621547D-04  0.19829825579798D-04  0.11373636671186D-03
  0.12536177479383D-03  -.12481240185058D-03  -.39417889623916D-04
  -.19062229204003D-05  0.49336783163101D-04  -.16416299551514D-04
  -.99759450241210D-04  -.11244504026164D-03  -.27147286976642D-04
  0.36985980692794D-04  0.20792137052439D-03  -.20255899137356D-03
  0.21489878217373D-03  -.17173756148825D-03  0.32548721073589D-03
  -.29212529759803D-03  0.13708989919081D-03  -.16500975809652D-03
  cycle =     18    SCF energy =     -588.2852646613   |dE/dxyz| =  0.000662
    0.09334443166184      1.52177157098354      0.19270630459316      c
   -0.47402474582175      0.78051767098397      2.04457213380333      h
    2.16331895528881      1.73057475849158      0.18894177660464      h
   -0.77939422949579      3.38528792778001     -0.07389805177780      h
   -0.72144499346518     -0.05657748258102     -1.76823495613940      o
    0.46376305107418     -3.10464869131237     -1.48877340369205      s
   -0.74556246924204     -4.25692575434569      0.90468619660815      o
  0.77005743248204D-04  0.13404152178814D-03  0.30832959844851D-04
  -.13662401622039D-03  0.96012081829744D-04  0.58377637150997D-05
  -.11046296105377D-04  -.15836245249279D-03  0.52182778426668D-04
  0.13120185315607D-03  0.41220945862896D-04  -.73244515253756D-04
  -.17117121957178D-03  -.11174668494718D-03  0.14851753182921D-03
  -.28915910701155D-03  0.88896275712180D-04  -.22738053500904D-03
  0.31226527244566D-03  -.12986163963991D-03  0.11158001874279D-03
  cycle =     19    SCF energy =     -588.2852738001   |dE/dxyz| =  0.000476
    0.10453805529531      1.51963214934439      0.18721618110011      c
   -0.42564118242090      0.73616569978145      2.03256117065025      h
    2.16725346860700      1.79219354820667      0.16962152786426      h
   -0.82581417262725      3.35961831849448     -0.04590171849435      h
   -0.68104588853365     -0.05643484367803     -1.78747586460688      o
    0.47060772577230     -3.11428597053063     -1.46328609655830      s
   -0.80989800609274     -4.23688890161831      0.90726480004495      o
  -.39303767665588D-04  -.21090188219386D-04  0.26036388908413D-04
  0.66799826239472D-04  -.74042181668510D-04  -.89176783588663D-05
  -.50557787423244D-06  0.73836606032884D-04  -.16058821002529D-04
  -.88200867495392D-04  -.42428708342257D-04  0.26816179269307D-04
  0.10660083060987D-03  0.53534186612580D-04  -.12385406518689D-03
  0.17242828700148D-03  -.83021079184675D-04  0.17271098871419D-03
  -.29431760571441D-03  0.94405014632315D-04  -.81290365255171D-04
  cycle =     20    SCF energy =     -588.2852741584   |dE/dxyz| =  0.000346
    0.10024540692662      1.52036265291239      0.18922950877470      c
   -0.44435677091303      0.75271453575208      2.03707958487477      h
    2.16597730144419      1.76863322924337      0.17691093251354      h
   -0.80814955556227      3.36968082963496     -0.05638725186769      h
   -0.69645029021446     -0.05637348614659     -1.78036682074939      o
    0.46801290263280     -3.11063248093306     -1.47309546007303      s
   -0.78527899431378     -4.24438528046313      0.90662950652715      o
  0.33938766337921D-04  0.36626209238833D-04  -.99307908321133D-05
  -.66447561536731D-04  0.44097834633133D-04  0.15269121888650D-04
  0.77449315432077D-05  -.84604978200176D-04  0.27062868592331D-04
  0.58384807320788D-04  0.19693840304758D-04  -.40027984941113D-04
  -.93705865399141D-04  -.87681895335479D-05  0.85477381481458D-04
  -.17495371234766D-03  0.47834795461554D-04  -.13008972886652D-03
  0.14770684875209D-03  -.67816237713458D-04  0.67920265397703D-04
  cycle =     21    SCF energy =     -588.2852742640   |dE/dxyz| =  0.000410
    0.10161045062564      1.52012768628937      0.18856630411990      c
   -0.43835063851179      0.74742205393713      2.03564143660564      h
    2.16639201993510      1.77624496453828      0.17449894321276      h
   -0.81381264696455      3.36652557574035     -0.05295424323224      h
   -0.69149790604198     -0.05644563729313     -1.78264067459523      o
    0.46891479260526     -3.11182755154924     -1.46991630258913      s
   -0.79325607164759     -4.24204709166275      0.90680453647835      o
  -.50022933391264D-04  -.17516081333824D-04  0.21134176268589D-04
  0.41365820307337D-04  -.54164382793598D-04  -.17648205359322D-04
  -.39805246476732D-06  0.73980799906614D-04  -.16241452354709D-04
  -.71306264090243D-04  -.29102419667026D-04  0.35326001071589D-04
  0.11924197508506D-03  0.47414256165723D-05  -.96603055023348D-04
  0.14429845063191D-03  -.82914524371702D-04  0.11542501798445D-03
  -.26780988604891D-03  0.96910100284120D-04  -.32513852698202D-04
  cycle =     22    SCF energy =     -588.2852746149   |dE/dxyz| =  0.000193
    0.10082845850776      1.52034631005107      0.18894939613227      c
   -0.44159146563200      0.75067921633570      2.03658761350801      h
    2.16613160878271      1.77202687487646      0.17567771504445      h
   -0.81060875982425      3.36840591440724     -0.05495669568338      h
   -0.69439094606716     -0.05651805591870     -1.78115004028124      o
    0.46867177674306     -3.11109188144483     -1.47148732748353      s
   -0.78904067251003     -4.24384837830693      0.90637933876349      o
  0.20058803576584D-04  0.16513589523814D-04  -.58668577014309D-05
  -.40159854531097D-04  0.31452802229381D-04  0.63325610089038D-05
  -.22596625490756D-05  -.58610334606746D-04  0.13989968646877D-04
  0.37840294051961D-04  0.16144025292597D-04  -.26930876330655D-04
  -.65710158375865D-04  -.46745311763630D-05  0.55217867330981D-04
  -.86295042237339D-04  0.55220966329372D-04  -.50165537182068D-04
  0.50376470127844D-04  -.66991313877551D-04  0.19621423955840D-04
  cycle =     23    SCF energy =     -588.2852748727   |dE/dxyz| =  0.000072
    0.10091099563919      1.52023474539294      0.18887460016076      c
   -0.44127257395875      0.75002549384611      2.03635206756860      h
    2.16615092992398      1.77246570575787      0.17561564011656      h
   -0.81098985657480      3.36811969479697     -0.05460538877162      h
   -0.69399130022537     -0.05641851563621     -1.78152481700045      o
    0.46859158005164     -3.11118705022565     -1.47137206191024      s
   -0.78939977485580     -4.24324007393202      0.90665995983646      o
  0.98439630978886D-05  0.11201332794641D-04  0.42488022296006D-05
  -.19585916120057D-04  0.25488192239020D-05  0.58255303585497D-05
  -.77581676372063D-05  -.24360753501984D-04  0.14006660206733D-04
  0.13252671437813D-04  0.26250416587104D-05  -.26023487869065D-05
  -.26901057919027D-04  0.68243715425353D-05  -.14108325597562D-04
  -.39495251044741D-04  -.23420098422378D-04  -.27092963250652D-06
  -.15387491691499D-04  0.14117100949562D-04  0.49248243101374D-05
$end
