$hessapprox internal
  0.180657993469D+00 -0.418443201849D-02  0.435293751806D+00  0.682286982972D-02
 -0.664886725924D-03  0.431264769558D+00 -0.192829342397D-02  0.507505289861D-03
 -0.352037978725D-02  0.424656966838D+00  0.119710885269D-01 -0.247021252621D-02
 -0.200514623433D-02 -0.188744638966D-02  0.323505266371D+00  0.322049561091D-01
 -0.104794650558D-02  0.226725337827D-02 -0.366283039219D-03  0.508847770173D-02
  0.327337933105D+00  0.394463998593D-02 -0.187468960984D-02  0.270979499173D-02
  0.400664530776D-02  0.350220906320D-02 -0.501311284343D-02  0.316276605187D+00
 -0.198860749537D-01  0.187991245975D-02  0.319500422981D-02  0.444897499127D-02
  0.107641819546D-02 -0.841029289467D-02 -0.737104458472D-02  0.332273829433D+00
  0.561692855031D-02 -0.527246988305D-02 -0.251415366743D-02  0.729647615767D-05
  0.544262512886D-03 -0.104168083212D-02  0.192577126259D-02  0.818312210440D-02
  0.333856417569D+00  0.704420201468D-01 -0.560836762358D-02 -0.500501563421D-02
  0.575453251949D-03 -0.260402907761D-02  0.815444056002D-02  0.167033060554D-01
  0.223338172094D-02  0.691757947335D-02  0.100354240165D+00 -0.138898713571D-01
  0.751858452086D-02 -0.120512193934D-01 -0.110318659700D-01 -0.430715098038D-01
 -0.168372389479D-01 -0.381710353994D-02 -0.270986249416D-01  0.316877509248D-01
 -0.350347433236D-01  0.496208527334D+00 -0.231081790199D+00  0.273962094189D-02
 -0.925647099817D-02  0.499383013095D-02 -0.883890783532D-02 -0.420772234397D-01
  0.802338981290D-03  0.367528497112D-01 -0.127887184682D-01 -0.773396722476D-01
  0.101780906656D+00  0.838605370902D+00 -0.524643450665D-02 -0.167355970853D-01
 -0.143756075761D-01 -0.123596247332D-01 -0.426099629320D-01 -0.757272899976D-03
  0.595970704023D-02  0.185805225679D-01 -0.579397556722D-02  0.167165492418D-01
 -0.159061109274D-01  0.426558195458D-01  0.263628552011D+00  0.154188858030D-01
  0.156897937689D-02  0.847975279676D-02  0.688674312945D-02  0.991071902628D-02
 -0.772434963471D-03 -0.149329203970D-01 -0.158345086629D-01  0.130571631038D-02
 -0.316354738048D-02  0.295588560892D-01 -0.252988619568D-01  0.306576626535D-01
  0.461883892150D+00 -0.108591835440D+00  0.713096035884D-02 -0.779206635781D-02
  0.102983558300D-02 -0.614973672158D-02 -0.116876931547D-01  0.797319348510D-02
  0.289385072840D-01 -0.212502726331D-01 -0.702208513902D-01  0.501570219029D-01
  0.118777550734D+00  0.970336085240D-01  0.162338289600D-01  0.462544866842D+00
$end
