$hessian (projected)
 1  1   0.5321866520  -0.0289335226  -0.0183397783  -0.0704869214  -0.0275530099
 1  2   0.0612081317  -0.2786175604  -0.0174361906   0.0179574948  -0.1008354595
 1  3   0.0957790008  -0.0184520403  -0.0868758033  -0.0242159049  -0.0495950113
 1  4   0.0030777514   0.0021449880   0.0091663182   0.0015513412   0.0002146393
 1  5  -0.0019451148
 2  1  -0.0289335226   0.5269546344  -0.0484815090  -0.0277150762  -0.0893462912
 2  2   0.0876412760  -0.0211942951  -0.0492332707   0.0034265653   0.1000279228
 2  3  -0.2305009873   0.0392234519  -0.0253431142  -0.1132258365  -0.0623148436
 2  4   0.0042849687  -0.0471683198  -0.0190625736  -0.0011268835   0.0025200710
 2  5  -0.0004323670
 3  1  -0.0183397783  -0.0484815090   0.5002415569   0.0621293951   0.0945974293
 3  2  -0.2291194385   0.0163860529   0.0052859644  -0.0479724859  -0.0164667202
 3  3   0.0347319878  -0.0521987583  -0.0509457672  -0.0647121496  -0.1731238075
 3  4   0.0032092291  -0.0241147706   0.0064739939   0.0040275886   0.0026930476
 3  5  -0.0043010605
 4  1  -0.0704869214  -0.0277150762   0.0621293951   0.0697833507   0.0314894591
 4  2  -0.0626200080  -0.0097222719  -0.0141446346   0.0273442654   0.0042414020
 4  3   0.0067821014  -0.0137594887   0.0068754852   0.0034091401  -0.0133411385
 4  4  -0.0000202279   0.0000756314   0.0005617621  -0.0006708168   0.0001033788
 4  5  -0.0003147874
 5  1  -0.0275530099  -0.0893462912   0.0945974293   0.0314894591   0.0920517700
 5  2  -0.0892926416   0.0007541449   0.0002794663   0.0014582965  -0.0084090953
 5  3  -0.0106684649   0.0231422055   0.0039655377   0.0046389733  -0.0285883437
 5  4   0.0009145869   0.0020476709  -0.0032704538  -0.0011616234   0.0009968757
 5  5   0.0019535079
 6  1   0.0612081317   0.0876412760  -0.2291194385  -0.0626200080  -0.0892926416
 6  2   0.2674950903   0.0014414699   0.0024093746   0.0002161090   0.0014417866
 6  3   0.0030146629  -0.0020804013   0.0009015098  -0.0108560355  -0.0369266160
 6  4  -0.0011983742   0.0073248962  -0.0024586564  -0.0011745160  -0.0002415326
 6  5   0.0028739129
 7  1  -0.2786175604  -0.0211942951   0.0163860529  -0.0097222719   0.0007541449
 7  2   0.0014414699   0.3101221732   0.0309455231  -0.0064141450  -0.0119658597
 7  3  -0.0006768662   0.0021791991  -0.0112079683  -0.0130112160  -0.0148410605
 7  4   0.0030939908   0.0041837125   0.0014132795  -0.0017025036  -0.0010010032
 7  5  -0.0001647960
 8  1  -0.0174361906  -0.0492332707   0.0052859644  -0.0141446346   0.0002794663
 8  2   0.0024093746   0.0309455231   0.0512259130   0.0047931652   0.0268134820
 8  3   0.0038268829  -0.0017471236  -0.0243428048  -0.0113024255  -0.0116637869
 8  4  -0.0027676169   0.0060304371   0.0011850329   0.0009322418  -0.0008270030
 8  5  -0.0002626265
 9  1   0.0179574948   0.0034265653  -0.0479724859   0.0273442654   0.0014582965
 9  2   0.0002161090  -0.0064141450   0.0047931652   0.0543251639  -0.0055899591
 9  3   0.0005711594   0.0004323239  -0.0325860553  -0.0147628088  -0.0072083584
 9  4  -0.0006136655   0.0043651976  -0.0000867042  -0.0000979353   0.0001484249
 9  5   0.0002939517
10  1  -0.1008354595   0.1000279228  -0.0164667202   0.0042414020  -0.0084090953
10  2   0.0014417866  -0.0119658597   0.0268134820  -0.0055899591   0.1017806247
10  3  -0.1073633730   0.0200681579   0.0055520378  -0.0113880233  -0.0002380987
10  4   0.0010881742   0.0004145709   0.0013492192   0.0001390804  -0.0000954842
10  5  -0.0005643857
11  1   0.0957790008  -0.2305009873   0.0347319878   0.0067821014  -0.0106684649
11  2   0.0030146629  -0.0006768662   0.0038268829   0.0005711594  -0.1073633730
11  3   0.2637653696  -0.0284462632   0.0075327690  -0.0274872257  -0.0060526554
11  4  -0.0015468286   0.0003927377  -0.0060729060  -0.0005068034   0.0006716877
11  5   0.0022540145
12  1  -0.0184520403   0.0392234519  -0.0521987583  -0.0137594887   0.0231422055
12  2  -0.0020804013   0.0021791991  -0.0017471236   0.0004323239   0.0200681579
12  3  -0.0284462632   0.0566020928   0.0107481957  -0.0328208783  -0.0009309402
12  4   0.0001983128   0.0005582639  -0.0042076876  -0.0009823365   0.0000903438
12  5   0.0023833707
13  1  -0.0868758033  -0.0253431142  -0.0509457672   0.0068754852   0.0039655377
13  2   0.0009015098  -0.0112079683  -0.0243428048  -0.0325860553   0.0055520378
13  3   0.0075327690   0.0107481957   0.1230725762   0.0013224373   0.0772636435
13  4  -0.0502874378   0.0476158882  -0.0032071584   0.0128711103  -0.0107507132
13  5  -0.0021743681
14  1  -0.0242159049  -0.1132258365  -0.0647121496   0.0034091401   0.0046389733
14  2  -0.0108560355  -0.0130112160  -0.0113024255  -0.0147628088  -0.0113880233
14  3  -0.0274872257  -0.0328208783   0.0013224373   0.2527867853   0.0996142203
14  4   0.0508197865  -0.0926669980   0.0096348354  -0.0069362197  -0.0127432730
14  5   0.0139028165
15  1  -0.0495950113  -0.0623148436  -0.1731238075  -0.0133411385  -0.0285883437
15  2  -0.0369266160  -0.0148410605  -0.0116637869  -0.0072083584  -0.0002380987
15  3  -0.0060526554  -0.0009309402   0.0772636435   0.0996142203   0.2528892253
15  4   0.0130898111  -0.0119085886  -0.0342029354  -0.0123381455   0.0209139981
15  5  -0.0004965679
16  1   0.0030777514   0.0042849687   0.0032092291  -0.0000202279   0.0009145869
16  2  -0.0011983742   0.0030939908  -0.0027676169  -0.0006136655   0.0010881742
16  3  -0.0015468286   0.0001983128  -0.0502874378   0.0508197865   0.0130898111
16  4   0.1368944279  -0.0093962264  -0.1570268178  -0.0938466785  -0.0423086703
16  5   0.1423415045
17  1   0.0021449880  -0.0471683198  -0.0241147706   0.0000756314   0.0020476709
17  2   0.0073248962   0.0041837125   0.0060304371   0.0043651976   0.0004145709
17  3   0.0003927377   0.0005582639   0.0476158882  -0.0926669980  -0.0119085886
17  4  -0.0093962264   0.2082919092  -0.0820767197  -0.0450385646  -0.0769274370
17  5   0.1058517212
18  1   0.0091663182  -0.0190625736   0.0064739939   0.0005617621  -0.0032704538
18  2  -0.0024586564   0.0014132795   0.0011850329  -0.0000867042   0.0013492192
18  3  -0.0060729060  -0.0042076876  -0.0032071584   0.0096348354  -0.0342029354
18  4  -0.1570268178  -0.0820767197   0.2955998387   0.1477433972   0.0996627848
18  5  -0.2611178491
19  1   0.0015513412  -0.0011268835   0.0040275886  -0.0006708168  -0.0011616234
19  2  -0.0011745160  -0.0017025036   0.0009322418  -0.0000979353   0.0001390804
19  3  -0.0005068034  -0.0009823365   0.0128711103  -0.0069362197  -0.0123381455
19  4  -0.0938466785  -0.0450385646   0.1477433972   0.0816584669   0.0538378529
19  5  -0.1371780525
20  1   0.0002146393   0.0025200710   0.0026930476   0.0001033788   0.0009968757
20  2  -0.0002415326  -0.0010010032  -0.0008270030   0.0001484249  -0.0000954842
20  3   0.0006716877   0.0000903438  -0.0107507132  -0.0127432730   0.0209139981
20  4  -0.0423086703  -0.0769274370   0.0996627848   0.0538378529   0.0863090787
20  5  -0.1232670667
21  1  -0.0019451148  -0.0004323670  -0.0043010605  -0.0003147874   0.0019535079
21  2   0.0028739129  -0.0001647960  -0.0002626265   0.0002939517  -0.0005643857
21  3   0.0022540145   0.0023833707  -0.0021743681   0.0139028165  -0.0004965679
21  4   0.1423415045   0.1058517212  -0.2611178491  -0.1371780525  -0.1232670667
21  5   0.2603642422
$end
