$vibrational normal modes
 1  1  -0.1494438272   0.2947720594   0.0859994654   0.0728090890   0.3687611036
 1  2  -0.1284215051   0.1238090326   0.0068839012  -0.1067367010  -0.0556291101
 1  3   0.0105963518  -0.0316567018  -0.1146789225   0.1080490367   0.0987288429
 1  4   0.0254390950  -0.0319563430  -0.0486418106  -0.0402116096  -0.0785186541
 1  5   0.0006332543
 2  1  -0.3041070072  -0.0843294787   0.0457865687  -0.0107824910  -0.0732071467
 2  2  -0.1647186575   0.2061079288  -0.0291953147   0.2630459540   0.1766028476
 2  3   0.1298591000  -0.0673169187  -0.3649938651   0.0350504807  -0.0810739905
 2  4   0.0792499629  -0.0172560100   0.0253219151  -0.0258592774   0.0293790630
 2  5   0.0667698513
 3  1   0.1937098215  -0.1689303964   0.3280333786  -0.3267504645   0.0825997576
 3  2   0.1520405043  -0.1591366639   0.0068552287   0.0157812429   0.0463803100
 3  3   0.0745372890  -0.0689124447  -0.3411743513  -0.0830284151   0.0988034330
 3  4   0.0636241315   0.0445239125  -0.0246556753  -0.0157142581   0.0267090558
 3  5  -0.0639611318
 4  1  -0.1423830371   0.0504119253  -0.1762482930  -0.0514804860   0.5395580107
 4  2  -0.3202851846   0.4280701803   0.4754575109  -0.0907068759  -0.0361391251
 4  3   0.0491749358   0.0255131750  -0.0925106231  -0.3795587088  -0.0910019720
 4  4  -0.1230650733  -0.0175374945   0.6874574397  -0.1094212667   0.0981761180
 4  5  -0.2269994219
 5  1  -0.3297924914   0.0224659517   0.0086004312   0.1493906343  -0.1000238860
 5  2  -0.3456098339   0.4074853315  -0.3436407105   0.2143463934   0.5596894439
 5  3  -0.0009252415   0.0364728669   0.0709940926  -0.3712020549   0.3912305916
 5  4  -0.4475085452  -0.4599371017  -0.1797419845  -0.1360179020   0.1916868748
 5  5  -0.3036226996
 6  1   0.1850764262  -0.1960813002   0.2356358463  -0.2964480915   0.1215085752
 6  2   0.0203961927   0.0156569468   0.0118077311   0.0018720975   0.2116150970
 6  3   0.0487463272   0.0131657648  -0.1066198318  -0.3912116978   0.2322084009
 6  4  -0.2079985549  -0.1681546956   0.1184566667   0.3150489441  -0.4110087912
 6  5   0.7201457199
 7  1  -0.1536965238   0.3052628179   0.1039479486   0.0948894823   0.3827264047
 7  2  -0.1277468698   0.1087521535  -0.0510661290  -0.1470534790  -0.0752090120
 7  3   0.0493882387  -0.0176440783  -0.1086037398   0.0837425267   0.0246093236
 7  4   0.0714643164  -0.0792251459   0.0162372757   0.8141224198   0.5429527487
 7  5  -0.0403319989
 8  1  -0.2688597754  -0.1576252372  -0.0875867142  -0.1885912943  -0.2000790860
 8  2  -0.1572001916   0.2737421153   0.4346071049   0.6781441668   0.3542924894
 8  3  -0.1425736915  -0.0574753649   0.0258906860   0.2756680177   0.4454884771
 8  4  -0.4645344288   0.4911588332  -0.1667845242   0.0905444577   0.0672929535
 8  5   0.0167493331
 9  1   0.2027078354   0.0619259527   0.5752408756  -0.2771304804  -0.1531267796
 9  2   0.3935868993  -0.5054229194  -0.3137223178   0.1587671374   0.0024180130
 9  3   0.0321365520  -0.0320697903  -0.2051938221   0.6162476174   0.1308076185
 9  4  -0.3376962580  -0.1549769515   0.5820678807  -0.0234277866  -0.0165552868
 9  5  -0.0153420020
10  1  -0.1800737048   0.3884223997   0.2338026489   0.2388277518   0.4538819050
10  2  -0.1083570353   0.0326510541  -0.4385578834  -0.4303060912  -0.1797411196
10  3   0.3350394768  -0.0086221166  -0.1888032191  -0.2196443864  -0.2594206264
10  4  -0.3576209138   0.5512663026   0.0110280930  -0.2045730305   0.2954791673
10  5   0.2662193004
11  1  -0.3174518765  -0.0638073069   0.1144777573   0.0523940233  -0.0090229395
11  2  -0.1438140938   0.1568800423  -0.2029255586   0.0918079596   0.0504419590
11  3   0.3636872294  -0.0201869200  -0.3890759051  -0.0955252875  -0.3463106967
11  4  -0.2086507570   0.2200491664  -0.0189739934   0.3889460095  -0.6160969285
11  5  -0.5014869083
12  1   0.2071999032  -0.3639476470   0.2955130229  -0.4692854382   0.2505887527
12  2   0.2354295950  -0.2168095960   0.3558789512  -0.0629845739  -0.4026055451
12  3   0.4938380683   0.0734132680  -0.5240403493   0.1439975825  -0.5883020298
12  4  -0.4723282201  -0.3641335045  -0.3316241623  -0.0551533985   0.1022855519
12  5   0.0679625201
13  1  -0.1161847210   0.4709541304   0.2101212926  -0.0001658598   0.0388173963
13  2   0.0833408101  -0.1315774825   0.0147585585   0.2583988554   0.0202642747
13  3  -0.3184498205   0.0413140998   0.0993459649  -0.0505053706  -0.0577445995
13  4   0.0031822487  -0.0048560182  -0.0082460129  -0.0010943012  -0.0006179133
13  5  -0.0003085252
14  1  -0.3000653321  -0.1499141330   0.1744294778  -0.0639473515   0.0399996424
14  2   0.0240323603  -0.0287965321  -0.0039249768   0.1365429226  -0.2122424213
14  3   0.4590720493   0.0179991195   0.3015111649  -0.0155799090   0.0284315155
14  4   0.0232418825  -0.0022209531   0.0035810707  -0.0035243594   0.0009945536
14  5  -0.0008371524
15  1   0.1770551056  -0.1875106888   0.1749676634  -0.2547455896   0.1250943462
15  2  -0.0845056904   0.1288211051  -0.0188851156  -0.0148978203   0.3242364048
15  3  -0.0837398488   0.0334838144   0.3046775866   0.0402154394  -0.0700258892
15  4   0.0163061035   0.0090425068  -0.0051409594  -0.0031110832   0.0001356916
15  5  -0.0008809960
16  1  -0.0652442746   0.3270430082  -0.0235640463  -0.2716997556  -0.1128658790
16  2   0.0599217982   0.0562213443   0.0128596984  -0.1212933651   0.0605448163
16  3   0.1691737770  -0.2026086675   0.0171338489   0.0005496139   0.0002304507
16  4   0.0008941012  -0.0009650739   0.0000316908   0.0000580240   0.0003136359
16  5  -0.0000137022
17  1  -0.2830535880  -0.1760922190   0.0869059496  -0.1444930475  -0.0417832613
17  2  -0.0025608643   0.0432724438  -0.0051616081  -0.1054092235  -0.1270005116
17  3  -0.3220991865  -0.1480768826   0.0023945934  -0.0003646168   0.0006811225
17  4  -0.0066816649  -0.0005164892   0.0002017740   0.0007539413  -0.0002275249
17  5   0.0002684038
18  1   0.1536245857   0.0942583314   0.1890226911  -0.0300113198  -0.1118062458
18  2  -0.2586781722   0.0912123978   0.0055538795  -0.0283472775  -0.1462737579
18  3  -0.0091795920   0.3658211059  -0.0151510699   0.0012015567   0.0076855354
18  4   0.0022965382   0.0021015345   0.0005046226  -0.0001624695   0.0003695269
18  5   0.0000403105
19  1  -0.0537396960   0.0076577473  -0.3701838973  -0.4437985540   0.0980973722
19  2  -0.1864913728  -0.1099179571  -0.0448057811   0.1069005884  -0.0814997065
19  3  -0.0558592674   0.3885418154  -0.0230261507   0.0007630541   0.0036909409
19  4   0.0017093048   0.0021465729  -0.0003287585  -0.0003424371  -0.0000714805
19  5  -0.0000693503
20  1  -0.3256574126  -0.0189265513   0.0755033845   0.1097330873  -0.0416386316
20  2  -0.2369704659  -0.2654562582   0.0432403627  -0.1847813844   0.2734216381
20  3   0.0750784807   0.3318895306  -0.0138918973   0.0020341859   0.0001717709
20  4   0.0012579971   0.0003803658   0.0000314735  -0.0002123280  -0.0000956232
20  5  -0.0001594658
21  1   0.1394130731   0.0000000000   0.0000000000   0.0000000000   0.0000000000
21  2  -0.5009110622  -0.1476351235  -0.0007914493   0.0537082295  -0.0540315052
21  3   0.0099717328  -0.7183166151   0.0344736299  -0.0035412307  -0.0053575827
21  4  -0.0045368191  -0.0033813157  -0.0006016138   0.0003361870  -0.0004347022
21  5   0.0001327835
$end
