$coord
    0.72662896378726      7.96531885572953     -0.10878993163999  c
    2.76280358459442      5.19711340886679     -0.16051138678890  s
    1.91710282512345      3.75531116086746      2.19636771829194  o
    0.00286968667888      0.00064121994120     -0.00357047172841  pu
   -1.91194892095461     -3.75746110274051     -2.19823614157718  o
   -2.75990723687175     -5.19350235464351      0.16125963779637  s
   -0.72721545092803     -7.96427720586004      0.11535238382168  c
    1.73904570901456      3.71167641406834     -2.41772296625172  o
   -1.73451162865156     -3.70509864624242      2.41585275358430  o
    2.99016442915554     -1.45368956382906     -0.11071531492874  o
   -2.98468808726678      1.45465193473776      0.10196171738367  o
   -1.85037444662136    -10.32178746642486      0.25939733334984  c
   -0.35762405905438    -12.48358659214500      0.23603097213670  c
    2.24671541996486    -12.25931737056640      0.06670603223398  c
    3.35943962867886     -9.88047202492603     -0.07867495014362  c
    1.88118541163289     -7.72022469339559     -0.05514119161026  c
   -3.89271717840499    -10.46041080365988      0.38992895662079  h
   -1.22727409669769    -14.33532092868006      0.34931607059877  h
    3.41917011910255    -13.93946990491356      0.04710845811083  h
    5.39718796542584     -9.71337769522357     -0.21112028505713  h
    2.71452585719089     -5.85013970717716     -0.16377047140121  h
    1.84859458500066     10.32546259899450     -0.21394631042540  c
    0.35312846066798     12.48532831146150     -0.18350186967419  c
   -2.25275861769629     12.25648658487148     -0.04739828823442  c
   -3.36428527861195      9.87500684742622      0.05848967945553  c
   -1.88331572258251      7.71672055998081      0.02865783477965  c
    3.89211401096857     10.46769235109387     -0.31986572615186  h
    1.22185788111455     14.33912952386938     -0.26582973908784  h
   -3.42737627249561     13.93507097865012     -0.02321584428119  h
   -5.40325592698472      9.70422834302147      0.16483893146313  h
   -2.71565804708700      5.84473816925938      0.10814835906025  h
$user-defined bonds
$redundant
     number_of_atoms            31
     degrees_of_freedom         87
     internal_coordinates       87
     frozen_coordinates          0
# definitions of redundant internals
   1 k  1.0000000000000 stre   4   10           val=   3.32423
   2 k  1.0000000000000 stre   4   11           val=   3.32427
   3 k  0.3535533905933 bend   5   10    4      val=  -0.00271
        0.3535533905933 bend   5   11    4
       -0.3535533905933 bend   8   10    4
       -0.3535533905933 bend   8   11    4
        0.3535533905933 bend   9   10    4
        0.3535533905933 bend   9   11    4
       -0.3535533905933 bend   3   10    4
       -0.3535533905933 bend   3   11    4
   4 k -0.3535533905933 bend   5   10    4      val=  -0.13827
        0.3535533905933 bend   5   11    4
        0.3535533905933 bend   8   10    4
       -0.3535533905933 bend   8   11    4
       -0.3535533905933 bend   9   10    4
        0.3535533905933 bend   9   11    4
        0.3535533905933 bend   3   10    4
       -0.3535533905933 bend   3   11    4
   5 k  0.3535533905933 bend   5   10    4      val=  -0.05337
       -0.3535533905933 bend   5   11    4
        0.3535533905933 bend   8   10    4
       -0.3535533905933 bend   8   11    4
       -0.3535533905933 bend   9   10    4
        0.3535533905933 bend   9   11    4
       -0.3535533905933 bend   3   10    4
        0.3535533905933 bend   3   11    4
   6 k -0.3535533905933 bend   5   10    4      val=   0.00680
       -0.3535533905933 bend   5   11    4
       -0.3535533905933 bend   8   10    4
       -0.3535533905933 bend   8   11    4
        0.3535533905933 bend   9   10    4
        0.3535533905933 bend   9   11    4
        0.3535533905933 bend   3   10    4
        0.3535533905933 bend   3   11    4
   7 k  1.0000000000000 stre  12   17           val=   2.05120
   8 k -0.7071067811865 bend   7   17   12      val=   0.61834
        0.7071067811865 bend  13   17   12
   9 k  1.0000000000000 outp  17   13    7   12 val=   0.00772
  10 k  1.0000000000000 stre  13   18           val=   2.04891
  11 k -0.7071067811865 bend  14   18   13      val=  -0.03116
        0.7071067811865 bend  12   18   13
  12 k  1.0000000000000 outp  18   12   14   13 val=   0.01179
  13 k  1.0000000000000 stre  14   19           val=   2.04889
  14 k  0.7071067811865 bend  13   19   14      val=   0.01022
       -0.7071067811865 bend  15   19   14
  15 k  1.0000000000000 outp  19   15   13   14 val=  -0.00971
  16 k  1.0000000000000 stre  15   20           val=   2.04887
  17 k  0.7071067811865 bend  16   20   15      val=  -0.10432
       -0.7071067811865 bend  14   20   15
  18 k  1.0000000000000 outp  20   14   16   15 val=  -0.00693
  19 k  1.0000000000000 stre  16   21           val=   2.05024
  20 k -0.7071067811865 bend  15   21   16      val=  -1.01896
        0.7071067811865 bend   7   21   16
  21 k  1.0000000000000 outp  21    7   15   16 val=   0.07879
  22 k  1.0000000000000 stre  22   27           val=   2.05120
  23 k -0.7071067811865 bend   1   27   22      val=   0.61739
        0.7071067811865 bend  23   27   22
  24 k  1.0000000000000 outp  27   23    1   22 val=  -0.00958
  25 k  1.0000000000000 stre  23   28           val=   2.04891
  26 k -0.7071067811865 bend  24   28   23      val=  -0.03054
        0.7071067811865 bend  22   28   23
  27 k  1.0000000000000 outp  28   22   24   23 val=  -0.00061
  28 k  1.0000000000000 stre  24   29           val=   2.04889
  29 k  0.7071067811865 bend  23   29   24      val=   0.01092
       -0.7071067811865 bend  25   29   24
  30 k  1.0000000000000 outp  29   25   23   24 val=   0.00419
  31 k  1.0000000000000 stre  25   30           val=   2.04887
  32 k  0.7071067811865 bend  26   30   25      val=  -0.10649
       -0.7071067811865 bend  24   30   25
  33 k  1.0000000000000 outp  30   24   26   25 val=   0.00820
  34 k  1.0000000000000 stre  26   31           val=   2.05023
  35 k -0.7071067811865 bend  25   31   26      val=  -1.01779
        0.7071067811865 bend   1   31   26
  36 k  1.0000000000000 outp  31    1   25   26 val=  -0.05279
  37 k  1.0000000000000 stre   1   22           val=   2.61537
  38 k  1.0000000000000 stre  22   23           val=   2.62724
  39 k  1.0000000000000 stre  23   24           val=   2.61945
  40 k  1.0000000000000 stre  24   25           val=   2.63024
  41 k  1.0000000000000 stre  25   26           val=   2.61770
  42 k  1.0000000000000 stre  26    1           val=   2.62536
  43 k -0.2886751345948 bend   1   23   22      val=   0.38934
       -0.2886751345948 bend  22   24   23
        0.5773502691896 bend  23   25   24
       -0.2886751345948 bend  24   26   25
       -0.2886751345948 bend  25    1   26
        0.5773502691896 bend  26   22    1
  44 k  0.5000000000000 bend   1   23   22      val=   0.39919
       -0.5000000000000 bend  22   24   23
        0.5000000000000 bend  24   26   25
       -0.5000000000000 bend  25    1   26
  45 k -0.4082482904639 bend   1   23   22      val=   0.35602
        0.4082482904639 bend  22   24   23
       -0.4082482904639 bend  23   25   24
        0.4082482904639 bend  24   26   25
       -0.4082482904639 bend  25    1   26
        0.4082482904639 bend  26   22    1
  46 k -0.2886751345948 tors  22   23   24   25 val=   0.00170
       -0.2886751345948 tors  23   24   25   26
        0.5773502691896 tors  24   25   26    1
       -0.2886751345948 tors  25   26    1   22
       -0.2886751345948 tors  26    1   22   23
        0.5773502691896 tors   1   22   23   24
  47 k  0.5000000000000 tors  22   23   24   25 val=   0.01957
       -0.5000000000000 tors  23   24   25   26
        0.5000000000000 tors  25   26    1   22
       -0.5000000000000 tors  26    1   22   23
  48 k -0.4082482904639 tors  22   23   24   25 val=   0.01025
        0.4082482904639 tors  23   24   25   26
       -0.4082482904639 tors  24   25   26    1
        0.4082482904639 tors  25   26    1   22
       -0.4082482904639 tors  26    1   22   23
        0.4082482904639 tors   1   22   23   24
  49 k  0.5000000000000 tors  22    1    2    3 val=  90.93051
        0.5000000000000 tors  22    1    2    8
        0.5000000000000 tors  26    1    2    3
        0.5000000000000 tors  26    1    2    8
  50 k  0.7071067811865 bend   2   22    1      val=  -1.36356
       -0.7071067811865 bend   2   26    1
  51 k  1.0000000000000 outp  26   22    2    1 val=   0.08186
  52 k  1.0000000000000 stre   7   12           val=   2.61536
  53 k  1.0000000000000 stre  12   13           val=   2.62721
  54 k  1.0000000000000 stre  13   14           val=   2.61946
  55 k  1.0000000000000 stre  14   15           val=   2.63025
  56 k  1.0000000000000 stre  15   16           val=   2.61772
  57 k  1.0000000000000 stre  16    7           val=   2.62534
  58 k -0.2886751345948 bend   7   13   12      val=   0.39032
       -0.2886751345948 bend  12   14   13
        0.5773502691896 bend  13   15   14
       -0.2886751345948 bend  14   16   15
       -0.2886751345948 bend  15    7   16
        0.5773502691896 bend  16   12    7
  59 k  0.5000000000000 bend   7   13   12      val=   0.39958
       -0.5000000000000 bend  12   14   13
        0.5000000000000 bend  14   16   15
       -0.5000000000000 bend  15    7   16
  60 k -0.4082482904639 bend   7   13   12      val=   0.35599
        0.4082482904639 bend  12   14   13
       -0.4082482904639 bend  13   15   14
        0.4082482904639 bend  14   16   15
       -0.4082482904639 bend  15    7   16
        0.4082482904639 bend  16   12    7
  61 k -0.2886751345948 tors  12   13   14   15 val=  -0.01924
       -0.2886751345948 tors  13   14   15   16
        0.5773502691896 tors  14   15   16    7
       -0.2886751345948 tors  15   16    7   12
       -0.2886751345948 tors  16    7   12   13
        0.5773502691896 tors   7   12   13   14
  62 k  0.5000000000000 tors  12   13   14   15 val=  -0.02028
       -0.5000000000000 tors  13   14   15   16
        0.5000000000000 tors  15   16    7   12
       -0.5000000000000 tors  16    7   12   13
  63 k -0.4082482904639 tors  12   13   14   15 val=  -0.01777
        0.4082482904639 tors  13   14   15   16
       -0.4082482904639 tors  14   15   16    7
        0.4082482904639 tors  15   16    7   12
       -0.4082482904639 tors  16    7   12   13
        0.4082482904639 tors   7   12   13   14
  64 k  0.5000000000000 tors  12    7    6    5 val=  88.21905
        0.5000000000000 tors  12    7    6    9
        0.5000000000000 tors  16    7    6    5
        0.5000000000000 tors  16    7    6    9
  65 k  0.7071067811865 bend   6   12    7      val=  -1.36868
       -0.7071067811865 bend   6   16    7
  66 k  1.0000000000000 outp  16   12    6    7 val=  -0.09537
  67 k  1.0000000000000 stre   2    1           val=   3.43681
  68 k  0.7071067811865 bend   3    1    2      val= 102.47848
        0.7071067811865 bend   8    1    2
  69 k -0.7071067811865 bend   3    1    2      val=  -0.00949
        0.7071067811865 bend   8    1    2
  70 k  1.0000000000000 stre   6    7           val=   3.43673
  71 k  0.7071067811865 bend   5    7    6      val= 102.47497
        0.7071067811865 bend   9    7    6
  72 k -0.7071067811865 bend   5    7    6      val=  -0.01171
        0.7071067811865 bend   9    7    6
  73 k  1.0000000000000 stre   4    5           val=   4.75462
  74 k  1.0000000000000 stre   5    6           val=   2.88937
  75 k  1.0000000000000 stre   6    9           val=   2.88963
  76 k  1.0000000000000 stre   9    4           val=   4.75443
  77 k -0.5000000000000 bend   4    6    5      val=  -7.80618
        0.5000000000000 bend   5    9    6
       -0.5000000000000 bend   6    4    9
        0.5000000000000 bend   9    5    4
  78 k -0.5000000000000 tors   5    6    9    4 val=  -4.88629
        0.5000000000000 tors   6    9    4    5
       -0.5000000000000 tors   9    4    5    6
        0.5000000000000 tors   4    5    6    9
  79 k  1.0000000000000 stre   4    8           val=   4.75544
  80 k  1.0000000000000 stre   8    2           val=   2.88957
  81 k  1.0000000000000 stre   2    3           val=   2.88944
  82 k  1.0000000000000 stre   3    4           val=   4.75411
  83 k -0.5000000000000 bend   4    2    8      val=  -7.81136
        0.5000000000000 bend   8    3    2
       -0.5000000000000 bend   2    4    3
        0.5000000000000 bend   3    8    4
  84 k -0.5000000000000 tors   8    2    3    4 val=  -4.84020
        0.5000000000000 tors   2    3    4    8
       -0.5000000000000 tors   3    4    8    2
        0.5000000000000 tors   4    8    2    3
  85 k -0.7071067811865 bend   8    5    4      val=  -0.07736
        0.7071067811865 bend   3    9    4
  86 k  0.5000000000000 outp   8    9    5    4 val=  -0.01653
        0.5000000000000 outp   3    9    5    4
       -0.5000000000000 outp   5    3    8    4
       -0.5000000000000 outp   9    3    8    4
  87 k  0.5000000000000 outp   8    9    5    4 val=  -0.02648
       -0.5000000000000 outp   3    9    5    4
        0.5000000000000 outp   5    3    8    4
       -0.5000000000000 outp   9    3    8    4
        87 non zero eigenvalues  of BmBt
           1          10.983229732    1    0
         1
           2          10.983225096    2    0
         2
           3           5.306460003    3    0
         3
           4           5.305515124    4    0
         4
           5           4.959560212    5    0
         5
           6           4.959340212    6    0
         6
           7           4.524986840    7    0
         7
           8           4.422462903    8    0
         8
           9           4.403658792    9    0
         9
          10           4.302531581   10    0
        10
          11           4.300603018   11    0
        11
          12           4.064015816   12    0
        12
          13           3.582172989   13    0
        13
          14           3.547120927   14    0
        14
          15           3.544898667   15    0
        15
          16           3.512395029   16    0
        16
          17           3.353413576   17    0
        17
          18           3.344334902   18    0
        18
          19           3.259648702   19    0
        19
          20           3.230052537   20    0
        20
          21           2.774113087   21    0
        21
          22           2.715789913   22    0
        22
          23           2.652530879   23    0
        23
          24           2.601964548   24    0
        24
          25           2.291193607   25    0
        25
          26           2.253691825   26    0
        26
          27           2.215206897   27    0
        27
          28           2.035229371   28    0
        28
          29           2.006722033   29    0
        29
          30           1.911818443   30    0
        30
          31           1.905963627   31    0
        31
          32           1.763543233   32    0
        32
          33           1.750086499   33    0
        33
          34           1.733201544   34    0
        34
          35           1.723927750   35    0
        35
          36           1.395105503   36    0
        36
          37           1.385591376   37    0
        37
          38           1.374525902   38    0
        38
          39           1.273576546   39    0
        39
          40           1.160202700   40    0
        40
          41           1.151862030   41    0
        41
          42           1.149970870   42    0
        42
          43           1.003818892   43    0
        43
          44           1.000000000   44    0
        44
          45           0.880332827   45    0
        45
          46           0.861700673   46    0
        46
          47           0.803165451   47    0
        47
          48           0.518934679   48    0
        48
          49           0.512936518   49    0
        49
          50           0.500971179   50    0
        50
          51           0.437311759   51    0
        51
          52           0.409283392   52    0
        52
          53           0.389659867   53    0
        53
          54           0.386931233   54    0
        54
          55           0.383854662   55    0
        55
          56           0.379673011   56    0
        56
          57           0.363498549   57    0
        57
          58           0.356655525   58    0
        58
          59           0.355384226   59    0
        59
          60           0.319196167   60    0
        60
          61           0.317646352   61    0
        61
          62           0.303754856   62    0
        62
          63           0.291237658   63    0
        63
          64           0.288147711   64    0
        64
          65           0.283552680   65    0
        65
          66           0.282375204   66    0
        66
          67           0.281813563   67    0
        67
          68           0.262823539   68    0
        68
          69           0.262094923   69    0
        69
          70           0.253008926   70    0
        70
          71           0.143672575   71    0
        71
          72           0.136809332   72    0
        72
          73           0.133899677   73    0
        73
          74           0.123251911   74    0
        74
          75           0.111784607   75    0
        75
          76           0.102439610   76    0
        76
          77           0.100937513   77    0
        77
          78           0.083449666   78    0
        78
          79           0.058399643   79    0
        79
          80           0.050107538   80    0
        80
          81           0.038596317   81    0
        81
          82           0.036005518   82    0
        82
          83           0.017449461   83    0
        83
          84           0.014689751   84    0
        84
          85           0.002743201   85    0
        85
          86           0.002676920   86    0
        86
          87           0.001401823   87    0
        87
$end
