$dipgrad
 -0.288571860008500       0.233801900483500       4.697182104000000E-003
  4.046286098200001E-002 -0.225766110214000       6.175266104999998E-004
  5.398815944999990E-003 -2.374744196000002E-003 -9.934591576500000E-002
  0.757285550636500       5.723935780500000E-002  1.948869177800000E-002
 -0.253103685105500        2.13514138483400      -3.097972140000001E-004
  2.484049013400001E-002 -1.259586171150000E-002   1.25230063034600     
 -0.480172157802500      -0.590207336210500       0.193001059765500     
 -8.289222529499998E-002  -1.66390586069150       0.259656904352000     
 -8.381975534350000E-002  0.419482087515500      -0.935671421844000     
   2.75590928648100      -0.144501149559000      -6.567444757750000E-002
 -0.362392247178000        4.07194104548250      -1.965935244000000E-002
 -6.585337173250000E-002 -2.412155093750000E-002   1.01561730975450     
 -0.479784407013000      -0.591079823289500       0.194040274412500     
 -8.301411458700000E-002  -1.66150928805300       0.259993955073500     
 -8.384922093900000E-002  0.420306997479500      -0.937144912726500     
  0.757053534010000       5.906680579349998E-002  2.033897220750000E-002
 -0.251930510257000        2.13584332559250      -8.842569980000001E-004
  2.801105289099999E-002 -1.534949472200000E-002   1.25202218479600     
 -0.288675029580000       0.234434128332000       4.527462851000000E-003
  4.059386776149999E-002 -0.226000081997000       1.190585913000000E-003
  3.302411203000006E-003  1.436167306999997E-003 -9.869174732600001E-002
 -0.491727368807000      -0.623470498626000      -0.215883720755500     
 -0.100026810357500       -1.67841177725650      -0.236813143290500     
  4.946166868750000E-002 -0.358831921358000      -0.912242308638000     
 -0.492497747041500      -0.624991531694500      -0.215663271348000     
 -0.100170465726000       -1.68068551526300      -0.235685634599000     
  4.840170467900001E-002 -0.357778844565000      -0.910723143679500     
  -1.31786029468750       0.664249586619000       3.258846120850000E-002
  0.465578785342000      -0.981008616647500      -1.119341032100000E-002
  3.583642541500000E-002 -2.427489015500001E-002 -0.326187665243000     
  -1.31751713770650       0.664669041869000       3.123811757399999E-002
  0.465132024776000      -0.982321298935000      -1.084192021250000E-002
  3.503142773000000E-002 -2.184361803500002E-002 -0.325617911765500     
  5.863656478749999E-002  0.199134813099500      -1.427561553550000E-002
 -6.689782612500001E-003 -9.687627681450001E-002 -6.675043490000002E-004
 -1.041049642850000E-002 -1.288731193600000E-002 -0.102253638786000     
 -5.183194579300000E-002  1.259257693700000E-002 -6.710635248500000E-003
  8.773161137749999E-002  5.810250220300000E-002 -1.268742663750000E-002
 -8.867856086999998E-003 -8.839421662000004E-003 -0.151711663236000     
  1.841259870199998E-002 -3.725786612999993E-003 -1.006220667800000E-002
 -2.562892165900001E-002 -7.184823264999997E-003 -4.735193801000000E-003
 -9.932982500999998E-003 -4.424128510999983E-003 -0.156035902403000     
  0.122761986691500       5.790826629549999E-002 -1.826477745050000E-002
 -4.754015128700000E-002 -6.011571550150002E-002  2.848979414999998E-004
 -1.262513987950000E-002 -7.029709854999996E-003 -0.133770883838500     
 -0.100107953992000       7.505172984450000E-002  2.953348694500000E-003
  0.109484520501500      -0.177986101506500      -4.956293841500000E-003
  1.743815378499997E-003 -2.530057259999999E-003 -4.087502173150000E-002
 -7.758686941150002E-002 -5.959701063099999E-002  1.316126592600000E-002
  1.050668966600002E-002  9.968200894299999E-002  2.420883490000001E-004
  1.169349251650001E-002  4.779249660500002E-003  0.114465759275000     
  2.431717930850001E-002 -7.275179315099999E-002  9.051237069999999E-003
 -6.382534884049999E-002 -0.154907710338000       1.241510927150000E-002
  8.861211977999999E-003  1.379161340149999E-002  0.131520871231000     
 -7.554679995000089E-004  0.105306975356500       4.992251848500000E-003
  9.977216802649999E-002 -9.569000033650001E-002  5.179155980000000E-004
  5.150750419500010E-003  6.503050380000019E-004  0.130804471106500     
 -0.130040173501500       3.048089191999999E-002  1.561192320750000E-002
 -4.483602312500010E-003  4.409637212750002E-002  2.742555248000000E-003
  1.614665833600001E-002  1.061121537499995E-003  0.123488869467000     
  7.542911515700000E-002 -1.254812389450000E-002  2.131183927000000E-003
 -4.655608036299998E-002  0.270573042652000       2.989277813500000E-003
  1.894287524499983E-003  3.466888048999999E-003  0.100150951375000     
  5.875622546749999E-002  0.199502491880000      -1.127719901050000E-002
 -6.464598419499991E-003 -9.639639352700000E-002 -3.143043920000002E-004
 -8.383606756999984E-003 -1.056115859749999E-002 -0.102840232280500     
 -5.186707497849999E-002  1.264064219050000E-002 -5.360494665999999E-003
  8.779954654000000E-002  5.835906825149999E-002 -9.077822621500000E-003
 -6.809900060500006E-003 -5.646009020999999E-003 -0.151951529835500     
  1.870396006349998E-002 -3.593903604499991E-003 -8.363845197500001E-003
 -2.534583767800000E-002 -7.043750267499995E-003 -2.692315706500000E-003
 -8.259842725000004E-003 -2.991520158999983E-003 -0.155863464360500     
  0.123073761540500       5.835742278100000E-002 -1.435929917200000E-002
 -4.739722727699999E-002 -6.113234451749999E-002  7.754640724999998E-004
 -1.169124418400000E-002 -4.698470106999993E-003 -0.134145835279000     
 -0.100488720640000       7.504399069649999E-002  2.348587380500000E-003
  0.109069474460500      -0.178348347246000      -4.117907503999999E-003
  1.598642748500004E-003 -2.345537212000010E-003 -4.167506542150000E-002
 -7.782492454149999E-002 -6.002218463599999E-002  1.062636092900000E-002
  1.028711112450000E-002  9.955416470799999E-002  1.708623999999944E-006
  9.308848076499992E-003  3.602789287999986E-003  0.115783642010500     
  2.421661876500000E-002 -7.272082050900001E-002  6.996196170500001E-003
 -6.385615502000001E-002 -0.155355339976000       8.828952643499999E-003
  7.319616068999992E-003  8.861273485999995E-003  0.134833505684000     
 -1.039959876999986E-003  0.105297742621500       4.502830800999999E-003
  9.983572575050000E-002 -9.544840814950001E-002 -5.607546130000002E-004
  4.380671090999989E-003 -4.835078934999938E-004  0.129888027546500     
 -0.130403809719000       3.011436402450000E-002  1.260646544350000E-002
 -4.878058345500003E-003  4.413282118550001E-002  1.868755346500000E-003
  1.323139916749999E-002  4.106175069999978E-004  0.124017282962500     
  7.566092935900001E-002 -1.266858617250000E-002  1.538102156000000E-003
 -4.783417884499999E-002  0.271555279928500       2.047748788500000E-003
  2.165576801499989E-003  8.616492639999893E-004  9.991298263100001E-002
$end
