$coord
   -0.00109622714920      7.15404902476315     -2.22805288855047  c
    0.01070236325146      5.79247839240179      0.92349193458293  s
    2.33166128570676      4.06708451535367      0.79848721868664  o
   -2.31681161504737      4.07460541027824      0.81854178263043  o
   -0.00251584246381     -0.00005245390103     -0.00011421968707  pu
   -0.01259082273972      0.70980082004127     -3.24769045669713  o
   -2.33176691316977     -4.07063216301361     -0.80071783710312  o
   -0.00823715789229     -5.79263705548264     -0.92347939379121  s
    0.00280326249262     -7.15393693779000      2.22818617487100  c
    0.00632091277340     -0.70990269981923      3.24746532705216  o
    2.31672669427479     -4.07134450267126     -0.81657072494479  o
    1.70272843838638     -8.30092106936663      2.43196158451845  h
    0.00097494651410     -5.57341065309644      3.55094831476929  h
   -1.68882379258009     -8.31173939330003      2.43994734598598  h
    1.69658759086222      8.30210511016983     -2.44418736144077  h
   -0.01172593814601      5.57363481463620     -3.55090869242073  h
   -1.69493718507348      8.31081884079681     -2.42730810846164  h
$user-defined bonds
$redundant
     number_of_atoms            17
     degrees_of_freedom         45
     internal_coordinates       45
     frozen_coordinates          0
# definitions of redundant internals
   1 k  1.0000000000000 stre   5    6           val=   3.32427
   2 k  1.0000000000000 stre   5   10           val=   3.32427
   3 k -0.3535533743395 bend   3    6    5      val=   0.00001
       -0.3535533743395 bend   3   10    5
        0.3535533743395 bend   7    6    5
        0.3535533743395 bend   7   10    5
       -0.3535534068471 bend   4    6    5
       -0.3535534068470 bend   4   10    5
        0.3535534068471 bend  11    6    5
        0.3535534068470 bend  11   10    5
   4 k -0.3536575578839 bend   3    6    5      val=   0.95569
        0.3536575578839 bend   3   10    5
        0.3536575578839 bend   7    6    5
       -0.3536575578839 bend   7   10    5
       -0.3534491926029 bend   4    6    5
        0.3534491926029 bend   4   10    5
        0.3534491926029 bend  11    6    5
       -0.3534491926029 bend  11   10    5
   5 k  0.3534491926029 bend   3    6    5      val=  -0.02035
       -0.3534491926029 bend   3   10    5
       -0.3534491926029 bend   7    6    5
        0.3534491926029 bend   7   10    5
       -0.3536575578839 bend   4    6    5
        0.3536575578839 bend   4   10    5
        0.3536575578839 bend  11    6    5
       -0.3536575578839 bend  11   10    5
   6 k -0.3535534068471 bend   3    6    5      val=  -0.00521
       -0.3535534068470 bend   3   10    5
        0.3535534068471 bend   7    6    5
        0.3535534068470 bend   7   10    5
        0.3535533743395 bend   4    6    5
        0.3535533743395 bend   4   10    5
       -0.3535533743395 bend  11    6    5
       -0.3535533743395 bend  11   10    5
   7 k  0.4082482904639 tors  12    9    8    7 val=  60.20053
        0.4082482904639 tors  12    9    8   11
        0.4082482904639 tors  14    9    8    7
        0.4082482904639 tors  14    9    8   11
        0.4082482904639 tors  13    9    8    7
        0.4082482904639 tors  13    9    8   11
   8 k  1.0000000000000 stre   9   12           val=   2.06079
   9 k  1.0000000000000 stre   9   14           val=   2.06081
  10 k  1.0000000000000 stre   9   13           val=   2.06101
  11 k -0.3969391305561 bend  14   12    9      val=   2.37636
       -0.3906868383632 bend  13   12    9
       -0.3905886221528 bend  13   14    9
        0.4241199885193 bend   8   12    9
        0.4241327547600 bend   8   14    9
        0.4212805370368 bend   8   13    9
  12 k -0.7496494606692 bend  14   12    9      val=   0.54701
        0.3729052183741 bend  13   12    9
        0.3873851047151 bend  13   14    9
       -0.1602314150379 bend   8   12    9
       -0.1542982187220 bend   8   14    9
        0.3153063878306 bend   8   13    9
  13 k -0.0083404678143 bend  14   12    9      val=  -0.00023
        0.6587332592554 bend  13   12    9
       -0.6503797682226 bend  13   14    9
        0.2656770048181 bend   8   12    9
       -0.2690922910075 bend   8   14    9
        0.0034863828297 bend   8   13    9
  14 k -0.3126000730232 bend  14   12    9      val=   0.94106
        0.1599762047212 bend  13   12    9
        0.1599740060477 bend  13   14    9
        0.3755892299544 bend   8   12    9
        0.3757108317991 bend   8   14    9
       -0.7542355247992 bend   8   13    9
  15 k -0.0000254065109 bend  14   12    9      val=  -0.00613
       -0.2673752914377 bend  13   12    9
        0.2674269184994 bend  13   14    9
        0.6546185696892 bend   8   12    9
       -0.6545745338815 bend   8   14    9
       -0.0000629046234 bend   8   13    9
  16 k  0.4082482904639 tors  17    1    2    3 val=  60.06409
        0.4082482904639 tors  17    1    2    4
        0.4082482904639 tors  15    1    2    3
        0.4082482904639 tors  15    1    2    4
        0.4082482904639 tors  16    1    2    3
        0.4082482904639 tors  16    1    2    4
  17 k  1.0000000000000 stre   1   17           val=   2.06080
  18 k  1.0000000000000 stre   1   15           val=   2.06080
  19 k  1.0000000000000 stre   1   16           val=   2.06101
  20 k -0.3969391305561 bend  15   17    1      val=   2.37645
       -0.3906868383632 bend  16   17    1
       -0.3905886221528 bend  16   15    1
        0.4241199885193 bend   2   17    1
        0.4241327547600 bend   2   15    1
        0.4212805370368 bend   2   16    1
  21 k -0.7496494606692 bend  15   17    1      val=   0.54694
        0.3729052183741 bend  16   17    1
        0.3873851047150 bend  16   15    1
       -0.1602314150379 bend   2   17    1
       -0.1542982187220 bend   2   15    1
        0.3153063878306 bend   2   16    1
  22 k -0.0083404678142 bend  15   17    1      val=   0.00294
        0.6587332592554 bend  16   17    1
       -0.6503797682227 bend  16   15    1
        0.2656770048181 bend   2   17    1
       -0.2690922910075 bend   2   15    1
        0.0034863828297 bend   2   16    1
  23 k -0.3126000730232 bend  15   17    1      val=   0.94108
        0.1599762047212 bend  16   17    1
        0.1599740060477 bend  16   15    1
        0.3755892299544 bend   2   17    1
        0.3757108317991 bend   2   15    1
       -0.7542355247992 bend   2   16    1
  24 k -0.0000254065109 bend  15   17    1      val=  -0.00356
       -0.2673752914377 bend  16   17    1
        0.2674269184994 bend  16   15    1
        0.6546185696892 bend   2   17    1
       -0.6545745338815 bend   2   15    1
       -0.0000629046234 bend   2   16    1
  25 k  1.0000000000000 stre   2    1           val=   3.43311
  26 k  0.7074883262147 bend   4    1    2      val= 101.50252
        0.7067250301708 bend   3    1    2
  27 k -0.7067250301708 bend   4    1    2      val=   0.06031
        0.7074883262147 bend   3    1    2
  28 k  1.0000000000000 stre   8    9           val=   3.43311
  29 k  0.7074883262147 bend  11    9    8      val= 101.50263
        0.7067250301708 bend   7    9    8
  30 k -0.7067250301708 bend  11    9    8      val=   0.06183
        0.7074883262147 bend   7    9    8
  31 k  1.0000000000000 stre   5    3           val=   4.75686
  32 k  1.0000000000000 stre   3    2           val=   2.89473
  33 k  1.0000000000000 stre   2    4           val=   2.89472
  34 k  1.0000000000000 stre   4    5           val=   4.75699
  35 k -0.5000000000000 bend   5    2    3      val=  -7.21473
        0.5000000000000 bend   3    4    2
       -0.5000000000000 bend   2    5    4
        0.5000000000000 bend   4    3    5
  36 k -0.5000000000000 tors   3    2    4    5 val=   5.47996
        0.5000000000000 tors   2    4    5    3
       -0.5000000000000 tors   4    5    3    2
        0.5000000000000 tors   5    3    2    4
  37 k  1.0000000000000 stre   5    7           val=   4.75773
  38 k  1.0000000000000 stre   7    8           val=   2.89468
  39 k  1.0000000000000 stre   8   11           val=   2.89478
  40 k  1.0000000000000 stre  11    5           val=   4.75614
  41 k -0.5000000000000 bend   5    8    7      val=  -7.21473
        0.5000000000000 bend   7   11    8
       -0.5000000000000 bend   8    5   11
        0.5000000000000 bend  11    7    5
  42 k -0.5000000000000 tors   7    8   11    5 val=  -5.48245
        0.5000000000000 tors   8   11    5    7
       -0.5000000000000 tors  11    5    7    8
        0.5000000000000 tors   5    7    8   11
  43 k -0.7071067811865 bend   7    4    5      val=  -0.07393
        0.7071067811865 bend  11    3    5
  44 k -0.5002275478767 outp   7    4    3    5 val=   0.00146
       -0.4997723485201 outp  11    4    3    5
       -0.5002275478767 outp   3   11    7    5
       -0.4997723485201 outp   4   11    7    5
  45 k  0.4997723485201 outp   7    4    3    5 val=   0.01683
       -0.5002275478767 outp  11    4    3    5
        0.4997723485201 outp   3   11    7    5
       -0.5002275478767 outp   4   11    7    5
        45 non zero eigenvalues  of BmBt
           1           4.494497952    1    0
         1
           2           4.135382669    2    0
         2
           3           3.558353025    3    0
         3
           4           3.387014140    4    0
         4
           5           3.375329521    5    0
         5
           6           3.358488764    6    0
         6
           7           3.201834256    7    0
         7
           8           3.200982268    8    0
         8
           9           2.750808958    9    0
         9
          10           2.674935643   10    0
        10
          11           2.312270137   11    0
        11
          12           1.945425105   12    0
        12
          13           1.877023469   13    0
        13
          14           1.848834582   14    0
        14
          15           1.814142619   15    0
        15
          16           1.542205004   16    0
        16
          17           1.259116851   17    0
        17
          18           1.000000000   18    0
        18
          19           0.908513115   19    0
        19
          20           0.902426141   20    0
        20
          21           0.852271163   21    0
        21
          22           0.821000645   22    0
        22
          23           0.725300354   23    0
        23
          24           0.725283773   24    0
        24
          25           0.725208360   25    0
        25
          26           0.724286109   26    0
        26
          27           0.521922541   27    0
        27
          28           0.519861357   28    0
        28
          29           0.461525448   29    0
        29
          30           0.417658228   30    0
        30
          31           0.417632900   31    0
        31
          32           0.388104170   32    0
        32
          33           0.345655619   33    0
        33
          34           0.279284127   34    0
        34
          35           0.244281939   35    0
        35
          36           0.235637354   36    0
        36
          37           0.229440915   37    0
        37
          38           0.189841430   38    0
        38
          39           0.147600553   39    0
        39
          40           0.120193069   40    0
        40
          41           0.063080433   41    0
        41
          42           0.061130910   42    0
        42
          43           0.015368058   43    0
        43
          44           0.011625373   44    0
        44
          45           0.010807763   45    0
        45
$end
