$dipgrad          cartesian dipole gradients
  0.64295403918465D-01  0.10069860528363D-02  -.25535626587186D-02
  -.14338211065381D-03  -.10425891173899D+00  0.38840471333513D-01
  -.21777454649618D-02  0.30035609988936D+00  -.49893611478263D+00
  0.12903075709239D+01  -.10537445395828D-02  -.24302797046455D-02
  -.13771026750791D-02  0.14811168167025D+01  -.33618742738094D+00
  -.26070326509824D-02  -.23452294689979D+00  0.79833567120710D+00
  -.99867701661206D+00  0.27710530534990D+00  -.17773484995800D+00
  0.33455027860514D+00  -.15092449684745D+01  0.96424097917607D-01
  0.51299913510250D-01  -.18538110359375D+00  -.40242403505454D+00
  -.99959856204718D+00  -.28020226858504D+00  0.18281977914728D+00
  -.33488882438381D+00  -.15070771323130D+01  0.98462837083158D-01
  -.46957337368482D-01  -.18295746871122D+00  -.40392909035030D+00
  0.10261121337025D+01  0.14815962980137D-02  0.58129165245742D-02
  0.85373681280870D-03  0.33347781641862D+01  -.42627998967018D+00
  0.62722957321035D-02  -.28482937344100D+00  0.30895697143266D+01
  -.33783138594234D+00  0.96076265396373D-03  -.39286420700178D-02
  0.72696442077187D-03  -.57898642984457D+00  0.28384617160832D+00
  -.43030603519670D-02  0.36276172897908D+00  -.16185294937652D+01
  -.99959002418029D+00  0.27776739838336D+00  -.17828983389435D+00
  0.33474017233723D+00  -.15076852942977D+01  0.96485096113327D-01
  0.51098603865955D-01  -.18502569273778D+00  -.40284361643866D+00
  0.12904875200256D+01  -.30889512624535D-03  -.14569317173472D-02
  -.10346391297262D-02  0.14810738902644D+01  -.33624809444188D+00
  -.14307338732927D-02  -.23472247741031D+00  0.79857353848235D+00
  0.64433591931847D-01  0.14709200503076D-02  -.18221119609472D-02
  0.60865002564524D-03  -.10426022682281D+00  0.38826089654782D-01
  -.17836490251494D-02  0.30024210536664D+00  -.49887534553664D+00
  -.33773210894791D+00  0.77827839879061D-03  -.35499238445856D-02
  0.63354633061852D-03  -.57905708447586D+00  0.28390021209844D+00
  -.31745235044032D-02  0.36276487188280D+00  -.16184897684442D+01
  -.99858329003507D+00  -.27951823483923D+00  0.18231397813628D+00
  -.33463448733705D+00  -.15086006886780D+01  0.98464005824141D-01
  -.47198371055061D-01  -.18329647849182D+00  -.40337783645210D+00
  -.47561190998240D-01  0.11678784793694D+00  -.32581744674876D-01
  0.68429485824259D-01  -.16879197604018D-01  0.42159229184872D-01
  0.76226879884896D-02  0.27364050255632D-01  0.46407007742630D-01
  0.62457829014673D-01  0.38061354673834D-03  -.18029794804210D-03
  0.14150111734380D-03  0.86243225117856D-01  -.53208653453598D-01
  -.24357946006262D-03  0.27203491585784D-01  -.12349288517306D-01
  -.46692561537728D-01  -.11707895737764D+00  0.32867235455143D-01
  -.68923361833544D-01  -.18249146706863D-01  0.42792418582202D-01
  -.71267009447999D-02  0.27731593929401D-01  0.46417973183983D-01
  -.47424536111552D-01  -.11671770189967D+00  0.33291644837732D-01
  -.68335137672688D-01  -.17054705968736D-01  0.42702995190709D-01
  -.68768865208808D-02  0.28190904053006D-01  0.46257519143853D-01
  0.62446733695684D-01  -.99997572959126D-05  -.43350258512868D-03
  -.36006267270344D-03  0.86218018525892D-01  -.53208172569907D-01
  -.29950828020083D-03  0.27212260367655D-01  -.12359549596752D-01
  -.46850106952165D-01  0.11715009345391D+00  -.32143873084339D-01
  0.69012662341581D-01  -.18076328024995D-01  0.42228712925309D-01
  0.78856274034666D-02  0.26908434975838D-01  0.46552714699688D-01
$end
