$energy      SCF               SCFKIN            SCFPOT
     1 -1881.084128103      1504.273381302     -3385.357509405
     2 -1881.084128383      1504.274513140     -3385.358641523
     3 -1881.086281412      1504.472949452     -3385.559230864
     4 -1881.086462989      1504.562551188     -3385.649014177
     5 -1881.086474013      1504.553806409     -3385.640280422
     6 -1881.086486175      1504.557615338     -3385.644101513
     7 -1881.086489681      1504.561170424     -3385.647660105
     8 -1881.086493307      1504.561680726     -3385.648174033
     9 -1881.086496562      1504.565066130     -3385.651562692
    10 -1881.086496931      1504.561277722     -3385.647774652
    11 -1881.086497619      1504.560567709     -3385.647065328
    12 -1881.086497975      1504.560085160     -3385.646583135
    13 -1881.086498520      1504.559777049     -3385.646275569
    14 -1881.086498282      1504.560426810     -3385.646925092
    15 -1881.086498155      1504.559837244     -3385.646335398
    16 -1881.086498297      1504.559571320     -3385.646069617
    17 -1881.086498688      1504.559854207     -3385.646352895
    18 -1881.086498579      1504.560548432     -3385.647047011
    19 -1881.086252235      1504.566352220     -3385.652604456
    20 -1881.086493122      1504.561504869     -3385.647997990
    21 -1881.086494268      1504.564239446     -3385.650733715
    22 -1881.086496236      1504.562889247     -3385.649385483
    23 -1881.086496614      1504.563198721     -3385.649695335
    24 -1881.086496883      1504.563371080     -3385.649867962
    25 -1881.086497902      1504.561741532     -3385.648239434
    26 -1881.086498651      1504.561233374     -3385.647732025
    27 -1881.086498636      1504.561185722     -3385.647684358
    28 -1881.086498829      1504.561088648     -3385.647587477
$end
