$grad          cartesian gradients
  cycle =      2    SCF energy =    -1881.0841283830   |dE/dxyz| =  0.040656
   -0.00208710785188      7.10107743690742     -2.22890017631908      c
    0.00770027661291      5.80364709547737      0.94398963303504      s
    2.33140939961896      4.06981683761906      0.85429571686176      o
   -2.32069060117495      4.07561300897623      0.87182573830934      o
    0.00000000000000      0.00000000000000      0.00000000000000      pu
   -0.01144185833611      0.80063755425749     -3.30522779229438      o
   -2.33140939961896     -4.06981683761906     -0.85429571686176      o
   -0.00770027661291     -5.80364709547737     -0.94398963303504      s
    0.00208710785188     -7.10107743690742      2.22890017631908      c
    0.01144185833611     -0.80063755425749      3.30522779229438      o
    2.32069060117495     -4.07561300897623     -0.87182573830934      o
    1.69677547141293     -8.25298093375583      2.44749563730548      h
    0.00923896686294     -5.49169786003950      3.51786229314445      h
   -1.69445702125002     -8.24785039205493      2.45980823760254      h
    1.69445702125002      8.24785039205493     -2.45980823760254      h
   -0.00923896686294      5.49169786003950     -3.51786229314445      h
   -1.69677547141293      8.25298093375583     -2.44749563730548      h
  0.60972560071981D-05  -.94975990064583D-04  0.77413254993886D-04
  -.20918869541475D-04  0.28204995370835D-02  -.37455159265676D-03
  0.19173785560511D-02  0.58330502241688D-03  0.30518521613665D-03
  -.19406102226931D-02  0.67358520568916D-03  0.34730429189622D-03
  -.29387088318344D-08  -.29660293776601D-07  -.19877980150795D-07
  -.10195340184405D-03  0.72802393107683D-02  -.27508028693958D-01
  -.19173722658650D-02  -.58330726596001D-03  -.30518167384130D-03
  0.20920032682170D-04  -.28204893154076D-02  0.37456105270772D-03
  -.60951831635236D-05  0.94970445093878D-04  -.77412228727258D-04
  0.10195717068195D-03  -.72802220044452D-02  0.27508034804178D-01
  0.19406064077074D-02  -.67357353774122D-03  -.34730491117152D-03
  -.12335096140070D-04  -.16127743524663D-04  -.17254808873934D-03
  0.57168494367321D-05  0.37343264916245D-03  0.42640272159833D-05
  0.55502492152248D-05  -.19393809725932D-04  -.17646143571937D-03
  -.55516871704242D-05  0.19392504591265D-04  0.17646152055639D-03
  -.57205211901890D-05  -.37344007436513D-03  -.42610359130002D-05
  0.12333646068008D-04  0.16134754266872D-04  0.17254540222322D-03
  cycle =      3    SCF energy =    -1881.0862814120   |dE/dxyz| =  0.011860
   -0.00209309948826      7.11152109040589     -2.22981104892660      c
    0.00787376526910      5.79653205598201      0.93737508614933      s
    2.33214591759796      4.06664819976682      0.84570333157834      o
   -2.32110910548741      4.07244306323276      0.86326927121524      o
    0.00000010220108     -0.00000010096055     -0.00000001849750      pu
   -0.01100794735500      0.77048748117566     -3.25394317301363      o
   -2.33214586927530     -4.06664829586276     -0.84570345117435      o
   -0.00787381265458     -5.79653228945535     -0.93737517718262      s
    0.00209306605288     -7.11152084694553      2.22981114354585      c
    0.01100792832667     -0.77048801367232      3.25394305464719      o
    2.32110912709958     -4.07244338292008     -0.86326940884796      o
    1.69685292727543     -8.26438512157125      2.44317598303538      h
    0.00903197162774     -5.51060775853835      3.52813986136108      h
   -1.69419034132629     -8.25976232373529      2.45557778787117      h
    1.69418940101748      8.25976407148184     -2.45557689679135      h
   -0.00903015628835      5.51060824534451     -3.52814006215305      h
   -1.69685387459272      8.26438392627198     -2.44317628281651      h
  0.38805728905800D-05  0.14180271197173D-03  0.15942325795137D-03
  -.20066517228301D-04  0.16621944367241D-02  -.12950908131284D-02
  0.14106869077857D-02  -.22096541399463D-03  0.46414490181096D-03
  -.14319137568357D-02  -.12761233571545D-03  0.49874256835047D-03
  -.19100290238327D-08  0.40600133033308D-07  -.78947330450774D-07
  -.28982999423444D-04  0.21240322498652D-02  -.75237115756650D-02
  -.14106674149659D-02  0.22095791194499D-03  -.46414765428082D-03
  0.20071300250279D-04  -.16622138782409D-02  0.12950735917947D-02
  -.38892030680415D-05  -.14176367380436D-03  -.15942341773201D-03
  0.28970697565134D-04  -.21240735878000D-02  0.75238301373197D-02
  0.14319126426230D-02  0.12762056258708D-03  -.49875294570567D-03
  -.12307218471119D-04  -.65040729155919D-04  -.12106357667591D-03
  0.27469411509884D-05  0.28376933350810D-03  -.19443037847838D-03
  0.10972820015942D-04  -.63997598340970D-04  -.12593073907113D-03
  -.10983725725389D-04  0.64017168227348D-04  0.12593342869471D-03
  -.27480041185635D-05  -.28379253506339D-03  0.19442586078133D-03
  0.12318685887358D-04  0.65024467176045D-04  0.12105597873791D-03
  cycle =      4    SCF energy =    -1881.0864629890   |dE/dxyz| =  0.002776
   -0.00210269722155      7.11322443482029     -2.22887226530517      c
    0.00794292828130      5.79387012635398      0.93883552574937      s
    2.33071862927298      4.06572048626658      0.84278415357347      o
   -2.31949683529577      4.07135830954595      0.86022724600020      o
    0.00000004135435     -0.00000023357544     -0.00000059277796      pu
   -0.01075936903507      0.75505219570067     -3.23491659898851      o
   -2.33071891909275     -4.06572094067873     -0.84278451790225      o
   -0.00794326370993     -5.79387072211764     -0.93883538354445      s
    0.00210263193606     -7.11322400476939      2.22887288989490      c
    0.01076020808508     -0.75505261840961      3.23491506182980      o
    2.31949664388552     -4.07135908344137     -0.86022768645200      o
    1.69677056364683     -8.26628281237088      2.44150051305273      h
    0.00907539074621     -5.51633930452898      3.53163294673411      h
   -1.69404174473568     -8.26170963730789      2.45407328449536      h
    1.69404538710355      8.26170423102655     -2.45407448830035      h
   -0.00908262037625      5.51634037418383     -3.53163294760675      h
   -1.69676697484488      8.26628919930208     -2.44149714045249      h
  0.45797394143676D-06  -.77175531828289D-04  -.36270756709200D-06
  -.12163997705983D-04  0.98117164013090D-03  -.69399742962695D-03
  0.59569932098924D-03  -.28648802992315D-03  0.27538204909194D-03
  -.61941691735967D-03  -.20400609239424D-03  0.30045539642209D-03
  -.38077890618382D-07  0.32912339520408D-08  0.14152328553507D-06
  0.33628345459391D-05  -.18773370130454D-03  0.11389020896182D-02
  -.59569604394127D-03  0.28648767736872D-03  -.27539249375685D-03
  0.12127654294147D-04  -.98116353398581D-03  0.69399217134603D-03
  -.43636051072493D-06  0.77127479098493D-04  0.37033345545723D-06
  -.33163892014798D-05  0.18774944327626D-03  -.11390490699874D-02
  0.61942846625129D-03  0.20399927169379D-03  -.30045052465866D-03
  -.29611812383923D-04  -.24527469822289D-04  -.95887799297145D-04
  0.20363325386463D-05  0.11675990764537D-03  -.88186729183537D-04
  0.28153057501257D-04  -.23412654954758D-04  -.98178041013641D-04
  -.28133186001034D-04  0.23411346252278D-04  0.98163433393639D-04
  -.20633840899509D-05  -.11673924740796D-03  0.88197762066589D-04
  0.29611250909056D-04  0.24535861113950D-04  0.95900489514245D-04
  cycle =      5    SCF energy =    -1881.0864740130   |dE/dxyz| =  0.001531
   -0.00208021914791      7.11792505059838     -2.22919422421622      c
    0.00798869989556      5.79319920433987      0.93739964379392      s
    2.33047292257976      4.06614486747503      0.83935639178728      o
   -2.31910920890082      4.07166420301495      0.85677813864385      o
    0.00000010427047     -0.00000038135029     -0.00000059958203      pu
   -0.01085807456065      0.75154925877027     -3.23862919959561      o
   -2.33047321225632     -4.06614554709872     -0.83935646942665      o
   -0.00798905990072     -5.79320003005368     -0.93739962124396      s
    0.00208071548344     -7.11792442995778      2.22919482418895      c
    0.01085593616012     -0.75154969908703      3.23862807088730      o
    2.31910902395682     -4.07166523938778     -0.85677911676095      o
    1.69689188903812     -8.27104976781892      2.44083268016804      h
    0.00889933088143     -5.52372176429574      3.53512267724183      h
   -1.69402330441279     -8.26676887368165      2.45336652409933      h
    1.69402097352189      8.26677421302215     -2.45336271433471      h
   -0.00889223863804      5.52372309193780     -3.53512295183323      h
   -1.69689427797035      8.27104584357314     -2.44083405381711      h
  0.42320192639167D-06  -.26211677028876D-04  -.42129329990814D-04
  -.95794686516548D-05  0.40826618640999D-03  -.61600217766866D-03
  0.38963365227218D-03  -.36791780814838D-04  0.31976544987034D-03
  -.41333183935066D-03  0.38329129387060D-04  0.34213068954081D-03
  0.13531804299305D-06  -.45077651833481D-07  0.20713617487900D-07
  -.70844568540451D-05  0.16855893613421D-03  -.19432433409960D-03
  -.38965410192660D-03  0.36822823763494D-04  -.31974474322816D-03
  0.96362338566358D-05  -.40820685630649D-03  0.61598707222998D-03
  -.41935338801480D-06  0.26231883285988D-04  0.42125227551537D-04
  0.69545002652216D-05  -.16857394066871D-03  0.19427549922213D-03
  0.41328279245789D-03  -.38368201959571D-04  -.34210274129665D-03
  -.14850301233160D-04  -.22688156238182D-04  -.47904923241138D-04
  0.93406258638851D-06  0.40628307751867D-04  -.70848888111819D-04
  0.13710552428492D-04  -.22188916380728D-04  -.48578836805202D-04
  -.13730370156839D-04  0.22169763910007D-04  0.48591709256751D-04
  -.89696621474733D-06  -.40620998975283D-04  0.70847457626755D-04
  0.14833991086372D-04  0.22688423328754D-04  0.47893292680179D-04
  cycle =      6    SCF energy =    -1881.0864861750   |dE/dxyz| =  0.001407
   -0.00215629522634      7.12982376370598     -2.22929145934382      c
    0.00793843066743      5.79250497524922      0.93413655083167      s
    2.32923760064972      4.06720573934151      0.82948178688577      o
   -2.31773501429263      4.07227738832448      0.84649609885315      o
   -0.00000120985148     -0.00000023045468     -0.00000037322284      pu
   -0.01024746287464      0.73703117944659     -3.24247372348900      o
   -2.32923867813358     -4.06720716808486     -0.82948254150335      o
   -0.00793917865900     -5.79250602348526     -0.93413669828719      s
    0.00215510782844     -7.12982357115034      2.22929179079749      c
    0.01025701271583     -0.73703002743386      3.24247383358864      o
    2.31773364709100     -4.07227735750751     -0.84649659531243      o
    1.69680484784593     -8.28387127338661      2.43790076753880      h
    0.00962442056436     -5.54195444067702      3.54289372947635      h
   -1.69433262111927     -8.27870831598944      2.45101973112053      h
    1.69433434105562      8.27870397491712     -2.45102120671662      h
   -0.00963189759280      5.54195512728849     -3.54289406823480      h
   -1.69680305066855      8.28387625989618     -2.43789762298232      h
  -.94776164327737D-06  0.21470195147089D-04  -.89525526298040D-04
  -.37667347791981D-05  -.46857913508447D-03  -.26447736986679D-03
  -.19201233492439D-03  0.28513124175156D-03  0.30395639940828D-03
  0.17347270236812D-03  0.34094740659230D-03  0.31737060664305D-03
  -.56767676781533D-06  -.17259829121485D-07  -.22685066625172D-06
  0.32861345964363D-05  0.37988651788723D-05  -.47268595452721D-03
  0.19207693492262D-03  -.28513264341079D-03  -.30394256236321D-03
  0.37008598496868D-05  0.46846981218351D-03  0.26443054162861D-03
  0.92229177983683D-06  -.21400278200190D-04  0.89539491079371D-04
  -.27597636087506D-05  -.37836452673190D-05  0.47295267900438D-03
  -.17339503706637D-03  -.34088870329496D-03  -.31737582350111D-03
  0.74828042895270D-05  -.48914718160376D-05  0.29434118088867D-04
  0.29656687918767D-05  -.87061732280791D-04  0.29545553376531D-04
  -.93110495078541D-05  -.31255156138776D-05  0.32982108124968D-04
  0.93440768740294D-05  0.31659399386541D-05  -.32996370337379D-04
  -.30088298682562D-05  0.87010532171639D-04  -.29553646428093D-04
  -.74694322640401D-05  0.48884926010517D-05  -.29427285984318D-04
  cycle =      7    SCF energy =    -1881.0864896810   |dE/dxyz| =  0.001167
   -0.00209936740556      7.13160729148668     -2.22887397730331      c
    0.00808423832628      5.79231300945368      0.93383282874235      s
    2.32915987712236      4.06715849128121      0.82657589781310      o
   -2.31734013790827      4.07213415424345      0.84370208267581      o
   -0.00000024639304      0.00000006675279     -0.00000034357740      pu
   -0.01050019594358      0.73428555850791     -3.24236680178478      o
   -2.32915940657248     -4.06715932193986     -0.82657591426455      o
   -0.00808343849207     -5.79231346154990     -0.93383269183205      s
    0.00210077374490     -7.13160749842171      2.22887421515207      c
    0.01049290849818     -0.73428435991865      3.24236664622677      o
    2.31734038376319     -4.07213365604002     -0.84370278670507      o
    1.69708633918315     -8.28519199422805      2.43727780698333      h
    0.00904672608236     -5.54451301060588      3.54355257220033      h
   -1.69415085416944     -8.28092145839972      2.45014103011582      h
    1.69415348227039      8.28091939727089     -2.45014106130426      h
   -0.00904747597482      5.54451302857203     -3.54355261465853      h
   -1.69708360613152      8.28519376353515     -2.43727688847959      h
  -.74384425841068D-06  -.13083845320061D-04  -.75815594307693D-04
  -.22200120319837D-06  -.45137868551137D-03  -.63286684071073D-04
  -.28357787742550D-03  0.27499601826975D-03  0.21265799297110D-03
  0.26500153881415D-03  0.32364194083634D-03  0.22480717225370D-03
  0.49047370076494D-06  0.76476958099647D-08  -.12970853191518D-06
  -.86095644520334D-05  -.34028150461829D-04  -.15420659392262D-03
  0.28358274965612D-03  -.27496623104506D-03  -.21264678743238D-03
  0.21236922620460D-06  0.45133562534794D-03  0.63356445887841D-04
  0.70840831800645D-06  0.13079910860192D-04  0.75803501798255D-04
  0.81189759244538D-05  0.34032349078394D-04  0.15430198518374D-03
  -.26499577868577D-03  -.32359408649985D-03  -.22483000346929D-03
  0.11216915804635D-04  0.80438702845242D-05  0.32088699428723D-04
  0.41240382947505D-06  -.84964324821302D-04  0.77065574820789D-04
  -.11122721001566D-04  0.82880821596909D-05  0.35818480063399D-04
  0.11122275132891D-04  -.82817104076760D-05  -.35820576001822D-04
  -.40940060159339D-06  0.84939942496476D-04  -.77092447764215D-04
  -.11192941521188D-04  -.80678710805415D-05  -.32069233472098D-04
  cycle =      8    SCF energy =    -1881.0864933070   |dE/dxyz| =  0.000520
   -0.00212365738175      7.13293333583777     -2.22830738634080      c
    0.00806924021514      5.79206534050459      0.93291884428201      s
    2.32960519793952      4.06686712662497      0.82302268121859      o
   -2.31767170242447      4.07160719884121      0.84001094391887      o
   -0.00000158153766     -0.00000040842170     -0.00000044239389      pu
   -0.01031358215884      0.73330395417931     -3.24221283463121      o
   -2.32960789488901     -4.06686868127576     -0.82302281051755      o
   -0.00807147675630     -5.79206630570208     -0.93291891679889      s
    0.00212322950207     -7.13293258988791      2.22830806872109      c
    0.01032298352356     -0.73330483059214      3.24221170223283      o
    2.31766909910931     -4.07160765201792     -0.84001230661032      o
    1.69710336721233     -8.28656724918369      2.43621293513894      h
    0.00925024111278     -5.54563672216371      3.54293353318758      h
   -1.69427676275655     -8.28204221792490      2.44922526248670      h
    1.69427524880837      8.28204494973639     -2.44922178009793      h
   -0.00924710633891      5.54563843501553     -3.54293381143254      h
   -1.69710484317957      8.28656631643004     -2.43621368236346      h
  0.71806752099945D-06  -.37855047823498D-04  -.72426383868063D-05
  -.40983145765949D-08  -.13266698086412D-03  -.47282508433000D-05
  -.13592222290271D-03  0.13425995770078D-03  0.10266176812834D-03
  0.12189158563558D-03  0.17354937444658D-03  0.11301484042558D-03
  -.74826271045936D-06  -.68046217549522D-07  0.23179232755410D-06
  0.17636680547106D-05  0.13540803778689D-04  0.51789953516845D-04
  0.13594631762714D-03  -.13433054127610D-03  -.10265219282601D-03
  -.47398032165802D-08  0.13270567706414D-03  0.47124977609059D-05
  -.70270602758882D-06  0.37844005053245D-04  0.72419919305844D-05
  -.10246496175981D-05  -.13446629365532D-04  -.52049041755708D-04
  -.12184933304127D-03  -.17355034802691D-03  -.11299787731911D-03
  0.86692947123268D-05  0.13732416748402D-04  0.12321697331119D-04
  0.23357143197344D-05  -.31305215108191D-04  0.79393026775954D-04
  -.90684432949573D-05  0.16020774352921D-04  0.17094413519381D-04
  0.90228377387369D-05  -.16061989592586D-04  -.17069843058160D-04
  -.23080667714837D-05  0.31346622225037D-04  -.79370644765930D-04
  -.87016808381080D-05  -.13714866762271D-04  -.12352919933623D-04
  cycle =      9    SCF energy =    -1881.0864965620   |dE/dxyz| =  0.000775
   -0.00202309616859      7.14351054917458     -2.22762407593190      c
    0.00838655484715      5.79132579434209      0.92818612391572      s
    2.33026006437725      4.06690353577972      0.80974847176491      o
   -2.31746031216454      4.07115104000929      0.82685613331504      o
    0.00000118138972     -0.00000010412546      0.00000025638943      pu
   -0.01068065164784      0.72201297019021     -3.24397237108496      o
   -2.33025785072911     -4.06690426220921     -0.80974728817240      o
   -0.00838370558434     -5.79132576208916     -0.92818629396554      s
    0.00203062035735     -7.14350994733262      2.22762419423779      c
    0.01063890295155     -0.72201577047778      3.24397246836896      o
    2.31746274065956     -4.07115069717703     -0.82685812640372      o
    1.69774808059687     -8.29653365030449      2.43274279283663      h
    0.00815766683270     -5.55969370969233      3.54664802654319      h
   -1.69397458085337     -8.29378969943589      2.44531777026806      h
    1.69398443966149      8.29378718496771     -2.44531599433662      h
   -0.00815188677584      5.55969489516584     -3.54664829820684      h
   -1.69773816775001      8.29653763321454     -2.43274378953772      h
  0.14445416693931D-05  -.62521336960941D-05  0.95097796589894D-04
  0.58763515142779D-05  -.25666579926309D-04  0.13054471838814D-03
  -.10434986744201D-03  0.22079965642519D-05  -.73364174606905D-04
  0.97751751571451D-04  0.15586616361141D-04  -.66541676057241D-04
  0.26002140973702D-05  0.15201584702140D-06  0.12013018846346D-06
  -.13604021514624D-04  -.32146878552997D-03  0.36077025109194D-03
  0.10413843131829D-03  -.21349773540180D-05  0.73347925974243D-04
  -.57393565828789D-05  0.25728320824925D-04  -.13056368536546D-03
  -.14212560304205D-05  0.61895557816882D-05  -.95101463077008D-04
  0.11086208772992D-04  0.32134625849523D-03  -.36087609099411D-03
  -.97955920024262D-04  -.15746395322314D-04  0.66528372482111D-04
  0.15991745577981D-04  0.23977599702185D-04  0.12223462025229D-04
  -.23859512451319D-05  -.84550903918235D-05  0.84903977908724D-04
  -.13174400403937D-04  0.22687819755340D-04  0.17551050808029D-04
  0.13219908748141D-04  -.22675551281770D-04  -.17584723679298D-04
  0.24187912369689D-05  0.84888580653697D-05  -.84865026525049D-04
  -.15948284066702D-04  -.23970644490001D-04  -.12186122040125D-04
  cycle =     10    SCF energy =    -1881.0864969310   |dE/dxyz| =  0.000439
   -0.00207084832230      7.13750016304108     -2.22792522955383      c
    0.00821473477732      5.79148314079532      0.93034773104269      s
    2.33038173508441      4.06658164948426      0.81614861906144      o
   -2.31797813019979      4.07099028639438      0.83318600747839      o
   -0.00000062411048      0.00000020426484      0.00000037270306      pu
   -0.01057465838558      0.73016692289467     -3.24285359041462      o
   -2.33038289911758     -4.06658147041976     -0.81614837618932      o
   -0.00821563406989     -5.79148263846621     -0.93034768667030      s
    0.00207089679617     -7.13750034635115      2.22792496743659      c
    0.01057757352855     -0.73016775874361      3.24285429471482      o
    2.31797704750092     -4.07098961462357     -0.83318615961973      o
    1.69742076485685     -8.29076493465772      2.43461964746321      h
    0.00865345924689     -5.55103304157069      3.54358883779348      h
   -1.69411664183842     -8.28716999785063      2.44733965935769      h
    1.69411678838043      8.28716972523635     -2.44733942937474      h
   -0.00865299578397      5.55103283441288     -3.54358898166924      h
   -1.69742056834354      8.29076487615957     -2.43462068355955      h
  0.16461189236150D-05  -.33316952704254D-04  0.35979327941860D-04
  0.20567722573972D-05  0.10820364116171D-03  -.54473540275879D-04
  0.30066620514191D-04  -.12087865738586D-04  0.34210871032503D-04
  -.39164119616686D-04  0.13839812349481D-04  0.43027239013504D-04
  -.62699566161228D-06  0.40037800630444D-07  -.10158977303831D-06
  -.46851367782597D-05  0.21240227960284D-03  0.16475797213289D-03
  -.30097387824668D-04  0.12065055374322D-04  -.34269910213491D-04
  -.20638069901935D-05  -.10814945270354D-03  0.54528519699559D-04
  -.16046715978213D-05  0.33295640905706D-04  -.36017812769185D-04
  0.53155401146254D-05  -.21245073611142D-03  -.16461108265275D-03
  0.39178942277118D-04  -.13872251741986D-04  -.43035741455144D-04
  0.57994974773656D-05  0.11471800438922D-04  0.39931671529381D-05
  0.10880772850913D-05  0.83709549842936D-05  0.29236152560674D-04
  -.60877063439158D-05  0.13348710297567D-04  0.86595737269768D-05
  0.60859736970009D-05  -.13350825546654D-04  -.86541434826115D-05
  -.10911596085572D-05  -.83269383299722D-05  -.29254318193228D-04
  -.58121585699844D-05  -.11484139825546D-04  -.39761967546292D-05
  cycle =     11    SCF energy =    -1881.0864976190   |dE/dxyz| =  0.000248
   -0.00208095741293      7.14042916220652     -2.22791835446749      c
    0.00821433839624      5.79136387769551      0.92908839871207      s
    2.33042664685367      4.06673136521187      0.81309530682808      o
   -2.31793161590486      4.07098501587039      0.83006061411514      o
   -0.00000066079305      0.00000071759611      0.00000059111583      pu
   -0.01050346195026      0.72701346306414     -3.24376624181877      o
   -2.33042792579845     -4.06673008762890     -0.81309467682367      o
   -0.00821555308189     -5.79136246744030     -0.92908802460696      s
    0.00207964323238     -7.14043024472315      2.22791769292757      c
    0.01051291687839     -0.72701291492252      3.24376720623498      o
    2.31793031618365     -4.07098350358934     -0.83005988889555      o
    1.69741491398727     -8.29387346248001      2.43371280135407      h
    0.00872478692162     -5.55501347355943      3.54483290297200      h
   -1.69414557071785     -8.29020324919741      2.44648718679787      h
    1.69414157435973      8.29020618442599     -2.44648661780452      h
   -0.00872054531367      5.55501152538300     -3.54483251068392      h
   -1.69741884584000      8.29386809208755     -2.43371638595669      h
  0.19296348162112D-05  -.98751722568124D-05  0.54266508308309D-04
  0.24107759344361D-06  0.12547555279241D-05  0.59300289777298D-04
  0.21173946468167D-04  0.16049352247194D-06  -.52612746448411D-04
  -.24759785416606D-04  0.14188584850139D-04  -.46774063774180D-04
  -.10242991734799D-05  0.63098799074623D-07  0.63953081053114D-07
  0.12544953689186D-05  -.12604197710830D-03  0.11020278297025D-04
  -.21155947500517D-04  -.20186213056661D-06  0.52551527714551D-04
  -.27900235366474D-06  -.12127611448420D-05  -.59180596391428D-04
  -.19365992240949D-05  0.97988727407738D-05  -.54298867455671D-04
  -.23741636645536D-06  0.12602488029145D-03  -.11097120982129D-04
  0.24825442615395D-04  -.14123175957170D-04  0.46747884242748D-04
  0.82180158811340D-05  0.46934762263362D-05  -.38365573516996D-05
  0.18316425880460D-05  -.24987252623454D-04  0.34092419687326D-04
  -.90120216036382D-05  0.66430001908202D-05  0.16300509004807D-05
  0.89526436566345D-05  -.66123357198578D-05  -.15999733613548D-05
  -.17560090116997D-05  0.24976194880288D-04  -.34080061092290D-04
  -.82536758290175D-05  -.47491304320246D-05  0.38048938018065D-05
  cycle =     12    SCF energy =    -1881.0864979750   |dE/dxyz| =  0.000163
   -0.00207036887060      7.13951811912901     -2.22792869200890      c
    0.00826703623449      5.79140552505770      0.92954429301977      s
    2.33040280022969      4.06667022781733      0.81411280444926      o
   -2.31783261156351      4.07097088841542      0.83115667835150      o
    0.00000099683317     -0.00000028770168     -0.00000023189644      pu
   -0.01054504351306      0.72772880991129     -3.24366845587353      o
   -2.33039980271863     -4.06667166430135     -0.81411325258601      o
   -0.00826355747167     -5.79140638020153     -0.92954448213535      s
    0.00207436046305     -7.13951752723388      2.22792913842117      c
    0.01051856169712     -0.72772966112210      3.24366797719367      o
    2.31783539719892     -4.07097088644256     -0.83115733429413      o
    1.69747284947123     -8.29279620712812      2.43408173498150      h
    0.00856181951796     -5.55362478222694      3.54423736065291      h
   -1.69404489375008     -8.28938995975700      2.44676399653442      h
    1.69406090998540      8.28937137604741     -2.44677068347610      h
   -0.00858178399382      5.55362614875917     -3.54423769256230      h
   -1.69745666974967      8.29281626097787     -2.43407315877141      h
  -.24304585588553D-06  -.14985385426769D-04  0.16747556262686D-04
  0.25530224991854D-05  0.52005181768067D-04  -.29984924839965D-04
  0.42128135717689D-05  -.58931562829656D-05  0.19067460175437D-04
  -.97345091418788D-05  0.15933537948598D-04  0.28315697499171D-04
  0.27335083521152D-05  -.74437771502289D-07  0.52164857322623D-07
  -.64098125918122D-05  0.77138191435289D-04  0.36002237994381D-04
  -.43171846684231D-05  0.59597814914270D-05  -.19045991306310D-04
  -.24391470070384D-05  -.52064972464905D-04  0.29975867370524D-04
  0.32646272618564D-06  0.15017725469413D-04  -.16721782191809D-04
  0.37352367039389D-05  -.77106230237600D-04  -.36029535827709D-04
  0.96187085176780D-05  -.15991500983858D-04  -.28356062055312D-04
  0.20859406799634D-05  0.94569788959831D-05  0.48377807931876D-05
  -.45645000149031D-06  0.18201600020529D-05  0.10074616767275D-04
  -.18551409612932D-05  0.82988144631813D-05  0.81685764452555D-05
  0.19495339218523D-05  -.84414226293461D-05  -.82407445325394D-05
  0.20907016737293D-06  -.17967905239225D-05  -.10087960613969D-04
  -.20016386326205D-05  -.92783240566163D-05  -.47710923112287D-05
  cycle =     13    SCF energy =    -1881.0864985200   |dE/dxyz| =  0.000141
   -0.00210384455254      7.13989313472400     -2.22795155498699      c
    0.00816099596253      5.79133936337802      0.92935242094354      s
    2.33035513233226      4.06669664869581      0.81377130962411      o
   -2.31791992169433      4.07089597425840      0.83066479264988      o
   -0.00000254444921      0.00000045346632      0.00000045679337      pu
   -0.01042745696760      0.72746230081949     -3.24375013217761      o
   -2.33036185664331     -4.06669485214402     -0.81377008701320      o
   -0.00816866607406     -5.79133855853215     -0.92935231740914      s
    0.00209681610762     -7.13989377661113      2.22795109201791      c
    0.01047783172183     -0.72746196406867      3.24375080426982      o
    2.31791304948409     -4.07089610021748     -0.83066501464519      o
    1.69729571427233     -8.29350565086857      2.43389136546175      h
    0.00893562298168     -5.55409128778787      3.54436306267081      h
   -1.69421101372066     -8.28949637374126      2.44674550003760      h
    1.69417710063683      8.28953889440700     -2.44672715737776      h
   -0.00888712372036      5.55409006895288     -3.54436309766514      h
   -1.69732983567711      8.29346172526926     -2.43391144319374      h
  0.20994363447713D-05  -.95775644552987D-05  0.15314729282068D-04
  -.89117748736101D-07  0.33149478213090D-04  -.24703724470498D-04
  0.95489638951562D-05  -.35459712339758D-05  0.13701784158826D-04
  -.12913387571700D-04  0.13362096241920D-04  0.18927535095692D-04
  -.56005834494499D-05  0.91386347378375D-07  -.34058359688061D-07
  0.26605609033670D-05  0.74221972291566D-04  0.34995681705396D-04
  -.93046661362450D-05  0.33201241276259D-05  -.13819994691744D-04
  -.21069934419415D-06  -.33105910326015D-04  0.24745503475643D-04
  -.22894648905591D-05  0.95230402399338D-05  -.15307534654063D-04
  0.28412106705122D-05  -.74270643517504D-04  -.34981246002985D-04
  0.13104785001161D-04  -.13108122298711D-04  -.18851251487817D-04
  0.33639251650897D-06  0.37169419400129D-05  0.25687252188655D-05
  0.41010293412302D-05  0.58642561473476D-07  0.68820165060046D-05
  -.29699879373624D-05  0.83867367473012D-05  0.77206429294208D-05
  0.27261667456813D-05  -.79952657126015D-05  -.75141496012066D-05
  -.34222436232634D-05  -.92470676893441D-07  -.68698667847755D-05
  -.55561326117726D-06  -.41323193089582D-05  -.27830113187299D-05
  cycle =     14    SCF energy =    -1881.0864982820   |dE/dxyz| =  0.000152
   -0.00208059019422      7.13994133266916     -2.22795211814612      c
    0.00822855291899      5.79133551037565      0.92933113489452      s
    2.33040768247161      4.06667887343694      0.81367424200776      o
   -2.31786515835154      4.07090901267929      0.83065714649030      o
   -0.00000031009981      0.00000008565861      0.00000016420713      pu
   -0.01053138464573      0.72740025008301     -3.24377021694491      o
   -2.33040834908933     -4.06667878181694     -0.81367417920582      o
   -0.00822928749766     -5.79133546497342     -0.92933120966536      s
    0.00207968640208     -7.13994137919892      2.22795202695014      c
    0.01053737825724     -0.72740049822319      3.24377048875545      o
    2.31786436324552     -4.07090893428234     -0.83065713539364      o
    1.69741179295455     -8.29334783194824      2.43394434459454      h
    0.00866841746502     -5.55414605617642      3.54437375147711      h
   -1.69409449336654     -8.28975751343121      2.44666178368441      h
    1.69409476067492      8.28975554207231     -2.44666251419578      h
   -0.00867158211995      5.55414611348719     -3.54437392632670      h
   -1.69741147902516      8.29334973958854     -2.43394378318299      h
  -.10249812030239D-05  -.99657894492289D-05  0.16893367293935D-04
  0.51046199942562D-05  0.33044772187907D-04  -.29543949805699D-04
  0.69739104517907D-05  -.38014814656151D-05  0.15094672073168D-04
  -.12893602944430D-04  0.12933195565168D-04  0.23874649241140D-04
  0.23033799525507D-05  -.50609273216651D-07  -.40675786294742D-07
  -.12550691691704D-04  0.82819546069146D-04  0.27097231458661D-04
  -.69479103417258D-05  0.36947169963497D-05  -.15146880646189D-04
  -.50477854891540D-05  -.33054286198819D-04  0.29564016184480D-04
  0.14520575244426D-05  0.99554865400364D-05  -.16876482980877D-04
  0.10238025098808D-04  -.82774849717637D-04  -.27059800210338D-04
  0.12915565214655D-04  -.12826590000792D-04  -.23854483693242D-04
  0.30314076395754D-05  0.67926405167285D-05  0.45874735634666D-05
  -.24400024648541D-05  0.22651880680069D-05  0.71169524131776D-05
  -.14606816853835D-05  0.31866717336015D-05  0.68153929293491D-05
  0.15926828913493D-05  -.37206999985440D-05  -.69796726533955D-05
  0.16498759680683D-05  -.22531313068619D-05  -.71278554831800D-05
  -.28884867431245D-05  -.62449479085736D-05  -.44152507515660D-05
  cycle =     15    SCF energy =    -1881.0864981550   |dE/dxyz| =  0.000367
   -0.00188659208365      7.14226992181639     -2.22800559556057      c
    0.00888911021729      5.79112347841076      0.92835735725913      s
    2.33094620855007      4.06655486255374      0.81083723907279      o
   -2.31717736618609      4.07083451546886      0.82854567265266      o
    0.00005834621946     -0.00000866575062     -0.00000606412438      pu
   -0.01136662299390      0.72447511948893     -3.24464766374053      o
   -2.33083770920967     -4.06656947974330     -0.81084138872476      o
   -0.00878086041373     -5.79114096855024     -0.92836189258114      s
    0.00200166665410     -7.14225554162776      2.22801374932731      c
    0.01052532811807     -0.72449102793128      3.24463913782978      o
    2.31728614321851     -4.07085481198698     -0.82856213611915      o
    1.69841547349347     -8.29409995498915      2.43378072650070      h
    0.00654018938930     -5.55689368540790      3.54493535221793      h
   -1.69301470436883     -8.29401216910194      2.44542312466788      h
    1.69336266267475      8.29365814449355     -2.44556101516217      h
   -0.00689479803029      5.55692267088801     -3.54494278727756      h
   -1.69806647524888      8.29448759196896     -2.43360381623789      h
  -.17781225738922D-04  0.25771777775851D-04  -.26613131956843D-04
  0.16403370901585D-04  -.68816805880445D-04  0.51020238505117D-04
  -.20403795481627D-04  -.27556626633896D-05  -.49669443057621D-04
  0.17860786404533D-04  0.11853618854474D-04  -.21031306293384D-04
  0.10706557042361D-03  -.14263440206719D-06  -.38303130267536D-06
  -.97702947926881D-04  -.16496722928050D-03  -.11653980102011D-03
  0.17051158877734D-04  0.45365259691010D-05  0.50513446315126D-04
  -.15122425599756D-04  0.68038177916563D-04  -.51919860466043D-04
  0.19779128566988D-04  -.25279786692423D-04  0.26826513113143D-04
  -.63042136846381D-05  0.16511866621549D-03  0.11715406682811D-03
  -.21309127909319D-04  -.14084618706001D-04  0.20698510002859D-04
  0.77245337832821D-05  0.11712068061609D-04  0.86427948930989D-06
  -.33371875523991D-04  -.17809234496013D-05  -.21783470231185D-04
  0.14131337792378D-04  -.31113987129849D-04  -.13183864073785D-04
  -.10692210612895D-04  0.27118178340224D-04  0.10695715094156D-04
  0.25982921077750D-04  0.21764452051709D-05  0.21740385347080D-04
  -.43969550830303D-05  -.74300603161159D-05  0.17530983049685D-05
  cycle =     16    SCF energy =    -1881.0864982970   |dE/dxyz| =  0.000341
   -0.00211526169730      7.14052383293125     -2.22797533256012      c
    0.00823496595914      5.79125259547553      0.92907744919015      s
    2.33041855610352      4.06667066641943      0.81302920510350      o
   -2.31782250150143      4.07082679439710      0.83004664609852      o
   -0.00004246725892     -0.00000013311569      0.00000065375885      pu
   -0.01028945341895      0.72667763914681     -3.24398962262970      o
   -2.33049365703665     -4.06667386328008     -0.81303869496209      o
   -0.00830677334081     -5.79125186242331     -0.92907705133503      s
    0.00202100931989     -7.14052405884035      2.22797510251814      c
    0.01094467629069     -0.72667722341014      3.24398850045415      o
    2.31774835729828     -4.07082337574257     -0.83003580430164      o
    1.69742784828434     -8.29385057967906      2.43382135897192      h
    0.00842904854805     -5.55484452511046      3.54454137861579      h
   -1.69405308585303     -8.29054406790228      2.44640929319924      h
    1.69397573484912      8.29051281236814     -2.44643466738167      h
   -0.00857195934530      5.55484412385958     -3.54454123110399      h
   -1.69750503720064      8.29388122490614     -2.43379718363602      h
  0.11956321279261D-04  -.56645870527561D-05  -.24009538601710D-05
  -.54581633115447D-05  0.39481176493439D-04  -.66524932622158D-04
  0.51368629172543D-05  -.70008503030294D-05  0.50384990875063D-04
  -.38714389098971D-05  0.76202965944017D-05  0.43366083667173D-04
  -.12606645040947D-03  -.90474177483202D-07  0.53794153487274D-06
  0.69097969915610D-04  0.17714899679921D-03  0.55555146811770D-04
  -.20746964501939D-05  0.33144833748722D-05  -.51831083009990D-04
  0.15767327639082D-05  -.38937042919684D-04  0.66465651684666D-04
  -.12744774453344D-04  0.57624544567147D-05  0.22041436427145D-05
  0.55462714888321D-04  -.17711653228902D-03  -.56104822753866D-04
  0.70537570593387D-05  -.41044674041757D-05  -.41716958447235D-04
  -.72562790864872D-05  -.10778011290791D-04  0.29004741145533D-05
  0.20018428451007D-04  0.15514847592102D-04  -.34871812291115D-05
  -.38259657832995D-05  0.18664202212193D-04  0.12594159392032D-04
  0.22387524123424D-05  -.15784999160662D-04  -.11621179746291D-04
  -.16139543847271D-04  -.15736652707932D-04  0.36411906303435D-05
  0.57300994404930D-05  0.77413296457607D-05  -.40672724480606D-05
  cycle =     17    SCF energy =    -1881.0864986880   |dE/dxyz| =  0.000153
   -0.00205939516886      7.14081142580403     -2.22797894754746      c
    0.00836376629541      5.79122621930821      0.92895241856743      s
    2.33053653598454      4.06665721349467      0.81266726073932      o
   -2.31769646318417      4.07082127302125      0.82977333814452      o
    0.00000665950557     -0.00000075358264     -0.00000047464777      pu
   -0.01060504585601      0.72632366917947     -3.24408028103212      o
   -2.33051862216626     -4.06665896761782     -0.81267433493746      o
   -0.00834422330550     -5.79122704315373     -0.92895231689713      s
    0.00205847697449     -7.14081066384233      2.22797951414635      c
    0.01055948602238     -0.72632410929051      3.24407961142220      o
    2.31771522113936     -4.07082205719654     -0.82976778859290      o
    1.69759453788363     -8.29395587647313      2.43376736693557      h
    0.00824466871205     -5.55521719474584      3.54465104418069      h
   -1.69388210627539     -8.29105715142146      2.44626764583950      h
    1.69393787253860      8.29096312713687     -2.44631636786035      h
   -0.00837305648216      5.55521918346650     -3.54465147353340      h
   -1.69753831261767      8.29405170591304     -2.43371621492700      h
  0.94513343817937D-07  -.14507403580666D-05  0.62104215528547D-06
  0.42699458298046D-05  0.12463044654965D-04  -.28763658576736D-04
  -.74401335226071D-06  -.59323183148052D-05  0.17978947042918D-04
  -.21549997910597D-05  0.81906169242529D-05  0.23979675514818D-04
  0.18710335780714D-04  -.81655450401286D-07  0.43149457340519D-07
  -.96205542650107D-05  0.95527086382052D-04  0.14019611061400D-04
  0.72402489337264D-06  0.53370570842759D-05  -.18036335685867D-04
  -.49665831340917D-05  -.12345632299571D-04  0.28894742994723D-04
  0.14321943142548D-06  0.14190063115649D-05  -.66070488413672D-06
  -.85433659674505D-05  -.95408133591324D-04  -.14079946087264D-04
  0.22743026164562D-05  -.77448188537943D-05  -.23946158247412D-04
  0.18540027779679D-06  -.67584896790152D-06  0.26168486644274D-05
  0.76694504844155D-06  0.83843811964357D-05  -.20360480483816D-05
  -.42885315965080D-06  0.54005219229936D-06  0.52817919917736D-05
  0.49307945459987D-06  -.74392760818220D-06  -.53495164029638D-05
  -.11458325324121D-05  -.83456636313373D-05  0.20085955849680D-05
  -.12171541730055D-06  0.86532589227417D-06  -.25631149236371D-05
  cycle =     18    SCF energy =    -1881.0864985790   |dE/dxyz| =  0.000152
   -0.00205761343823      7.14083187230822     -2.22797916824356      c
    0.00836906665532      5.79122445116863      0.92894359461062      s
    2.33054133211230      4.06665680994526      0.81264232086410      o
   -2.31769087526827      4.07082038503592      0.82975352085485      o
    0.00000759263417     -0.00000077915752     -0.00000051509433      pu
   -0.01061387302918      0.72629684363337     -3.24408715266121      o
   -2.33052163818721     -4.06665852876538     -0.81264940034628      o
   -0.00834778037992     -5.79122533442487     -0.92894349856104      s
    0.00205825981460     -7.14083106910058      2.22797977305659      c
    0.01055591744856     -0.72629733000881      3.24408645190598      o
    2.31771141179398     -4.07082131006551     -0.82974807034903      o
    1.69760198509445     -8.29396555409312      2.43376379473219      h
    0.00823022356920     -5.55524362086995      3.54465864326252      h
   -1.69387428067251     -8.29109158600083      2.44625694886326      h
    1.69393274627413      8.29099574106426     -2.44630642781675      h
   -0.00835942069539      5.55524570378517     -3.54465909238248      h
   -1.69754305372600      8.29406330554576     -2.43371172269544      h
  -.44329504977902D-06  -.11576274179248D-05  0.23594822913253D-05
  0.64163271922268D-05  0.10039780860893D-04  -.29854300350962D-04
  -.19031679627801D-05  -.42562243507405D-05  0.18863934942992D-04
  -.17686659603555D-05  0.74645619285718D-05  0.24435431209113D-04
  0.90563162440382D-05  -.17487316661402D-06  -.25957902494156D-07
  -.84164541544474D-05  0.96374295417867D-04  0.54139309355605D-05
  0.14928113429846D-05  0.50625755554368D-05  -.18283163524035D-04
  -.47774822293789D-05  -.99343465613799D-05  0.29947615040271D-04
  0.63596631605378D-06  0.11641040646992D-05  -.23579794232731D-05
  -.95868189547987D-06  -.96202622631658D-04  -.53741529519868D-05
  0.14890708541770D-05  -.83640310650779D-05  -.25053997441127D-04
  0.91093022769329D-06  -.87592367847833D-06  0.31017630179875D-05
  -.58780557976590D-07  0.96294600258062D-05  -.14514210673333D-05
  -.89683798121243D-06  -.96262263094005D-06  0.53809847686548D-05
  0.61090700853583D-06  0.47996876961776D-06  -.52915972985623D-05
  -.22954254996765D-06  -.96529237589849D-05  0.13990531826380D-05
  -.12387059458163D-05  0.13635904134723D-05  -.31986421147323D-05
  cycle =     19    SCF energy =    -1881.0862522350   |dE/dxyz| =  0.005745
    0.00637064094407      7.21360871119812     -2.22831307921555      c
    0.02960229277976      5.78435493141024      0.89652762537151      s
    2.34921428907111      4.06438307055690      0.72229472643973      o
   -2.29534881915998      4.06746648129174      0.75738384502153      o
    0.00525963015226     -0.00014728619549     -0.00022964665652      pu
   -0.05629870549433      0.62837982403245     -3.26581849201915      o
   -2.33812835961691     -4.06505804020974     -0.72287439295746      o
   -0.01821438988327     -5.78470208533263     -0.89659059664690      s
    0.00494416807688     -7.21339733071308      2.22849968552086      c
   -0.02744607791978     -0.62848706854297      3.26579843143109      o
    2.30643811235848     -4.06742216411679     -0.75739128295714      o
    1.72786195436749     -8.32684763568407      2.42097057835372      h
   -0.04052271590356     -5.65099844357620      3.57151610253685      h
   -1.66082225358929     -8.41357586599186      2.40625185332569      h
    1.68288003402908      8.39763762067795     -2.41331444878716      h
    0.03071931567160      5.65107647006710     -3.57171778112802      h
   -1.70650911588362      8.34372881112835     -2.41299312763311      h
  -.18428241544940D-03  0.41603358154685D-03  -.89367411846997D-03
  0.44432566094033D-03  -.93932621563297D-03  0.39400361456465D-03
  -.80653148781451D-03  -.19338984416528D-03  -.19527095440441D-03
  0.65403890824101D-03  -.80036276364837D-03  -.27214319930469D-03
  0.38106095301700D-02  -.12565836923883D-04  -.18739108298860D-04
  -.18540822636508D-02  -.96499057709964D-03  -.43076082262417D-03
  0.46215852314901D-03  0.54580795755255D-03  0.34021730251599D-03
  0.15483013740436D-03  0.93179329824267D-03  -.39755668029073D-03
  0.80152895167496D-04  -.41231770027661D-03  0.88714888549823D-03
  -.19211602781830D-02  0.97847298542142D-03  0.45992550465002D-03
  -.10044829840510D-02  0.44854395830285D-03  0.14348565854139D-03
  -.12897379371468D-03  -.13964062107186D-03  -.86787524260612D-04
  -.85498391069860D-04  0.25908138892694D-03  -.50780821970031D-03
  0.18289737113486D-03  -.30352725785088D-03  -.21935216305735D-03
  -.15336256052945D-03  0.26673790662302D-03  0.19534356300499D-03
  0.10416341747321D-03  -.25837675626461D-03  0.50764356051625D-03
  0.15686970322837D-03  0.17993424746088D-03  0.11060894592374D-03
  cycle =     20    SCF energy =    -1881.0864931220   |dE/dxyz| =  0.000662
   -0.00172224785477      7.14475219794748     -2.22803846850812      c
    0.00945992536156      5.79102653607297      0.92722486850657      s
    2.33148417971723      4.06654801613332      0.80789397605651      o
   -2.31664785286967      4.07089801132288      0.82614416026693      o
    0.00004934247775     -0.00002019480774     -0.00003172897782      pu
   -0.01190362720859      0.72120889769922     -3.24512731110156      o
   -2.33106678020859     -4.06678246920473     -0.80815509894375      o
   -0.00892730478492     -5.79107496483676     -0.92722761578060      s
    0.00214527926012     -7.14471157010213      2.22807486374222      c
    0.00893364406637     -0.72127030246623      3.24506457579210      o
    2.31706758236133     -4.07075559118738     -0.82595507293700      o
    1.69953468669068     -8.29516609771041      2.43328540248067      h
    0.00490162112083     -5.56050500181886      3.54635377130596      h
   -1.69187676956709     -8.29816902995762      2.44403431662195      h
    1.69373424864455      8.29592450012095     -2.44504145460824      h
   -0.00749705974661      5.56058999353185     -3.54635754817381      h
   -1.69766886746019      8.29750706926321     -2.43214163574204      h
  -.10232249001652D-04  0.11269056667373D-04  -.43086731157160D-04
  0.17173892170930D-04  -.10877969156553D-04  -.11429118277562D-04
  -.19443897418370D-04  -.24032462637713D-04  0.45815312106789D-04
  0.15465829065420D-04  -.46692757400546D-04  0.42199263844189D-04
  0.81763178686245D-04  0.64804493149495D-06  0.19723187989484D-05
  -.25044286183995D-04  0.42222706194650D-03  0.15251185107701D-03
  0.15217933324152D-04  0.50255077432393D-04  -.34852137217323D-04
  0.18948304720823D-05  0.10438542261682D-04  0.98560554917526D-05
  0.52839419337758D-05  -.10874207626799D-04  0.42842158045175D-04
  -.65924864867339D-04  -.42330709327043D-03  -.15435609945413D-03
  -.20149455220775D-04  0.19961094356979D-04  -.51532653347230D-04
  -.68182674923811D-05  -.17522894637523D-05  -.26491075983959D-05
  -.65125464537852D-05  0.50765875099223D-05  -.26803603662362D-04
  0.10757637170400D-04  -.80279892726853D-05  -.62668564156931D-05
  -.79631021158155D-05  0.69724106184221D-05  0.42112402346417D-05
  0.13631015731708D-05  -.44234886369399D-05  0.27259893374876D-04
  0.97556287810274D-05  0.29521561182300D-05  0.47261946793942D-05
  cycle =     21    SCF energy =    -1881.0864942680   |dE/dxyz| =  0.000925
   -0.00062619535233      7.15614238278222     -2.22814448995168      c
    0.01263495981697      5.79077454558864      0.92230271930915      s
    2.33400972337137      4.06634035878179      0.79436988687165      o
   -2.31353786226523      4.07144271239414      0.81597924969813      o
    0.00004273571218     -0.00007132718251     -0.00012353064368      pu
   -0.01638457958743      0.70506808099957     -3.24845473703846      o
   -2.33239239167768     -4.06745062710259     -0.79550917800058      o
   -0.01043330776353     -5.79095137679862     -0.92230803295422      s
    0.00250754652839     -7.15600011076294      2.22828227894402      c
    0.00385789210623     -0.70527016047257      3.24821770769316      o
    2.31516781894430     -4.07066690506294     -0.81511177354560      o
    1.70510946868349     -8.29886484179450      2.43178137968652      h
   -0.00442789778711     -5.57584437751846      3.55120852953673      h
   -1.68607581909549     -8.31850003593824      2.43749386167045      h
    1.69329771424955      8.31022887106067     -2.44120900840758      h
   -0.00483663092108      5.57611569926559     -3.55122362151744      h
   -1.69791317496261      8.30750711176079     -2.42755124135062      h
  -.32587710330656D-04  0.57092603415576D-04  -.15055856608015D-03
  0.46054491313896D-05  -.68436832904695D-04  0.42317563631045D-04
  -.10079479101321D-03  -.96993582957339D-04  -.24175591981646D-04
  0.13507489172504D-03  -.14443191915170D-03  -.22884340920015D-05
  0.54683988506277D-03  0.24910153584301D-05  0.54757131842109D-05
  -.24381010506103D-03  -.27348286468243D-03  0.13557255559604D-03
  0.10102146789492D-03  0.12297849273590D-03  0.30197570764834D-04
  -.38244932834886D-04  0.67562461254056D-04  -.45861983920759D-04
  0.24475762722131D-04  -.56954297525280D-04  0.14897444421536D-03
  -.30416716195703D-03  0.26993820958854D-03  -.14035634022491D-03
  -.13588695163946D-03  0.11706766566544D-03  0.18184982053526D-06
  -.21523404044155D-04  0.27531128844460D-05  -.21283316672949D-04
  -.35241432148725D-04  -.12823730931366D-04  -.93018750773055D-04
  0.57572638070491D-04  -.26131403310981D-04  -.50618560738735D-04
  -.29352174266695D-04  0.29525541874520D-04  0.34350589318777D-04
  0.66650720446648D-05  0.15540442633633D-04  0.94960982354841D-04
  0.51170208402063D-04  -.63144782664892D-05  0.37841133681882D-04
  cycle =     22    SCF energy =    -1881.0864962360   |dE/dxyz| =  0.000619
   -0.00098260965902      7.15283734005314     -2.22807825015451      c
    0.01145558898231      5.79104692257446      0.92372989781488      s
    2.33303223540654      4.06654256620125      0.79841250765468      o
   -2.31474031727092      4.07151620604268      0.81890204449487      o
   -0.00014106541072     -0.00005348616920     -0.00010321386584      pu
   -0.01490086647116      0.70952121773735     -3.24751734218110      o
   -2.33188030242053     -4.06757573431424     -0.79946617543726      o
   -0.00974110918976     -5.79118418747758     -0.92372652542978      s
    0.00239306223783     -7.15273300235993      2.22818986240594      c
    0.00574628608960     -0.70965485559697      3.24732180222190      o
    2.31590457306496     -4.07074246655292     -0.81806368950403      o
    1.70268003476921     -8.29908598558573      2.43168413646408      h
   -0.00014137612805     -5.57151591183273      3.54992990585529      h
   -1.68864211147738     -8.31127585886071      2.43979586715137      h
    1.69321849143080      8.30636863609917     -2.44201784146018      h
   -0.00515687387616      5.57173344696674     -3.54994072066932      h
   -1.69810364007756      8.30425515307526     -2.42905226536105      h
  -.15542364983467D-04  0.21830587712657D-04  -.11759618779372D-03
  -.15495591739523D-04  0.56727973728243D-04  -.80379354926663D-04
  -.60020587149268D-04  -.88341269222525D-04  0.80611677004683D-04
  0.90229381397577D-04  -.12687658710320D-03  0.64918518455137D-04
  0.95700097670459D-04  0.39879200457449D-05  0.47886939640307D-05
  -.49755096021453D-04  0.22588004133883D-03  0.22328930493387D-03
  0.67331925123426D-04  0.10360202386828D-03  -.76253234670309D-04
  -.18469372246699D-04  -.55583332702724D-04  0.78425299260054D-04
  -.18829797203690D-04  -.22597419008008D-04  0.11565688730064D-03
  -.53816596897849D-04  -.23102201072689D-03  -.22753029234579D-03
  -.83179462484040D-04  0.11113299195209D-03  -.66256650367524D-04
  -.38247532013536D-04  -.33447475500825D-04  -.21119634001199D-04
  0.40267283509532D-04  0.16004940897041D-04  -.78532234624618D-04
  0.24839376738583D-04  0.36097899958065D-04  -.12903105869988D-04
  -.23897069264756D-04  0.76168120504150D-05  0.18857438619513D-04
  0.79413189486566D-05  -.14144253109194D-04  0.80237066541144D-04
  0.41071563676276D-04  -.11339247041775D-04  0.15009258935272D-04
  cycle =     23    SCF energy =    -1881.0864966140   |dE/dxyz| =  0.000488
   -0.00103973901380      7.15445486994692     -2.22804536978092      c
    0.01205905000538      5.79103277523662      0.92295641907066      s
    2.33349614092601      4.06639685956007      0.79612723366711      o
   -2.31456087724697      4.07208096678414      0.81751969764801      o
   -0.00056525093382     -0.00007131643857     -0.00013952985779      pu
   -0.01396925496176      0.70795326391483     -3.24790795608202      o
   -2.33215203135059     -4.06808922632945     -0.79789663604496      o
   -0.00967377091973     -5.79122263256540     -0.92295148957457      s
    0.00237611129639     -7.15432894092214      2.22819509577524      c
    0.00514726302571     -0.70805769397912      3.24765104243639      o
    2.31592217232517     -4.07074228461579     -0.81604219923460      o
    1.70623215036087     -8.29504969464710      2.43346443461067      h
   -0.00730141433977     -5.57400300210417      3.55103168860431      h
   -1.68513367706311     -8.31860469543602      2.43681369376471      h
    1.69634975072505      8.30290506325126     -2.44405238850561      h
   -0.01215194282197      5.57424678172895     -3.55100669241744      h
   -1.69503468001306      8.31109890661500     -2.42571704407925      h
  -.30361065177509D-05  0.24561932434608D-04  -.78226315396890D-04
  -.19771598975815D-04  -.16081348849895D-04  0.31730896061788D-04
  -.29145768490224D-04  -.71768024399788D-04  -.24286311711919D-04
  0.79574627168455D-04  -.11001175519354D-03  -.43014040240763D-05
  0.26291494976860D-03  -.28272427385900D-05  0.10370934973025D-05
  -.93943230960569D-04  -.75675990498070D-04  0.13327793111273D-03
  0.51540056965393D-04  0.99365198094503D-04  0.29127806105311D-04
  -.40482357178462D-04  0.16186848149857D-04  -.32121875205959D-04
  0.31710058467249D-04  -.24912107550179D-04  0.77045488446004D-04
  -.17517187012706D-03  0.77939885873235D-04  -.13448128474636D-03
  -.58008880870375D-04  0.81406296498887D-04  0.13232825875065D-05
  -.54882025608549D-05  0.20306504484591D-04  -.16263168677533D-04
  -.44568094397235D-04  -.12007693711347D-04  -.45365962860866D-04
  0.34797764160266D-04  -.22537734265970D-04  -.41273978607981D-04
  -.89762913249025D-05  0.20440845305281D-05  0.19151839411480D-04
  -.22417484832588D-04  0.13566128737708D-04  0.45707914708482D-04
  0.31931222326698D-04  0.55070906501697D-07  0.38886386970249D-04
  cycle =     24    SCF energy =    -1881.0864968830   |dE/dxyz| =  0.000473
   -0.00096426908770      7.15475369216517     -2.22803598471860      c
    0.01193052659844      5.79119083664976      0.92284521334779      s
    2.33335655573371      4.06652481849610      0.79598806899798      o
   -2.31477593737543      4.07235689382595      0.81727470295940      o
   -0.00073395105690     -0.00007320837126     -0.00015046707775      pu
   -0.01438344663246      0.70766811229318     -3.24799953883924      o
   -2.33211851545416     -4.06840913995639     -0.79782205904918      o
   -0.00952298966185     -5.79139054549586     -0.92283678214933      s
    0.00241567860208     -7.15462021373641      2.22819753119215      c
    0.00522087403309     -0.70778335381497      3.24772055733065      o
    2.31603118853502     -4.07084211280984     -0.81575243366828      o
    1.70445903869839     -8.29829673115938      2.43212021181977      h
   -0.00349517677923     -5.57450326985185      3.55133249466394      h
   -1.68698773201667     -8.31596028105013      2.43802053595248      h
    1.69483759996970      8.30580199679659     -2.44271088529509      h
   -0.00865218318747      5.57477753868820     -3.55132638648513      h
   -1.69661726091857      8.30880496733118     -2.42686477898161      h
  -.28766544057035D-04  0.15278154046783D-04  -.52062035243328D-04
  -.19678102061604D-04  -.10612795848353D-04  0.28310401864129D-04
  -.25057944904816D-04  -.71830951513085D-04  -.25585836698649D-04
  0.67203334303656D-04  -.95255439712005D-04  -.59811209167648D-05
  0.28575365393557D-03  -.14082987362940D-05  0.55194184866991D-06
  -.13879832235597D-03  -.97450574640057D-04  0.97625287025949D-04
  0.41977428644202D-04  0.80206379395875D-04  0.24442054195273D-04
  -.33191910857155D-04  0.10497235368945D-04  -.28221596510392D-04
  -.53712701553188D-05  -.16052226381902D-04  0.51495320037453D-04
  -.15287047174661D-03  0.98904941712163D-04  -.98177023026835D-04
  -.50565857758755D-04  0.86066546363561D-04  0.75062537638892D-05
  -.16548119826432D-04  -.19817703672986D-04  -.34225245577835D-04
  0.24780193307844D-04  -.15143689794606D-04  -.29124645564593D-04
  0.98054292383409D-05  0.17185364943995D-04  -.20819443620423D-04
  -.18917563427312D-04  0.37820988411319D-04  0.34967517540840D-04
  0.43308715355073D-04  0.16998145046854D-04  0.29091984261598D-04
  0.84354494617189D-05  -.35800951941445D-04  0.21199904560731D-04
  cycle =     25    SCF energy =    -1881.0864979020   |dE/dxyz| =  0.000243
   -0.00099231496328      7.15420675521568     -2.22799779828985      c
    0.01119992206148      5.79178001299615      0.92319767281872      s
    2.33242898517820      4.06675977806637      0.79730529186270      o
   -2.31587913400011      4.07337225168202      0.81800646710755      o
   -0.00170040301756     -0.00006200488203     -0.00015567817970      pu
   -0.01423461207470      0.70857377996512     -3.24792013904780      o
   -2.33159395597677     -4.06964363821069     -0.79970351641258      o
   -0.00838840056308     -5.79196801661639     -0.92317797264581      s
    0.00256076415971     -7.15407917620912      2.22816557729880      c
    0.00601880506402     -0.70869927732593      3.24761873955836      o
    2.31673610804380     -4.07082894160004     -0.81591946928075      o
    1.70441185755146     -8.29797938667045      2.43268450015725      h
   -0.00321261131010     -5.57406458788991      3.55150745001229      h
   -1.68718520366988     -8.31501025059344      2.43807837896453      h
    1.69708342374585      8.30162821112128     -2.44414439014705      h
   -0.01275708863937      5.57432910379071     -3.55146468582165      h
   -1.69449614158969      8.31168538716073     -2.42608042795505      h
  0.24580263047747D-04  -.91278728455713D-05  -.24223390004963D-05
  -.23225313448449D-04  0.28200810710644D-04  0.23531405255461D-04
  -.25066832165521D-05  -.41559022502913D-04  -.15375082240254D-04
  0.39037592244995D-04  -.61527509653825D-04  0.21391160238693D-05
  0.12888974132608D-03  0.13026663197024D-05  -.13202544835167D-06
  -.68220212207759D-04  -.44201776581154D-04  0.55494787073229D-04
  0.25119962050013D-04  0.45820752919035D-04  0.11225546835636D-04
  -.21232665446291D-04  -.27850152170217D-04  -.22070174177102D-04
  0.18103927343027D-04  0.75073797347613D-05  0.24089168340069D-05
  -.68131939822802D-04  0.43175918262861D-04  -.56163393558961D-04
  -.15603392910180D-04  0.57353448155162D-04  0.15223460074765D-05
  0.10682495870107D-05  0.25570587379953D-04  -.21881373624355D-04
  -.22808754756576D-04  -.21792012259714D-04  0.36076483604930D-05
  -.20859410372331D-05  -.12532437163593D-04  -.18331820149209D-04
  0.68762919402943D-06  -.14208883933886D-04  0.11171709676017D-04
  -.16364715552608D-04  0.22309030016210D-04  -.41124945413529D-05
  -.26767635297187D-05  0.11489455002955D-05  0.29975276037209D-04
  cycle =     26    SCF energy =    -1881.0864986510   |dE/dxyz| =  0.000122
   -0.00102767848441      7.15414822140996     -2.22800973724528      c
    0.01091099046074      5.79230835463911      0.92331552175819      s
    2.33189039604257      4.06688502214242      0.79802202436361      o
   -2.31663201454266      4.07446393498632      0.81841311770819      o
   -0.00257892190266     -0.00006120831532     -0.00014837969946      pu
   -0.01299152440579      0.70930039706728     -3.24783550074117      o
   -2.33177790264081     -4.07055834688978     -0.80056325847703      o
   -0.00818862821333     -5.79249867523123     -0.92329566504968      s
    0.00278108269067     -7.15402250240943      2.22817347092882      c
    0.00602283331158     -0.70939738411856      3.24754700809218      o
    2.31676598404046     -4.07113318944012     -0.81617503978236      o
    1.70336522120201     -8.30001891926594      2.43201358811627      h
   -0.00020224739418     -5.57396439557904      3.55150798847948      h
   -1.68829589312153     -8.31277670028555      2.43934546525014      h
    1.69696289637922      8.30172505111655     -2.44417216123086      h
   -0.01233326386671      5.57422535414360     -3.55146271336474      h
   -1.69467132955518      8.31137498602980     -2.42667572910634      h
  0.13087033543635D-04  -.16190737959221D-04  0.38895477716405D-04
  -.11666154282608D-04  0.30121254532389D-04  0.90774204686284D-06
  0.23331253888870D-04  -.24390589423717D-04  -.81079757110469D-05
  0.84232314403465D-05  -.16527758416096D-04  0.11025650829444D-04
  0.21536387420085D-05  -.62272332002067D-06  -.10193818056337D-05
  0.21778715018073D-04  -.23420483081793D-04  0.77771114348479D-06
  -.46642586930545D-05  0.19110133903766D-04  -.20375681308860D-06
  -.16505935864330D-04  -.30579673541808D-04  -.85512092518059D-07
  0.65879196519125D-05  0.15106653572960D-04  -.38420484403723D-04
  -.32133290470138D-04  0.24654377438260D-04  -.10501732461421D-05
  0.10222999069498D-04  0.21870437246108D-04  -.24470488773076D-05
  0.12934358454508D-04  0.16735283663749D-04  -.16249411534996D-04
  -.10872516695057D-04  -.24016024722684D-04  0.16390355896512D-04
  -.59767159075186D-05  -.37672941921585D-05  -.94522522160467D-05
  0.44710491318156D-05  -.11993206556316D-04  0.84887755675833D-05
  -.83452658911631D-05  0.24148296033921D-04  -.16721845402135D-04
  -.15015620458581D-04  -.52766276659177D-06  0.17420542762991D-04
  cycle =     27    SCF energy =    -1881.0864986360   |dE/dxyz| =  0.000106
   -0.00097561138253      7.15413262983320     -2.22802448599732      c
    0.01048225368881      5.79246242769416      0.92337294593596      s
    2.33148003128578      4.06705321500742      0.79845469588165      o
   -2.31708427959680      4.07463378816668      0.81830269635705      o
   -0.00276257980505     -0.00005688343685     -0.00013334345434      pu
   -0.01342820852525      0.70957889171995     -3.24777828540015      o
   -2.33161234478559     -4.07086650905521     -0.80085725839191      o
   -0.00787251572346     -5.79263771117361     -0.92335471055921      s
    0.00287535132428     -7.15401390061758      2.22817420080394      c
    0.00644730657885     -0.70967203345156      3.24751900186699      o
    2.31697345644816     -4.07113781588888     -0.81618093567527      o
    1.70273400208327     -8.30113505411852      2.43183561413409      h
    0.00117852424157     -5.57380034065229      3.55132619983276      h
   -1.68890794499554     -8.31164089699389      2.43978296038732      h
    1.69715307159098      8.30154263771865     -2.44408749730588      h
   -0.01222347572175      5.57404508122800     -3.55128186336647      h
   -1.69445703670575      8.31151247402040     -2.42706993504927      h
  0.87134503523600D-05  -.11679765917094D-04  0.41368175849765D-04
  -.11057188809005D-04  0.27866763069540D-04  -.83475973653435D-05
  0.22985628142180D-04  -.10847301670225D-04  0.60351641164580D-05
  -.32142345993691D-05  -.14076270353769D-04  0.52659725513493D-05
  -.10999857970262D-04  -.29739369011850D-06  -.86881887284562D-06
  -.25026893541558D-04  -.39343990891894D-05  -.15422420588607D-04
  -.13602790854605D-04  0.50821467284523D-05  -.91463204621167D-05
  -.30340115131366D-06  -.27441078515267D-04  0.85562530669492D-05
  -.96453161799737D-05  0.11265849327202D-04  -.41145654172681D-04
  0.26709363764921D-04  0.42557811208432D-05  0.15453741813332D-04
  0.12547554014475D-04  0.19385366565317D-04  -.14194182176297D-05
  0.80315063875069D-05  0.59863943602245D-06  -.15946474934636D-04
  0.72559310098919D-05  -.17942077243038D-04  0.10713717343958D-04
  -.87411755429478D-05  0.80127014485676D-05  -.36698762104770D-05
  0.87930016983151D-05  -.10063008925254D-04  0.70514935646138D-05
  -.62066091207624D-05  0.17902029508576D-04  -.10652918491338D-04
  -.81666837514760D-05  0.16366461674799D-05  0.12287492419549D-04
$end
