$hessapprox internal
  0.141388889142D+01  0.925324463197D+00  0.143690541417D+01  0.123783106629D-01
  0.125332912588D-01  0.200187235129D+00 -0.283854823636D+00 -0.287905311169D+00
 -0.466805598479D-02  0.470058298839D+00  0.134305187671D+01  0.136011115169D+01
  0.164914437447D-01 -0.326608001493D+00  0.255128822918D+01  0.204823368499D+01
  0.207467188068D+01  0.290827452897D-01 -0.671203195671D+00  0.296591197318D+01
  0.534863277069D+01  0.260331446486D+00  0.263565151302D+00  0.366004418499D-02
 -0.573900022123D-01  0.387186451925D+00  0.575708558392D+00  0.102711132070D+00
  0.530285574463D-01  0.536805979027D-01  0.759411374514D-03 -0.216803442771D-01
  0.761335173253D-01  0.119185241161D+00  0.140002371336D-01  0.435026963746D+00
  0.154346005612D+00  0.156289489559D+00  0.209425127101D-02 -0.439506881293D-01
  0.232162662940D+00  0.350626611209D+00  0.457462921781D-01  0.881156122431D-02
  0.457789668031D+00  0.133510377021D+00  0.135269256398D+00  0.192338167535D-02
 -0.373853737612D-01  0.214295086938D+00  0.325533719924D+00  0.417184185355D-01
  0.779425478070D-02  0.238215942435D-01  0.453804049009D+00  0.281107836954D-01
  0.283190057044D-01  0.302303243649D-03  0.592201645049D-02  0.456532200112D-01
  0.477839643033D-01  0.844027610339D-02  0.592873744018D-03  0.241876206493D-02
  0.222562530625D-02  0.321627180385D+00  0.744377107594D-02  0.763473329785D-02
  0.217845257405D-03 -0.109771809109D-01  0.430319831337D-02  0.302921139012D-01
  0.767163122728D-03  0.110990907968D-02  0.185035407384D-02  0.230375827904D-02
  0.399039144036D-02  0.320209171532D+00  0.153993160363D+00  0.155940767839D+00
  0.200922813729D-02 -0.387367500537D-01  0.250555823541D+00  0.344047709543D+00
  0.502040216205D-01  0.854538078632D-02  0.272076082084D-01  0.248218014517D-01
  0.624699070156D-02  0.332539126028D-03  0.350296750467D+00  0.119050339784D+00
  0.120601291831D+00  0.166554778802D-02 -0.531815380950D-01  0.177152008918D+00
  0.265712433893D+00  0.432369626988D-01  0.627033431467D-02  0.252781686043D-01
  0.209925536358D-01  0.218917044628D-01 -0.145233993613D-02  0.192974548825D-01
  0.324920679200D+00  0.119054298212D+00  0.120575489510D+00  0.153398400395D-02
 -0.361792229360D-01  0.199076235655D+00  0.266544920424D+00  0.368894554698D-01
  0.659741157641D-02  0.216355877364D-01  0.194465395480D-01  0.628636333141D-02
  0.245013361839D-03  0.214741555941D-01  0.900864079542D-02  0.363616251557D+00
 -0.254878214437D+00 -0.257978597696D+00 -0.355267435353D-02  0.734744242601D-01
 -0.409132260734D+00 -0.530282220005D+00 -0.741074164077D-01 -0.150190277462D-01
 -0.449516926341D-01 -0.411058050148D-01 -0.105820014152D-01 -0.192687617841D-02
 -0.444871856637D-01 -0.250022132037D-01 -0.333072145231D-01  0.958659906495D-01
  0.102830524598D+00  0.104130290842D+00  0.145632790598D-02 -0.321761334492D-01
  0.145756291069D+00  0.240416501183D+00  0.293878417851D-01  0.598382422598D-02
  0.167533445218D-01  0.155314163790D-01  0.215267762341D-03  0.187288783243D-02
  0.176491517856D-01  0.190501750696D-01  0.144332726149D-01 -0.291933922556D-01
  0.442835995358D+00  0.109026407634D+00  0.110379499040D+00  0.146179737587D-02
 -0.347467281636D-01  0.168966838961D+00  0.239940983149D+00  0.316624479507D-01
  0.619980851532D-02  0.186643290486D-01  0.167767081571D-01  0.283733720096D-02
  0.115381255866D-02  0.188841669304D-01  0.133532158737D-01  0.144434474091D-01
 -0.320823527771D-01  0.122994776755D-01  0.445026594495D+00  0.139807419168D+00
  0.141647104289D+00  0.201093980240D-02 -0.394406966740D-01  0.223453838022D+00
  0.340459071081D+00  0.435355228315D-01  0.815847322621D-02  0.248796798920D-01
  0.238658813029D-01  0.230726239065D-02  0.241031953515D-02  0.259067860678D-01
  0.220147894711D-01  0.203138534594D-01 -0.428372385561D-01  0.162324332038D-01
  0.175285879870D-01  0.455807130055D+00  0.255384607019D-01  0.257132006982D-01
  0.266580212960D-03  0.692360626342D-02  0.419376733674D-01  0.414871284181D-01
  0.775396368804D-02  0.443537524403D-03  0.197514023527D-02  0.182063599872D-02
 -0.146871169199D-01  0.394276593595D-02  0.582823327678D-02  0.215912609747D-01
  0.596256691985D-02 -0.990448280043D-02 -0.906598313229D-04  0.253700621805D-02
  0.188331940580D-02  0.321515838622D+00  0.606846161455D-02  0.624203458110D-02
  0.198677369337D-03 -0.101697519402D-01  0.187690130173D-02  0.271542323416D-01
  0.416923178550D-03  0.103643371566D-02  0.160146103532D-02  0.209386008095D-02
  0.396647075165D-02 -0.183185145880D-02  0.916506640144D-04 -0.146784507024D-02
  0.731599209097D-04 -0.160950951239D-02  0.170316121733D-02  0.993052368113D-03
  0.219028244105D-02  0.392267451136D-02  0.320120513328D+00  0.171412378658D+00
  0.173559389344D+00  0.223174498826D-02 -0.475656066825D-01  0.290326279014D+00
  0.370039596452D+00  0.498305929444D-01  0.982610937647D-02  0.299266584975D-01
  0.274065990449D-01  0.616559831581D-02  0.103076217672D-02  0.312167869038D-01
  0.198193106081D-01  0.241658139013D-01 -0.552130576722D-01  0.190942893010D-01
  0.215083681862D-01  0.285794929555D-01  0.569928847657D-02  0.764297025836D-03
  0.358556650282D+00  0.121137923271D+00  0.122715369894D+00  0.169499425266D-02
 -0.544791091764D-01  0.180754832780D+00  0.270574726213D+00  0.438786422012D-01
  0.637463268858D-02  0.256658443237D-01  0.213081340001D-01  0.219413718526D-01
 -0.138830089625D-02  0.196775316282D-01 -0.228476670913D-01  0.926080151734D-02
 -0.253635615641D-01  0.193202291456D-01  0.135881130579D-01  0.223463327161D-01
  0.216353887402D-01 -0.140504364657D-02  0.201900300028D-01  0.324915143959D+00
  0.146971417703D+00  0.148847802566D+00  0.189745089215D-02 -0.420057620609D-01
  0.248797513665D+00  0.327726033736D+00  0.421715187326D-01  0.844122167420D-02
  0.257582638122D-01  0.236418372133D-01  0.587118799729D-02  0.681149395997D-03
  0.265491441928D-01  0.158543075369D-01  0.205277746183D-01 -0.439551781972D-01
  0.166992078363D-01  0.182403616168D-01  0.246710132577D-01  0.546327257870D-02
  0.436583299455D-03  0.308394350792D-01  0.162078689928D-01  0.374344341924D+00
 -0.458519415994D-02 -0.461462186015D-02 -0.730034763585D-04  0.301994810317D-01
 -0.891808665514D-02 -0.577611366628D-02  0.164587930441D-02 -0.140953251001D-02
  0.239172550497D-03  0.120919369942D-02 -0.493932828055D-02 -0.106633993920D-02
 -0.141102325722D-02 -0.368254912582D-02 -0.319260050167D-02  0.474350028213D-02
  0.861380571128D-03 -0.196350487184D-02  0.126240774690D-02 -0.491528857784D-02
 -0.999073512141D-03 -0.218675676919D-02 -0.380545451596D-02 -0.223900001993D-02
  0.338803575288D+00  0.223687499916D+00  0.226224234326D+00  0.301684608691D-02
 -0.206180064797D+00  0.192434318312D+00  0.408527286180D+00  0.353205627005D-01
  0.149686675010D-01  0.287501127970D-01  0.170723254597D-01  0.276824838121D-02
  0.373440239469D-02  0.228387922523D-01  0.297747448714D-01  0.206838975524D-01
 -0.458683250496D-01  0.216740817190D-01  0.228875627576D-01  0.183518433077D-01
  0.216194349122D-02  0.325625132836D-02  0.286163073413D-01  0.305465855826D-01
  0.247705085721D-01 -0.167832651115D-01  0.646127338615D+00 -0.550367479759D+00
 -0.557325008819D+00 -0.664376591134D-02  0.125395518008D+00 -0.984831447164D+00
 -0.119005183831D+01 -0.155253252797D+00 -0.315002837333D-01 -0.952281861601D-01
 -0.881601019707D-01 -0.207420184741D-01 -0.536557764649D-03 -0.102855111390D+00
 -0.704315169457D-01 -0.821262588805D-01  0.176376014470D+00 -0.592284286861D-01
 -0.701082535272D-01 -0.918682496771D-01 -0.192392686558D-01  0.480892928212D-03
 -0.122681626730D+00 -0.718895804796D-01 -0.103852431185D+00  0.466928367480D-02
 -0.737700577350D-01  0.880447925217D+00 -0.280054852089D-02 -0.280640319212D-02
 -0.471977224942D-04  0.297139283484D-01 -0.654167477969D-02 -0.110283448919D-02
  0.200705509851D-02 -0.129141507653D-02  0.511327326912D-03  0.148804912465D-02
 -0.495795958136D-02 -0.102510944268D-02 -0.113174661479D-02 -0.324555461747D-02
 -0.292679448979D-02  0.414548620523D-02  0.103677422456D-02 -0.174161664721D-02
  0.155326077524D-02 -0.494026673465D-02 -0.961835007024D-03 -0.184473021277D-02
 -0.336287215923D-02 -0.194371107437D-02 -0.159936355839D-01 -0.164699653665D-01
  0.368642448257D-02  0.338965445319D+00  0.224573172875D+00  0.227130093051D+00
  0.301352225161D-02 -0.205958746148D+00  0.194429877692D+00  0.413809740357D+00
  0.348508308963D-01  0.150241252515D-01  0.287899995669D-01  0.171911365331D-01
  0.248259832053D-02  0.380230655367D-02  0.229618439957D-01  0.305404558041D-01
  0.209854218530D-01 -0.455187227462D-01  0.216870126675D-01  0.229687222385D-01
  0.184778613435D-01  0.186873300295D-02  0.331562270136D-02  0.287146597779D-01
  0.313268130704D-01  0.250389339226D-01 -0.164162904904D-01  0.181847316938D+00
 -0.744198534425D-01 -0.161036309039D-01  0.645626527335D+00 -0.719806714161D+00
 -0.728948584604D+00 -0.914275432031D-02  0.180303918943D+00 -0.120505324315D+01
 -0.160879031945D+01 -0.217788715340D+00 -0.404949855597D-01 -0.124720532814D+00
 -0.114848749938D+00 -0.235017242019D-01 -0.314869896039D-02 -0.133397954615D+00
 -0.991676474884D-01 -0.104437543605D+00  0.213152205053D+00 -0.793724000619D-01
 -0.893373332922D-01 -0.119820541483D+00 -0.214977711292D-01 -0.192125039468D-02
 -0.149874038934D+00 -0.101048668637D+00 -0.128533239523D+00  0.267641833081D-02
 -0.106956273309D+00  0.499557125045D+00  0.140558148618D-02 -0.107755831804D+00
  0.109385861627D+01  0.114391944279D+00  0.115638836105D+00  0.164420106116D-02
 -0.424450056498D-01  0.180162865908D+00  0.217882209162D+00  0.392482940729D-01
  0.583145846816D-02  0.193908942858D-01  0.163599128349D-01  0.135063515466D-03
 -0.538183791444D-03  0.220668950641D-01  0.206679897835D-01  0.161649872334D-01
 -0.389034371989D-01  0.117003300992D-01  0.140892364495D-01  0.170586897503D-01
 -0.149089949536D-03 -0.563421536940D-03  0.233276785978D-01  0.207090408156D-01
  0.193588016360D-01 -0.394167611285D-03  0.261357707386D-01 -0.780182337355D-01
 -0.169537339822D-03  0.255978695070D-01 -0.965897343056D-01  0.495113036425D+00
 -0.260900071388D+00 -0.264245654032D+00 -0.350868053254D-02  0.544965300244D-01
 -0.399505866582D+00 -0.594950963043D+00 -0.808866693720D-01 -0.130857204047D-01
 -0.447588011119D-01 -0.420361163834D-01  0.111030997036D-01 -0.492510588455D-02
 -0.456767149999D-01 -0.426995512724D-01 -0.338520327393D-01  0.676409599023D-01
 -0.298549298556D-01 -0.293590957673D-01 -0.439441975519D-01  0.118391368090D-01
 -0.456371012722D-02 -0.489417093909D-01 -0.432601662384D-01 -0.425555352291D-01
  0.315523149689D-01 -0.440438661949D-01  0.161969639994D+00  0.309927868239D-01
 -0.447155644669D-01  0.215899945263D+00 -0.321296085124D-01  0.904598870863D+00
 -0.174723250610D-02 -0.176221417533D-02 -0.154394648124D-03 -0.225596810052D-01
  0.220758277709D-01 -0.290867391227D-02  0.156151000861D-02  0.970708898817D-03
  0.712886911173D-03 -0.905698128083D-03  0.187171001993D-01 -0.272801938423D-02
  0.229657268923D-02 -0.953068806382D-02  0.260819686783D-02  0.697341405785D-03
 -0.213706744696D-03  0.184275701623D-02 -0.959976472471D-03  0.187276518564D-01
 -0.276990945679D-02  0.170588572994D-02 -0.942806404674D-02  0.205571158373D-02
  0.293196477657D-01  0.135938041141D-02 -0.910619613263D-02  0.292244765694D-01
  0.126935258043D-02 -0.868222450199D-02 -0.897394636961D-03 -0.592910482233D-01
  0.832013694370D+00 -0.224982688722D+00 -0.228310094984D+00 -0.304094720939D-02
  0.336639795224D-01 -0.330675807628D+00 -0.612785950302D+00 -0.388539433809D-01
 -0.163151557317D-01 -0.393909776496D-01 -0.411177688850D-01 -0.214006871949D-01
  0.927373782216D-04 -0.299501983708D-01 -0.910738012044D-02 -0.255154797333D-01
  0.656411783332D-01 -0.297025820147D-01 -0.271696081513D-01 -0.429397038829D-01
 -0.206450272441D-01  0.819096901504D-03 -0.443583943396D-01 -0.100519534319D-01
 -0.368296241117D-01  0.663447186486D-02 -0.203854446321D-01  0.132071353239D+00
  0.602096709663D-02 -0.220316239783D-01  0.168156340154D+00 -0.694467676106D-01
  0.601369522568D-01 -0.580434737801D-03  0.476166354154D+00  0.119531669908D+00
  0.120781946821D+00  0.140153516796D-02 -0.462232215307D-01  0.140012922018D+00
  0.229037942496D+00  0.264608346433D-01  0.651099077086D-02  0.166137755833D-01
  0.127461259970D-01  0.446931829976D-02  0.104879603568D-02  0.162915462301D-01
  0.138471234905D-01  0.132029193031D-01 -0.279001234763D-01  0.111953268051D-01
  0.124015150148D-01  0.134145805096D-01  0.418043519647D-02  0.877792570609D-03
  0.183141789246D-01  0.141158785409D-01  0.159057158491D-01  0.342844787030D-02
  0.414261805890D-01 -0.571584349228D-01  0.360450352460D-02  0.414251088037D-01
 -0.750185769892D-01  0.145163841420D-01 -0.362056825435D-01 -0.868574712448D-02
 -0.232815278271D-01  0.301038837089D+00 -0.844620371709D-02 -0.865136503888D-02
 -0.611650474353D-03  0.136595910678D+00  0.504573028158D-01 -0.328547107505D-03
  0.620472381797D-02 -0.318661718239D-02  0.127670990307D-02  0.574846397426D-02
  0.547142706521D-02 -0.140492920821D-01  0.268770637904D-02  0.411029112946D-02
 -0.717233748745D-03 -0.236246935630D-02 -0.307637591496D-03 -0.156623609304D-02
  0.572706804909D-02  0.557072913867D-02 -0.139316209238D-01  0.310456477132D-02
  0.385224034165D-02  0.181714821980D-02  0.355971526434D-02 -0.116505322849D+00
 -0.241936043497D-01  0.362545339427D-02 -0.115786390409D+00 -0.209507485593D-01
 -0.266184692137D-01  0.646198023954D-02  0.909060524321D-02 -0.478173267671D-01
 -0.318528066135D-02  0.215706207666D+00 -0.710516632117D-02 -0.750559887911D-02
  0.203175215272D-04  0.399121985882D-02  0.337419012671D-02 -0.851678037571D-01
  0.223993609125D-01 -0.256844653550D-02 -0.118936041118D-02 -0.324656043931D-02
 -0.654203905994D-02 -0.155597409275D-02  0.687623366218D-02  0.140995577516D-01
  0.336696984252D-02 -0.104203176713D-02 -0.363268715126D-02 -0.188639948905D-03
 -0.346217319111D-02 -0.643535605358D-02 -0.128909743355D-02 -0.467161587559D-03
  0.138195510461D-01 -0.259675142746D-03  0.465746264044D-02 -0.273826580589D-02
 -0.392342634061D-02  0.448859096798D-02 -0.401135447117D-02 -0.901565367304D-02
 -0.258713470791D-01 -0.338574569885D-02 -0.323499118696D-03 -0.437070653754D-01
 -0.726533229259D-03 -0.183563047198D-01  0.475348352105D+00 -0.162539576462D+00
 -0.164616866995D+00 -0.213125101369D-02  0.154713317389D-01 -0.256684509204D+00
 -0.366952421779D+00 -0.441427674457D-01 -0.811000759795D-02 -0.271409868953D-01
 -0.267778015524D-01  0.133042343749D-01 -0.335942356245D-02 -0.273884571341D-01
 -0.302158166350D-01 -0.209652698099D-01  0.480639249223D-01 -0.179001741216D-01
 -0.181821861347D-01 -0.279470243935D-01  0.137701997947D-01 -0.311030851860D-02
 -0.324325660885D-01 -0.305465507762D-01 -0.274247330959D-01  0.305855532583D-01
 -0.208127244857D-01  0.106976418005D+00  0.301919610282D-01 -0.212539062655D-01
  0.134614770901D+00 -0.222767147458D-01 -0.119013178999D-01 -0.573572818812D-01
  0.390800082952D-01 -0.254591480173D-01  0.606954215778D-03 -0.170554103574D-03
  0.858564900863D+00 -0.979108993427D-01 -0.991663655900D-01 -0.149754180175D-02
  0.160011146962D-01 -0.118167906365D+00 -0.225602800927D+00 -0.345330167503D-01
 -0.387335710216D-02 -0.165533840359D-01 -0.158169359754D-01  0.164930340255D-01
 -0.424616722101D-02 -0.156269692203D-01 -0.214543965276D-01 -0.996862033534D-02
  0.195150340386D-01 -0.119415060252D-01 -0.906848292547D-02 -0.165951050831D-01
  0.167664694914D-01 -0.417879730830D-02 -0.144073518415D-01 -0.215772222880D-01
 -0.127485007288D-01  0.304045386891D-01 -0.215613197334D-01  0.448348903905D-01
  0.301474931327D-01 -0.218893748311D-01  0.710896627590D-01 -0.104770664978D-01
 -0.293425411012D-01 -0.562443761092D-01  0.197808252512D-01 -0.192252999383D-01
  0.150921705429D-01 -0.365503462903D-02 -0.424197972973D-01  0.842655835967D+00
 -0.107992059890D+00 -0.109732267051D+00 -0.147748177758D-02 -0.113733255493D-01
 -0.160557930024D+00 -0.320921342545D+00 -0.231666491466D-01 -0.818873437761D-02
 -0.195943900719D-01 -0.222375622783D-01 -0.149481216736D-01  0.109903126822D-02
 -0.154666445407D-01 -0.296064530739D-02 -0.132587257042D-01  0.288890483074D-01
 -0.149287244286D-01 -0.134135054303D-01 -0.231791070939D-01 -0.145698606004D-01
  0.154245511221D-02 -0.213866709890D-01 -0.359756828074D-02 -0.179298670250D-01
  0.169738733353D-02  0.764058927738D-02  0.606298728635D-01  0.146684687962D-02
  0.670848546585D-02  0.841148454355D-01 -0.491488138310D-01  0.326363720094D-01
 -0.122281818743D-02 -0.488653293856D-01 -0.857032410722D-02 -0.559380201165D-01
 -0.451388074654D-01  0.177176394499D-01  0.133779357521D-01  0.447377505457D+00
  0.119767761206D+00  0.121022223427D+00  0.139275955161D-02 -0.458215866150D-01
  0.141809089334D+00  0.229457858232D+00  0.264603160249D-01  0.651161044805D-02
  0.166635743565D-01  0.127956694626D-01  0.453201049570D-02  0.986973840476D-03
  0.163975504881D-01  0.138215446410D-01  0.133041803523D-01 -0.278719647070D-01
  0.112023785067D-01  0.124451566882D-01  0.134654023341D-01  0.424273323724D-02
  0.813503765234D-03  0.184527661211D-01  0.140943514806D-01  0.160512812243D-01
  0.338892315158D-02  0.411307646925D-01 -0.579246165759D-01  0.356432224094D-02
  0.411437759191D-01 -0.757365963802D-01  0.145350326076D-01 -0.363013477522D-01
 -0.851627913991D-02 -0.232550335231D-01  0.142887656314D-01 -0.290921047784D-02
 -0.691248982777D-03 -0.255052700478D-01 -0.191088309181D-01 -0.856228400479D-02
  0.301079347075D+00  0.106824606172D-01  0.109241498997D-01  0.632047833585D-03
 -0.137832189878D+00 -0.465156725004D-01  0.765871351371D-02 -0.600695672651D-02
  0.331463607736D-02 -0.873348501068D-03 -0.539064698623D-02 -0.534329818070D-02
  0.140708789593D-01 -0.240819253308D-02 -0.420916161110D-02  0.944686811439D-03
  0.247811770859D-02  0.644481552656D-03  0.177477056451D-02 -0.534792769127D-02
 -0.545087243659D-02  0.139457702474D-01 -0.279835693679D-02 -0.393967820118D-02
 -0.143838100718D-02 -0.372228982271D-02  0.117136360395D+00  0.227826642572D-01
 -0.378063240349D-02  0.116479100457D+00  0.190510772858D-01  0.266555272607D-01
 -0.710862073126D-02 -0.889000043386D-02  0.471196316775D-01  0.349409737761D-02
 -0.159798340658D-01  0.180798983744D-01 -0.938249778420D-03 -0.152038296855D-01
  0.555398203896D-01  0.322832824895D-02  0.216290975800D+00  0.402070825912D-01
  0.407478705866D-01  0.547869178488D-03 -0.332801383853D-01  0.583595435619D-01
  0.903341499072D-01 -0.905727565989D-02  0.359425847522D-02  0.775810179839D-02
  0.698592475843D-02  0.592090885339D-02  0.920671655849D-03  0.550505732920D-04
 -0.145208304354D-01 -0.351165989818D-03 -0.211669112541D-01  0.712465950435D-02
  0.452236961755D-02  0.733223345408D-02  0.578118876606D-02  0.853501123582D-03
  0.946058944592D-02 -0.146135279037D-01  0.588546850140D-02 -0.795543719749D-02
  0.203828197001D-01 -0.296765983349D-01 -0.760439623699D-02  0.209440062792D-01
 -0.220079441657D-01  0.936103352847D-02 -0.279329941555D-03 -0.129671985872D-02
 -0.163186023320D-01  0.717931568504D-02 -0.119793028081D-01 -0.730897512324D-02
 -0.804140696501D-02  0.677900301074D-02  0.312343473188D-03  0.706962011048D-02
  0.117773229024D-01  0.218861424399D+00 -0.530039267137D-02 -0.537046244471D-02
 -0.681022890607D-04  0.270244002234D-02 -0.819885659121D-02 -0.128236226235D-01
 -0.154001787121D-02 -0.270616281508D-03 -0.100580595001D-02 -0.842644934079D-03
 -0.270109777730D-03 -0.864009434315D-04 -0.851445026776D-03  0.241152698901D-04
 -0.542008555983D-03  0.933351776681D-03 -0.740863514170D-03 -0.568906486541D-03
 -0.885966236877D-03 -0.254858888667D-03 -0.812400377467D-04 -0.882655704483D-03
  0.166109824434D-04 -0.805092901711D-03  0.304831059760D-03 -0.155487824981D-02
  0.322869264396D-02  0.288159743134D-03 -0.159937470391D-02  0.440043998462D-02
 -0.443044044690D-03  0.138667023519D-02 -0.213333846127D-03  0.145952695383D-02
 -0.667138631120D-03  0.572322410468D-03  0.121375506660D-03  0.792268148585D-03
  0.363681394790D-03  0.920607031198D-03 -0.672144377228D-03 -0.592353991316D-03
  0.324295630334D-03  0.200017853020D+00 -0.118370800645D-01 -0.119917050152D-01
 -0.110072552400D-04  0.148994477658D-01 -0.451141982494D-01 -0.941310532241D-02
  0.766049965446D-02 -0.108710246402D-02 -0.258137190585D-02 -0.192329862316D-02
 -0.279050770981D-02 -0.875717479213D-04 -0.854639469036D-04  0.103158160341D-01
 -0.654268937899D-04  0.797340846767D-02 -0.205352878354D-02 -0.171000962195D-02
 -0.201042144964D-02 -0.276451956307D-02 -0.564800683632D-04 -0.527625660245D-02
  0.103641443549D-01 -0.376017726489D-02  0.515942889047D-02 -0.881325563530D-02
  0.231089889703D-01  0.502705221827D-02 -0.919047802311D-02  0.145634070839D-01
 -0.199158148209D-02 -0.214792648068D-02 -0.198058713752D-02  0.966326290411D-02
 -0.268144448974D-02  0.512470690663D-02  0.595161877972D-02  0.297046509409D-02
 -0.714884787810D-02  0.173227715310D-02 -0.277144604612D-02 -0.512537057792D-02
 -0.825623162059D-02 -0.213125870681D-03  0.206258296369D+00
$end
