$hessian (projected)
 1  1   0.5653802262   0.0003496157  -0.0007922898  -0.0371218157   0.0001099870
 1  2  -0.0005235933  -0.0091774260   0.0188605944  -0.0215700764  -0.0090489639
 1  3  -0.0188572274   0.0218375949  -0.0030291006  -0.0000036532   0.0000235131
 1  4   0.0004556598   0.0000116402   0.0000003164   0.0001068800   0.0000103722
 1  5  -0.0000081632  -0.0000860704  -0.0000015131  -0.0000019618   0.0000005892
 1  6   0.0000000124  -0.0000008699   0.0008733096  -0.0000029174  -0.0000073693
 1  7   0.0001077054  -0.0000060104   0.0000103716  -0.0000006482  -0.0000067530
 1  8   0.0000013898  -0.0000060614  -0.0000004746   0.0000005338  -0.0000002598
 1  9   0.0000070592  -0.0000016787  -0.2319095171  -0.1270079608   0.0253192304
 1 10  -0.0454983172  -0.0011066765  -0.0009146658  -0.2310461900   0.1276439054
 1 11  -0.0233722815
 2  1   0.0003496157   0.5355790268   0.0812727331  -0.0000908417  -0.0470080348
 2  2  -0.0210538535   0.0089491156  -0.0103751262   0.0260810694  -0.0087397083
 2  3  -0.0102809780   0.0260774840   0.0000172195   0.0007521911   0.0021416070
 2  4  -0.0000032386  -0.0001747257  -0.0004959271  -0.0000286248  -0.0002999027
 2  5  -0.0000825863   0.0000020070   0.0002089556  -0.0000172156   0.0000000316
 2  6  -0.0000162573   0.0000327230  -0.0000010880  -0.0003518807   0.0002887474
 2  7   0.0000278210  -0.0003000534  -0.0000814446   0.0000077714  -0.0000083568
 2  8   0.0000008611   0.0000000744   0.0000196179  -0.0000038139  -0.0000077642
 2  9  -0.0000085862   0.0000009397  -0.1262763002  -0.1296104982   0.0154150667
 2 10  -0.0011399505  -0.2072123583  -0.1438600164   0.1269338600  -0.1309130331
 2 11   0.0142836259
 3  1  -0.0007922898   0.0812727331   0.3673371488  -0.0004244550   0.0259484554
 3  2  -0.1448568204  -0.0039883627   0.0028606941   0.0097248039   0.0041633561
 3  3   0.0030148117   0.0094769242   0.0000109691  -0.0022288504  -0.0004053078
 3  4   0.0000048237   0.0011342640   0.0017071279   0.0000474804   0.0005446291
 3  5   0.0001425106  -0.0000004423  -0.0004137633  -0.0000416499  -0.0000003101
 3  6   0.0000327081  -0.0000669270  -0.0000048732   0.0003749677  -0.0004611996
 3  7  -0.0000461733   0.0005456843   0.0001445914  -0.0000174079   0.0000155832
 3  8  -0.0000054776  -0.0000001326  -0.0000635048   0.0000254277   0.0000173898
 3  9   0.0000157819  -0.0000051553   0.0225773233   0.0130917374  -0.0443841854
 3 10  -0.0009015772  -0.1380859876  -0.1544120252  -0.0206453182   0.0119400562
 3 11  -0.0439197863
 4  1  -0.0371218157  -0.0000908417  -0.0004244550   0.5227933266   0.0001304497
 4  2  -0.0008961605  -0.2479068486   0.1579054343   0.0240773298  -0.2491804147
 4  3  -0.1578950171  -0.0225693749   0.0232793528  -0.0001097319  -0.0001045948
 4  4  -0.0033673152   0.0000063444   0.0000099622  -0.0009824097  -0.0007566586
 4  5  -0.0000747481   0.0008088258  -0.0000032471  -0.0000016832  -0.0000859933
 4  6  -0.0000004978  -0.0000011020  -0.0035232514   0.0000173464   0.0000136951
 4  7  -0.0009878497   0.0007707602   0.0000830710  -0.0000206990   0.0000656273
 4  8   0.0000022326   0.0000947249  -0.0000008527  -0.0000001802  -0.0000198254
 4  9  -0.0000641326  -0.0000017676  -0.0021894614  -0.0083325635   0.0187874324
 4 10   0.0007358105   0.0000739637  -0.0002039319  -0.0023261566   0.0082836171
 4 11  -0.0186957249
 5  1   0.0001099870  -0.0470080348   0.0259484554   0.0001304497   0.4776219000
 5  2   0.0439302440   0.1418893589  -0.1966460180  -0.0337667697  -0.1420393826
 5  3  -0.1956699413  -0.0324629333  -0.0001439595  -0.0389562524  -0.0125587500
 5  4   0.0000385210  -0.0014250558   0.0092598913   0.0006045657   0.0029850493
 5  5   0.0006499298   0.0000015040  -0.0025393151   0.0000351734  -0.0000005763
 5  6   0.0002090731  -0.0004136861   0.0000021188   0.0030790331  -0.0033311039
 5  7  -0.0005922052   0.0029836653   0.0006564970  -0.0000833606   0.0001005676
 5  8  -0.0000098265  -0.0000008045  -0.0002950883   0.0000955024   0.0000833300
 5  9   0.0001026434  -0.0000100718   0.0009988732  -0.0063752000   0.0100121300
 5 10  -0.0000762586   0.0082448355  -0.0181625697  -0.0009221609  -0.0064118615
 5 11   0.0101278876
 6  1  -0.0005235933  -0.0210538535  -0.1448568204  -0.0008961605   0.0439302440
 6  2   0.2925954720   0.0086525000  -0.0144690296  -0.0615381861  -0.0070830789
 6  3  -0.0130629141  -0.0612401391  -0.0000704811  -0.0039106462   0.0101404243
 6  4   0.0000029298   0.0029829250  -0.0048435079   0.0000492833  -0.0003089744
 6  5  -0.0002240182   0.0000002633   0.0000348765   0.0000675791  -0.0000018062
 6  6  -0.0000170923  -0.0000416034   0.0000015354  -0.0004350056  -0.0023384003
 6  7  -0.0000393108  -0.0003154933  -0.0002153600   0.0000090849  -0.0000072193
 6  8  -0.0000058457  -0.0000004294   0.0000383562   0.0000068214  -0.0000093067
 6  9  -0.0000071686  -0.0000054915  -0.0012528856  -0.0030471556   0.0033661704
 6 10  -0.0001329011   0.0127894818  -0.0344182909   0.0012943568  -0.0031413308
 6 11   0.0035511964
 7  1  -0.0091774260   0.0089491156  -0.0039883627  -0.2479068486   0.1418893589
 7  2   0.0086525000   0.3041596387  -0.1547523505   0.0011083942  -0.0331735133
 7  3   0.0136324559   0.0013894014  -0.0207501584  -0.0108282492  -0.0046056850
 7  4   0.0019008483  -0.0006889603  -0.0010673820   0.0003707066  -0.0011241583
 7  5  -0.0001289689  -0.0009923888   0.0006063453   0.0000477612   0.0001073588
 7  6  -0.0000286166   0.0000481555   0.0018568518  -0.0001438993   0.0027172970
 7  7   0.0019509318  -0.0003573882  -0.0000243759   0.0000159214  -0.0000665954
 7  8   0.0000105018  -0.0000762323   0.0000267059  -0.0000109277   0.0000177476
 7  9   0.0000343795  -0.0000052444   0.0010255478   0.0021794806  -0.0011163709
 7 10  -0.0007309413  -0.0007628378  -0.0000996972   0.0014019561   0.0014352139
 7 11  -0.0029269963
 8  1   0.0188605944  -0.0103751262   0.0028606941   0.1579054343  -0.1966460180
 8  2  -0.0144690296  -0.1547523505   0.1912315731   0.0009190541  -0.0133364565
 8  3   0.0359005942   0.0082055854  -0.0036068418  -0.0135843036   0.0027719861
 8  4  -0.0018316015   0.0041288243  -0.0127026108  -0.0011100815  -0.0065952663
 8  5  -0.0011665925  -0.0007611422   0.0029821495  -0.0003109050   0.0000094140
 8  6  -0.0002999566   0.0005445166  -0.0016139696  -0.0033804411   0.0084572479
 8  7   0.0003438577  -0.0027608723  -0.0005259726   0.0001010912  -0.0001027323
 8  8   0.0000540179   0.0000278624   0.0003357919  -0.0000910636  -0.0001042360
 8  9  -0.0001496076   0.0000192729   0.0001877643   0.0005800210  -0.0015811553
 8 10  -0.0001848278  -0.0001733519   0.0010684556  -0.0001345109  -0.0010912782
 8 11   0.0059464989
 9  1  -0.0215700764   0.0260810694   0.0097248039   0.0240773298  -0.0337667697
 9  2  -0.0615381861   0.0011083942   0.0009190541   0.0470750154  -0.0009555215
 9  3   0.0080846378   0.0136332577  -0.0002490992   0.0006766148  -0.0167536239
 9  4  -0.0037685504  -0.0051000629   0.0004095099  -0.0001276643  -0.0011660645
 9  5  -0.0000030357  -0.0000752318   0.0006507305  -0.0002234895  -0.0000078981
 9  6  -0.0000821368   0.0001423239   0.0021797149   0.0031361588   0.0061077573
 9  7   0.0000082815  -0.0005231820   0.0001074470   0.0000157762  -0.0000191986
 9  8   0.0000227365  -0.0000013356   0.0000008034   0.0000060002  -0.0000155196
 9  9  -0.0000225473   0.0000211771  -0.0002928973  -0.0005642090   0.0007666937
 9 10   0.0004018412  -0.0026672246   0.0074962201  -0.0007275436   0.0043623265
 9 11  -0.0069946076
10  1  -0.0090489639  -0.0087397083   0.0041633561  -0.2491804147  -0.1420393826
10  2  -0.0070830789  -0.0331735133  -0.0133364565  -0.0009555215   0.3051596501
10  3   0.1544475542  -0.0033347257  -0.0206710887   0.0108277849   0.0046573930
10  4   0.0019456640   0.0006569582   0.0010060861   0.0019458827   0.0003499480
10  5   0.0000091478  -0.0009778282  -0.0005902879  -0.0000407501   0.0001070441
10  6   0.0000278832  -0.0000454500   0.0018313000   0.0001502123  -0.0026650281
10  7   0.0003787467   0.0010897332   0.0001238668   0.0000179624  -0.0000348934
10  8   0.0000054168  -0.0000764807  -0.0000254201   0.0000106430   0.0000155165
10  9   0.0000660030  -0.0000101380   0.0014320769  -0.0014093391   0.0028759766
10 10  -0.0007318385   0.0007460895   0.0001729263   0.0010262846  -0.0021866787
10 11   0.0011098799
11  1  -0.0188572274  -0.0102809780   0.0030148117  -0.1578950171  -0.1956699413
11  2  -0.0130629141   0.0136324559   0.0359005942   0.0080846378   0.1544475542
11  3   0.1902404692  -0.0004537908   0.0036101354  -0.0136344099   0.0027743939
11  4   0.0017388671   0.0041396198  -0.0127163855  -0.0003633988  -0.0027644202
11  5  -0.0005231032   0.0007662550   0.0029866927  -0.0003139639  -0.0000069613
11  6  -0.0002998830   0.0005457338   0.0016592749  -0.0034122756   0.0084323746
11  7   0.0011037614  -0.0066094768  -0.0011772706   0.0001041481  -0.0001476130
11  8   0.0000191907  -0.0000264128   0.0003358306  -0.0000910899  -0.0001007320
11  9  -0.0001048452   0.0000542286   0.0001849470  -0.0010945595   0.0059355695
11 10   0.0002048261  -0.0001738967   0.0010586198  -0.0002024757   0.0005890926
11 11  -0.0015810424
12  1   0.0218375949   0.0260774840   0.0094769242  -0.0225693749  -0.0324629333
12  2  -0.0612401391   0.0013894014   0.0082055854   0.0136332577  -0.0033347257
12  3  -0.0004537908   0.0470908011   0.0002871892   0.0005836213  -0.0167954543
12  4   0.0037253498  -0.0050980595   0.0003736667  -0.0000252104  -0.0005262173
12  5   0.0001075139   0.0000827623   0.0006558705  -0.0002158748   0.0000106118
12  6  -0.0000818312   0.0001447840  -0.0021430884   0.0031495288   0.0061490233
12  7   0.0001253550  -0.0011783629  -0.0000083998   0.0000156606  -0.0000218788
12  8   0.0000209407   0.0000021535   0.0000011278   0.0000049325  -0.0000155174
12  9  -0.0000196699   0.0000239767   0.0006631110   0.0043771491  -0.0070152530
12 10  -0.0003366634  -0.0026693473   0.0075076204   0.0002853907  -0.0005382761
12 11   0.0007416796
13  1  -0.0030291006   0.0000172195   0.0000109691   0.0232793528  -0.0001439595
13  2  -0.0000704811  -0.0207501584  -0.0036068418  -0.0002490992  -0.0206710887
13  3   0.0036101354   0.0002871892   0.1233212385  -0.0003575888   0.0023267176
13  4  -0.0407545235   0.0002246957  -0.0011333141  -0.0207264202  -0.0035758837
13  5  -0.0002508121   0.0232791207  -0.0000563920  -0.0000470528  -0.0030288137
13  6   0.0000013212   0.0000049402  -0.0407546825   0.0002209004  -0.0011365425
13  7  -0.0206947610   0.0036404861   0.0002861192  -0.0001662095   0.0006730836
13  8  -0.0006311045   0.0005915770   0.0000122357  -0.0000024013  -0.0001602660
13  9  -0.0006707141   0.0006240472  -0.0001612128  -0.0006726874   0.0006228511
13 10   0.0005913407   0.0000129877  -0.0000098098  -0.0001653927   0.0006710019
13 11  -0.0006322161
14  1  -0.0000036532   0.0007521911  -0.0022288504  -0.0001097319  -0.0389562524
14  2  -0.0039106462  -0.0108282492  -0.0135843036   0.0006766148   0.0108277849
14  3  -0.0136344099   0.0005836213  -0.0003575888   0.2722923593  -0.1561233997
14  4   0.0002461620  -0.0709325821   0.0829535533  -0.0107974860  -0.0135453062
14  5   0.0006789730  -0.0000450084  -0.0389566394  -0.0039079431  -0.0000097432
14  6   0.0007519256  -0.0022288142   0.0002179329  -0.0709326858   0.0829528128
14  7   0.0108586702  -0.0136724102   0.0005805132  -0.0003994638   0.0005840128
14  8  -0.0004819608   0.0000019821  -0.0009654277   0.0009555351   0.0003983111
14  9   0.0005904646  -0.0004867656   0.0003978208   0.0005871426  -0.0004867103
14 10   0.0000021402  -0.0009652968   0.0009554551  -0.0003998797   0.0005872180
14 11  -0.0004819885
15  1   0.0000235131   0.0021416070  -0.0004053078  -0.0001045948  -0.0125587500
15  2   0.0101404243  -0.0046056850   0.0027719861  -0.0167536239   0.0046573930
15  3   0.0027743939  -0.0167954543   0.0023267176  -0.1561233997   0.9116082627
15  4  -0.0011830989   0.0793025364  -0.4278592267  -0.0046109601   0.0027875312
15  5  -0.0167485797  -0.0000684138  -0.0125564090   0.0101418008  -0.0000050903
15  6   0.0021411825  -0.0004056129  -0.0010653773   0.0793013559  -0.4278591237
15  7   0.0046526363   0.0027583148  -0.0168007024   0.0000074559  -0.0004039442
15  8  -0.0012538809   0.0000076178   0.0044452542  -0.0016077094  -0.0000076347
15  9  -0.0004111107  -0.0012700659  -0.0000136193  -0.0004012217  -0.0012634493
15 10  -0.0000122102   0.0044441773  -0.0016073722   0.0000013507  -0.0004135037
15 11  -0.0012603786
16  1   0.0004556598  -0.0000032386   0.0000048237  -0.0033673152   0.0000385210
16  2   0.0000029298   0.0019008483  -0.0018316015  -0.0037685504   0.0019456640
16  3   0.0017388671   0.0037253498  -0.0407545235   0.0002461620  -0.0011830989
16  4   0.0244362296  -0.0002221586   0.0011691177   0.0018599373  -0.0016101487
16  5   0.0021766318  -0.0035228413  -0.0000095188  -0.0000009707   0.0008732066
16  6   0.0000018928  -0.0000044815   0.0150730249  -0.0000002652   0.0000139071
16  7   0.0018281372   0.0016622462  -0.0021455802   0.0000378591  -0.0001111533
16  8   0.0002099834   0.0000309408  -0.0000032509   0.0000012873   0.0000366887
16  9   0.0001119000  -0.0002098555   0.0000088510   0.0002597659   0.0002456898
16 10  -0.0008482902  -0.0000100790   0.0000043555   0.0000059229  -0.0002579403
16 11  -0.0002415386
17  1   0.0000116402  -0.0001747257   0.0011342640   0.0000063444  -0.0014250558
17  2   0.0029829250  -0.0006889603   0.0041288243  -0.0051000629   0.0006569582
17  3   0.0041396198  -0.0050980595   0.0002246957  -0.0709325821   0.0793025364
17  4  -0.0002221586   0.0538244363  -0.0783626745  -0.0001384639  -0.0033898845
17  5   0.0031373863   0.0000046413   0.0030785616  -0.0004352659   0.0000003030
17  6  -0.0003517020   0.0003749946   0.0000072735   0.0151284752   0.0013383898
17  7   0.0001551730  -0.0034016313   0.0031479379   0.0000996041  -0.0000897361
17  8   0.0000873312  -0.0000000792   0.0000875901  -0.0000486033  -0.0000995726
17  9  -0.0000911130   0.0000890438  -0.0000110506  -0.0004767673  -0.0006389677
17 10  -0.0000086097   0.0004251966  -0.0012696229   0.0000022614  -0.0004795060
17 11  -0.0006415522
18  1   0.0000003164  -0.0004959271   0.0017071279   0.0000099622   0.0092598913
18  2  -0.0048435079  -0.0010673820  -0.0127026108   0.0004095099   0.0010060861
18  3  -0.0127163855   0.0003736667  -0.0011333141   0.0829535533  -0.4278592267
18  4   0.0011691177  -0.0783626745   0.4068473880   0.0027073813   0.0084390295
18  5   0.0061067165  -0.0000035087  -0.0033313640  -0.0023379586  -0.0000020578
18  6   0.0002887404  -0.0004612189  -0.0000237966   0.0013384039   0.0116868458
18  7  -0.0026750554   0.0084509644   0.0061489268  -0.0000960927   0.0001725449
18  8   0.0000710698  -0.0000015432  -0.0009054389   0.0003588244   0.0000958887
18  9   0.0001756661   0.0000733572  -0.0000042903   0.0002469774   0.0007510163
18 10   0.0000058557  -0.0030647826   0.0002116193   0.0000124328   0.0002534121
18 11   0.0007558436
19  1   0.0001068800  -0.0000286248   0.0000474804  -0.0009824097   0.0006045657
19  2   0.0000492833   0.0003707066  -0.0011100815  -0.0001276643   0.0019458827
19  3  -0.0003633988  -0.0000252104  -0.0207264202  -0.0107974860  -0.0046109601
19  4   0.0018599373  -0.0001384639   0.0027073813   0.3046617872  -0.1546482754
19  5   0.0013575221  -0.2484198702   0.1418667639   0.0084945611  -0.0091917130
19  6   0.0089358779  -0.0040153048   0.0019083285  -0.0006882832  -0.0010480290
19  7  -0.0331743563   0.0135172794   0.0013306321   0.0014041479   0.0014409493
19  8  -0.0029282063  -0.0007335348  -0.0007675606  -0.0001067762   0.0010135958
19  9   0.0021826627  -0.0011193405   0.0000177208   0.0000343245  -0.0000052590
19 10  -0.0000763961   0.0000262253  -0.0000103053   0.0000157133  -0.0000664743
19 11   0.0000101954
20  1   0.0000103722  -0.0002999027   0.0005446291  -0.0007566586   0.0029850493
20  2  -0.0003089744  -0.0011241583  -0.0065952663  -0.0011660645   0.0003499480
20  3  -0.0027644202  -0.0005262173  -0.0035758837  -0.0135453062   0.0027875312
20  4  -0.0016101487  -0.0033898845   0.0084390295  -0.1546482754   0.1907316873
20  5   0.0007539059   0.1578852549  -0.1962394043  -0.0142825864   0.0188864497
20  6  -0.0103026657   0.0028627625  -0.0018225877   0.0041240005  -0.0126920002
20  7  -0.0134518751   0.0359020477   0.0081876350  -0.0001481751  -0.0011035956
20  8   0.0059392436  -0.0002013014  -0.0001693399   0.0010555737   0.0001838989
20  9   0.0005836810  -0.0015764995  -0.0001044475  -0.0001481213   0.0000198410
20 10   0.0000267200   0.0003354383  -0.0000912177   0.0001008679  -0.0001039974
20 11   0.0000534085
21  1  -0.0000081632  -0.0000825863   0.0001425106  -0.0000747481   0.0006499298
21  2  -0.0002240182  -0.0001289689  -0.0011665925  -0.0000030357   0.0000091478
21  3  -0.0005231032   0.0001075139  -0.0002508121   0.0006789730  -0.0167485797
21  4   0.0021766318   0.0031373863   0.0061067165   0.0013575221   0.0007539059
21  5   0.0470862809   0.0239571440  -0.0335967418  -0.0615103144  -0.0216625539
21  6   0.0260267586   0.0096780358  -0.0037578251  -0.0050983182   0.0004099569
21  7  -0.0010114848   0.0080999627   0.0136322483  -0.0007210046   0.0043697501
21  8  -0.0069795004   0.0003994933  -0.0026637310   0.0075141992  -0.0002836171
21  9  -0.0005452356   0.0007379586  -0.0000153433  -0.0000221031   0.0000214314
21 10  -0.0000010967   0.0000009182   0.0000052983   0.0000156789  -0.0000191729
21 11   0.0000232981
22  1  -0.0000860704   0.0000020070  -0.0000004423   0.0008088258   0.0000015040
22  2   0.0000002633  -0.0009923888  -0.0007611422  -0.0000752318  -0.0009778282
22  3   0.0007662550   0.0000827623   0.0232791207  -0.0000450084  -0.0000684138
22  4  -0.0035228413   0.0000046413  -0.0000035087  -0.2484198702   0.1578852549
22  5   0.0239571440   0.5227925049   0.0001325667  -0.0007962993  -0.0371211072
22  6  -0.0001106785  -0.0003690119  -0.0033677975   0.0000027905   0.0000104772
22  7  -0.2486668816  -0.1579219556  -0.0226663324  -0.0023193506   0.0083173114
22  8  -0.0187477715   0.0007362220   0.0000238671  -0.0000605671  -0.0021967949
22  9  -0.0082960072   0.0187374911  -0.0000202251  -0.0000652285  -0.0000022599
22 10   0.0000947253  -0.0000006345  -0.0000000836  -0.0000202426   0.0000644568
22 11   0.0000017846
23  1  -0.0000015131   0.0002089556  -0.0004137633  -0.0000032471  -0.0025393151
23  2   0.0000348765   0.0006063453   0.0029821495   0.0006507305  -0.0005902879
23  3   0.0029866927   0.0006558705  -0.0000563920  -0.0389566394  -0.0125564090
23  4  -0.0000095188   0.0030785616  -0.0033313640   0.1418667639  -0.1962394043
23  5  -0.0335967418   0.0001325667   0.4776302010   0.0439139726   0.0000624872
23  6  -0.0470085063   0.0259397990   0.0000239958  -0.0014250551   0.0092601217
23  7  -0.1420658302  -0.1960844233  -0.0326087418  -0.0009175746  -0.0063780517
23  8   0.0100154648  -0.0000524755   0.0082449018  -0.0181658709   0.0010039412
23  9  -0.0064080841   0.0101264966   0.0000835647   0.0001010930  -0.0000105754
23 10   0.0000003394  -0.0002950727   0.0000954874  -0.0000831650   0.0001019968
23 11  -0.0000093534
24  1  -0.0000019618  -0.0000172156  -0.0000416499  -0.0000016832   0.0000351734
24  2   0.0000675791   0.0000477612  -0.0003109050  -0.0002234895  -0.0000407501
24  3  -0.0003139639  -0.0002158748  -0.0000470528  -0.0039079431   0.0101418008
24  4  -0.0000009707  -0.0004352659  -0.0023379586   0.0084945611  -0.0142825864
24  5  -0.0615103144  -0.0007962993   0.0439139726   0.2925866657  -0.0003265513
24  6  -0.0210621778  -0.1448583871  -0.0000006130   0.0029834497  -0.0048448877
24  7  -0.0072210998  -0.0132257495  -0.0612569481   0.0012938324  -0.0030902113
24  8   0.0034634857  -0.0001462691   0.0127860156  -0.0344181780  -0.0012527753
24  9  -0.0030966951   0.0034526860  -0.0000092700  -0.0000066571  -0.0000055677
24 10   0.0000000237   0.0000384586   0.0000068363   0.0000091181  -0.0000076990
24 11  -0.0000057977
25  1   0.0000005892   0.0000000316  -0.0000003101  -0.0000859933  -0.0000005763
25  2  -0.0000018062   0.0001073588   0.0000094140  -0.0000078981   0.0001070441
25  3  -0.0000069613   0.0000106118  -0.0030288137  -0.0000097432  -0.0000050903
25  4   0.0008732066   0.0000003030  -0.0000020578  -0.0091917130   0.0188864497
25  5  -0.0216625539  -0.0371211072   0.0000624872  -0.0003265513   0.5653815221
25  6   0.0002805980  -0.0007398647   0.0004556288  -0.0000081048   0.0000138356
25  7  -0.0090353728  -0.0188273005   0.0217482587  -0.2324145080   0.1270393955
25  8  -0.0239707847  -0.0454916103   0.0001822202   0.0002110585  -0.2305493716
25  9  -0.1276081262   0.0247329974  -0.0000002313   0.0000069293  -0.0000014521
25 10  -0.0000060361  -0.0000001120   0.0000000159  -0.0000005923  -0.0000069041
25 11   0.0000015913
26  1   0.0000000124  -0.0000162573   0.0000327081  -0.0000004978   0.0002090731
26  2  -0.0000170923  -0.0000286166  -0.0002999566  -0.0000821368   0.0000278832
26  3  -0.0002998830  -0.0000818312   0.0000013212   0.0007519256   0.0021411825
26  4   0.0000018928  -0.0003517020   0.0002887404   0.0089358779  -0.0103026657
26  5   0.0260267586  -0.0001106785  -0.0470085063  -0.0210621778   0.0002805980
26  6   0.5355951665   0.0812594328   0.0000004927  -0.0001756654  -0.0004954203
26  7  -0.0087514935  -0.0103478475   0.0261351644   0.1263396225  -0.1294466079
26  8   0.0144781453   0.0001700434  -0.2072366990  -0.1438605032  -0.1268664563
26  9  -0.1310729860   0.0152390136  -0.0000077846  -0.0000083759   0.0000009731
26 10   0.0000000313   0.0000195639  -0.0000038085   0.0000077520  -0.0000085764
26 11   0.0000008513
27  1  -0.0000008699   0.0000327230  -0.0000669270  -0.0000011020  -0.0004136861
27  2  -0.0000416034   0.0000481555   0.0005445166   0.0001423239  -0.0000454500
27  3   0.0005457338   0.0001447840   0.0000049402  -0.0022288142  -0.0004056129
27  4  -0.0000044815   0.0003749946  -0.0004612189  -0.0040153048   0.0028627625
27  5   0.0096780358  -0.0003690119   0.0259397990  -0.1448583871  -0.0007398647
27  6   0.0812594328   0.3673224637   0.0000079435   0.0011343255   0.0017074965
27  7   0.0041382179   0.0030163803   0.0095194413  -0.0212259651   0.0121497956
27  8  -0.0440384328   0.0001935428  -0.1380864957  -0.1543962411   0.0220088657
27  9   0.0129006605  -0.0442609482   0.0000173787   0.0000156552  -0.0000053871
27 10   0.0000004108  -0.0000634605   0.0000254891  -0.0000174052   0.0000156768
27 11  -0.0000052759
28  1   0.0008733096  -0.0000010880  -0.0000048732  -0.0035232514   0.0000021188
28  2   0.0000015354   0.0018568518  -0.0016139696   0.0021797149   0.0018313000
28  3   0.0016592749  -0.0021430884  -0.0407546825   0.0002179329  -0.0010653773
28  4   0.0150730249   0.0000072735  -0.0000237966   0.0019083285  -0.0018225877
28  5  -0.0037578251  -0.0033677975   0.0000239958  -0.0000006130   0.0004556288
28  6   0.0000004927   0.0000079435   0.0244370308  -0.0002126086   0.0010655812
28  7   0.0019385369   0.0017489916   0.0037369045   0.0000071459  -0.0002600583
28  8  -0.0002423026  -0.0008485360  -0.0000065664  -0.0000000247   0.0000076637
28  9   0.0002578886   0.0002450571   0.0000368268   0.0001121166  -0.0002097281
28 10   0.0000309012  -0.0000022047   0.0000008565   0.0000377187  -0.0001110020
28 11   0.0002100359
29  1  -0.0000029174  -0.0003518807   0.0003749677   0.0000173464   0.0030790331
29  2  -0.0004350056  -0.0001438993  -0.0033804411   0.0031361588   0.0001502123
29  3  -0.0034122756   0.0031495288   0.0002209004  -0.0709326858   0.0793013559
29  4  -0.0000002652   0.0151284752   0.0013384039  -0.0006882832   0.0041240005
29  5  -0.0050983182   0.0000027905  -0.0014250551   0.0029834497  -0.0000081048
29  6  -0.0001756654   0.0011343255  -0.0002126086   0.0538278646  -0.0783611718
29  7   0.0006584923   0.0041438228  -0.0051009203   0.0000070667  -0.0004751021
29  8  -0.0006362186   0.0000055732   0.0004247446  -0.0012700100  -0.0000062935
29  9  -0.0004815290  -0.0006444856  -0.0000995228  -0.0000905270   0.0000895228
29 10  -0.0000000816   0.0000875223  -0.0000484732   0.0000995947  -0.0000903010
29 11   0.0000868903
30  1  -0.0000073693   0.0002887474  -0.0004611996   0.0000136951  -0.0033311039
30  2  -0.0023384003   0.0027172970   0.0084572479   0.0061077573  -0.0026650281
30  3   0.0084323746   0.0061490233  -0.0011365425   0.0829528128  -0.4278591237
30  4   0.0000139071   0.0013383898   0.0116868458  -0.0010480290  -0.0126920002
30  5   0.0004099569   0.0000104772   0.0092601217  -0.0048448877   0.0000138356
30  6  -0.0004954203   0.0017074965   0.0010655812  -0.0783611718   0.4068468649
30  7   0.0010251785  -0.0127279943   0.0003740021   0.0000088386   0.0002474737
30  8   0.0007501553  -0.0000068863  -0.0030656018   0.0002117289  -0.0000077948
30  9   0.0002531877   0.0007568103   0.0000964100   0.0001724708   0.0000724837
30 10   0.0000019525  -0.0009052344   0.0003587278  -0.0000955229   0.0001757002
30 11   0.0000717587
31  1   0.0001077054   0.0000278210  -0.0000461733  -0.0009878497  -0.0005922052
31  2  -0.0000393108   0.0019509318   0.0003438577   0.0000082815   0.0003787467
31  3   0.0011037614   0.0001253550  -0.0206947610   0.0108586702   0.0046526363
31  4   0.0018281372   0.0001551730  -0.0026750554  -0.0331743563  -0.0134518751
31  5  -0.0010114848  -0.2486668816  -0.1420658302  -0.0072210998  -0.0090353728
31  6  -0.0087514935   0.0041382179   0.0019385369   0.0006584923   0.0010251785
31  7   0.3046586350   0.1545539389  -0.0031105916   0.0010383793  -0.0021833876
31  8   0.0011074056  -0.0007293113   0.0007408508   0.0001655738   0.0014300327
31  9  -0.0014030182   0.0028748263   0.0000157381   0.0000660683  -0.0000104592
31 10  -0.0000763141  -0.0000258550   0.0000112772   0.0000180037  -0.0000349689
31 11   0.0000054227
32  1  -0.0000060104  -0.0003000534   0.0005456843   0.0007707602   0.0029836653
32  2  -0.0003154933  -0.0003573882  -0.0027608723  -0.0005231820   0.0010897332
32  3  -0.0066094768  -0.0011783629   0.0036404861  -0.0136724102   0.0027583148
32  4   0.0016622462  -0.0034016313   0.0084509644   0.0135172794   0.0359020477
32  5   0.0080999627  -0.1579219556  -0.1960844233  -0.0132257495  -0.0188273005
32  6  -0.0103478475   0.0030163803   0.0017489916   0.0041438228  -0.0127279943
32  7   0.1545539389   0.1907382497  -0.0003118283  -0.0002062845   0.0005850954
32  8  -0.0015856132   0.0001884301  -0.0001790542   0.0010728384   0.0001714649
32  9  -0.0010804716   0.0059416011  -0.0001008946  -0.0001035579   0.0000548004
32 10  -0.0000275011   0.0003360578  -0.0000909247   0.0001040043  -0.0001491402
32 11   0.0000186019
33  1   0.0000103716  -0.0000814446   0.0001445914   0.0000830710   0.0006564970
33  2  -0.0002153600  -0.0000243759  -0.0005259726   0.0001074470   0.0001238668
33  3  -0.0011772706  -0.0000083998   0.0002861192   0.0005805132  -0.0168007024
33  4  -0.0021455802   0.0031479379   0.0061489268   0.0013306321   0.0081876350
33  5   0.0136322483  -0.0226663324  -0.0326087418  -0.0612569481   0.0217482587
33  6   0.0261351644   0.0095194413   0.0037369045  -0.0051009203   0.0003740021
33  7  -0.0031105916  -0.0003118283   0.0470764575   0.0002947815  -0.0005571750
33  8   0.0007707631  -0.0003391643  -0.0026716781   0.0074897650   0.0006695031
33  9   0.0043684382  -0.0070321358  -0.0000156882  -0.0000197427   0.0000233809
33 10   0.0000024705   0.0000009065   0.0000057459   0.0000157537  -0.0000223183
33 11   0.0000207768
34  1  -0.0000006482   0.0000077714  -0.0000174079  -0.0000206990  -0.0000833606
34  2   0.0000090849   0.0000159214   0.0001010912   0.0000157762   0.0000179624
34  3   0.0001041481   0.0000156606  -0.0001662095  -0.0003994638   0.0000074559
34  4   0.0000378591   0.0000996041  -0.0000960927   0.0014041479  -0.0001481751
34  5  -0.0007210046  -0.0023193506  -0.0009175746   0.0012938324  -0.2324145080
34  6   0.1263396225  -0.0212259651   0.0000071459   0.0000070667   0.0000088386
34  7   0.0010383793  -0.0002062845   0.0002947815   0.2488575284  -0.1378849486
34  8   0.0237948199   0.0010648603  -0.0019950244  -0.0000329595  -0.0175212593
34  9   0.0149772596  -0.0033473883   0.0000033554   0.0000042982  -0.0000016327
34 10  -0.0000010888  -0.0000081980   0.0000026428  -0.0000033966   0.0000021677
34 11  -0.0000004419
35  1  -0.0000067530  -0.0000083568   0.0000155832   0.0000656273   0.0001005676
35  2  -0.0000072193  -0.0000665954  -0.0001027323  -0.0000191986  -0.0000348934
35  3  -0.0001476130  -0.0000218788   0.0006730836   0.0005840128  -0.0004039442
35  4  -0.0001111533  -0.0000897361   0.0001725449   0.0014409493  -0.0011035956
35  5   0.0043697501   0.0083173114  -0.0063780517  -0.0030902113   0.1270393955
35  6  -0.1294466079   0.0121497956  -0.0002600583  -0.0004751021   0.0002474737
35  7  -0.0021833876   0.0005850954  -0.0005571750  -0.1378849486   0.1353663201
35  8  -0.0153348493   0.0181941439  -0.0100059203   0.0055968696  -0.0151841083
35  9   0.0111178648  -0.0031157781  -0.0000043378  -0.0000066445   0.0000017473
35 10   0.0000035796   0.0000107929  -0.0000030866   0.0000021451  -0.0000002932
35 11  -0.0000004232
36  1   0.0000013898   0.0000008611  -0.0000054776   0.0000022326  -0.0000098265
36  2  -0.0000058457   0.0000105018   0.0000540179   0.0000227365   0.0000054168
36  3   0.0000191907   0.0000209407  -0.0006311045  -0.0004819608  -0.0012538809
36  4   0.0002099834   0.0000873312   0.0000710698  -0.0029282063   0.0059392436
36  5  -0.0069795004  -0.0187477715   0.0100154648   0.0034634857  -0.0239707847
36  6   0.0144781453  -0.0440384328  -0.0002423026  -0.0006362186   0.0007501553
36  7   0.0011074056  -0.0015856132   0.0007707631   0.0237948199  -0.0153348493
36  8   0.0439395466   0.0179444812  -0.0093793788   0.0039162169   0.0034450535
36  9  -0.0031615879  -0.0006753932   0.0000016379   0.0000017085   0.0000015600
36 10  -0.0000022888  -0.0000061169   0.0000022854  -0.0000004639  -0.0000004111
36 11  -0.0000002293
37  1  -0.0000060614   0.0000000744  -0.0000001326   0.0000947249  -0.0000008045
37  2  -0.0000004294  -0.0000762323   0.0000278624  -0.0000013356  -0.0000764807
37  3  -0.0000264128   0.0000021535   0.0005915770   0.0000019821   0.0000076178
37  4   0.0000309408  -0.0000000792  -0.0000015432  -0.0007335348  -0.0002013014
37  5   0.0003994933   0.0007362220  -0.0000524755  -0.0001462691  -0.0454916103
37  6   0.0001700434   0.0001935428  -0.0008485360   0.0000055732  -0.0000068863
37  7  -0.0007293113   0.0001884301  -0.0003391643   0.0010648603   0.0181941439
37  8   0.0179444812   0.0443632808  -0.0002075299  -0.0001838965   0.0010799636
37  9  -0.0180995062  -0.0178676402  -0.0000010662  -0.0000035648   0.0000023381
37 10   0.0000024184  -0.0000000604  -0.0000000279  -0.0000011548   0.0000036251
37 11  -0.0000023016
38  1  -0.0000004746   0.0000196179  -0.0000635048  -0.0000008527  -0.0002950883
38  2   0.0000383562   0.0000267059   0.0003357919   0.0000008034  -0.0000254201
38  3   0.0003358306   0.0000011278   0.0000122357  -0.0009654277   0.0044452542
38  4  -0.0000032509   0.0000875901  -0.0009054389  -0.0007675606  -0.0001693399
38  5  -0.0026637310   0.0000238671   0.0082449018   0.0127860156   0.0001822202
38  6  -0.2072366990  -0.1380864957  -0.0000065664   0.0004247446  -0.0030656018
38  7   0.0007408508  -0.0001790542  -0.0026716781  -0.0019950244  -0.0100059203
38  8  -0.0093793788  -0.0002075299   0.2195105829   0.1490709990   0.0020208361
38  9  -0.0101086073  -0.0094984869   0.0000081584   0.0000108480  -0.0000061540
38 10   0.0000000178  -0.0000205964   0.0000039025  -0.0000082124   0.0000108253
38 11  -0.0000059888
39  1   0.0000005338  -0.0000038139   0.0000254277  -0.0000001802   0.0000955024
39  2   0.0000068214  -0.0000109277  -0.0000910636   0.0000060002   0.0000106430
39  3  -0.0000910899   0.0000049325  -0.0000024013   0.0009555351  -0.0016077094
39  4   0.0000012873  -0.0000486033   0.0003588244  -0.0001067762   0.0010555737
39  5   0.0075141992  -0.0000605671  -0.0181658709  -0.0344181780   0.0002110585
39  6  -0.1438605032  -0.1543962411  -0.0000000247  -0.0012700100   0.0002117289
39  7   0.0001655738   0.0010728384   0.0074897650  -0.0000329595   0.0055968696
39  8   0.0039162169  -0.0001838965   0.1490709990   0.1668868742   0.0000084767
39  9   0.0056857804   0.0040014552  -0.0000025851  -0.0000030255   0.0000023574
39 10   0.0000000599   0.0000039206  -0.0000047318   0.0000026853  -0.0000030391
39 11   0.0000022572
40  1  -0.0000002598  -0.0000077642   0.0000173898  -0.0000198254   0.0000833300
40  2  -0.0000093067   0.0000177476  -0.0001042360  -0.0000155196   0.0000155165
40  3  -0.0001007320  -0.0000155174  -0.0001602660   0.0003983111  -0.0000076347
40  4   0.0000366887  -0.0000995726   0.0000958887   0.0010135958   0.0001838989
40  5  -0.0002836171  -0.0021967949   0.0010039412  -0.0012527753  -0.2305493716
40  6  -0.1268664563   0.0220088657   0.0000076637  -0.0000062935  -0.0000077948
40  7   0.0014300327   0.0001714649   0.0006695031  -0.0175212593  -0.0151841083
40  8   0.0034450535   0.0010799636   0.0020208361   0.0000084767   0.2468477001
40  9   0.1385056819  -0.0246524960  -0.0000033599  -0.0000021439   0.0000004918
40 10  -0.0000010899   0.0000081807  -0.0000026418   0.0000033180  -0.0000043382
40 11   0.0000016344
41  1   0.0000070592  -0.0000085862   0.0000157819  -0.0000641326   0.0001026434
41  2  -0.0000071686   0.0000343795  -0.0001496076  -0.0000225473   0.0000660030
41  3  -0.0001048452  -0.0000196699  -0.0006707141   0.0005904646  -0.0004111107
41  4   0.0001119000  -0.0000911130   0.0001756661   0.0021826627   0.0005836810
41  5  -0.0005452356  -0.0082960072  -0.0064080841  -0.0030966951  -0.1276081262
41  6  -0.1310729860   0.0129006605   0.0002578886  -0.0004815290   0.0002531877
41  7  -0.0014030182  -0.0010804716   0.0043684382   0.0149772596   0.0111178648
41  8  -0.0031615879  -0.0180995062  -0.0101086073   0.0056857804   0.1385056819
41  9   0.1371074671  -0.0161338094  -0.0000021703  -0.0000003333  -0.0000003629
41 10  -0.0000035730   0.0000108346  -0.0000030467   0.0000044130  -0.0000067923
41 11   0.0000017193
42  1  -0.0000016787   0.0000009397  -0.0000051553  -0.0000017676  -0.0000100718
42  2  -0.0000054915  -0.0000052444   0.0000192729   0.0000211771  -0.0000101380
42  3   0.0000542286   0.0000239767   0.0006240472  -0.0004867656  -0.0012700659
42  4  -0.0002098555   0.0000890438   0.0000733572  -0.0011193405  -0.0015764995
42  5   0.0007379586   0.0187374911   0.0101264966   0.0034526860   0.0247329974
42  6   0.0152390136  -0.0442609482   0.0002450571  -0.0006444856   0.0007568103
42  7   0.0028748263   0.0059416011  -0.0070321358  -0.0033473883  -0.0031157781
42  8  -0.0006753932  -0.0178676402  -0.0094984869   0.0040014552  -0.0246524960
42  9  -0.0161338094   0.0441781688   0.0000004683  -0.0000003874  -0.0000002003
42 10   0.0000023218  -0.0000060639   0.0000022505  -0.0000016600   0.0000017521
42 11   0.0000015499
43  1  -0.2319095171  -0.1262763002   0.0225773233  -0.0021894614   0.0009988732
43  2  -0.0012528856   0.0010255478   0.0001877643  -0.0002928973   0.0014320769
43  3   0.0001849470   0.0006631110  -0.0001612128   0.0003978208  -0.0000136193
43  4   0.0000088510  -0.0000110506  -0.0000042903   0.0000177208  -0.0001044475
43  5  -0.0000153433  -0.0000202251   0.0000835647  -0.0000092700  -0.0000002313
43  6  -0.0000077846   0.0000173787   0.0000368268  -0.0000995228   0.0000964100
43  7   0.0000157381  -0.0001008946  -0.0000156882   0.0000033554  -0.0000043378
43  8   0.0000016379  -0.0000010662   0.0000081584  -0.0000025851  -0.0000033599
43  9  -0.0000021703   0.0000004683   0.2483239259   0.1378340164  -0.0252709496
43 10   0.0009422601   0.0019329776   0.0000505380  -0.0175212289  -0.0150216139
43 11   0.0034706614
44  1  -0.1270079608  -0.1296104982   0.0130917374  -0.0083325635  -0.0063752000
44  2  -0.0030471556   0.0021794806   0.0005800210  -0.0005642090  -0.0014093391
44  3  -0.0010945595   0.0043771491  -0.0006726874   0.0005871426  -0.0004012217
44  4   0.0002597659  -0.0004767673   0.0002469774   0.0000343245  -0.0001481213
44  5  -0.0000221031  -0.0000652285   0.0001010930  -0.0000066571   0.0000069293
44  6  -0.0000083759   0.0000156552   0.0001121166  -0.0000905270   0.0001724708
44  7   0.0000660683  -0.0001035579  -0.0000197427   0.0000042982  -0.0000066445
44  8   0.0000017085  -0.0000035648   0.0000108480  -0.0000030255  -0.0000021439
44  9  -0.0000003333  -0.0000003874   0.1378340164   0.1355314517  -0.0163479144
44 10  -0.0181433928  -0.0100144234   0.0057290035   0.0151398809   0.0111184519
44 11  -0.0032222855
45  1   0.0253192304   0.0154150667  -0.0443841854   0.0187874324   0.0100121300
45  2   0.0033661704  -0.0011163709  -0.0015811553   0.0007666937   0.0028759766
45  3   0.0059355695  -0.0070152530   0.0006228511  -0.0004867103  -0.0012634493
45  4   0.0002456898  -0.0006389677   0.0007510163  -0.0000052590   0.0000198410
45  5   0.0000214314  -0.0000022599  -0.0000105754  -0.0000055677  -0.0000014521
45  6   0.0000009731  -0.0000053871  -0.0002097281   0.0000895228   0.0000724837
45  7  -0.0000104592   0.0000548004   0.0000233809  -0.0000016327   0.0000017473
45  8   0.0000015600   0.0000023381  -0.0000061540   0.0000023574   0.0000004918
45  9  -0.0000003629  -0.0000002003  -0.0252709496  -0.0163479144   0.0442988065
45 10  -0.0179165768  -0.0094037163   0.0040463682  -0.0033193218  -0.0030540945
45 11  -0.0006762257
46  1  -0.0454983172  -0.0011399505  -0.0009015772   0.0007358105  -0.0000762586
46  2  -0.0001329011  -0.0007309413  -0.0001848278   0.0004018412  -0.0007318385
46  3   0.0002048261  -0.0003366634   0.0005913407   0.0000021402  -0.0000122102
46  4  -0.0008482902  -0.0000086097   0.0000058557  -0.0000763961   0.0000267200
46  5  -0.0000010967   0.0000947253   0.0000003394   0.0000000237  -0.0000060361
46  6   0.0000000313   0.0000004108   0.0000309012  -0.0000000816   0.0000019525
46  7  -0.0000763141  -0.0000275011   0.0000024705  -0.0000010888   0.0000035796
46  8  -0.0000022888   0.0000024184   0.0000000178   0.0000000599  -0.0000010899
46  9  -0.0000035730   0.0000023218   0.0009422601  -0.0181433928  -0.0179165768
46 10   0.0443703177   0.0011998237   0.0009911826   0.0012025381   0.0181467169
46 11   0.0178971955
47  1  -0.0011066765  -0.2072123583  -0.1380859876   0.0000739637   0.0082448355
47  2   0.0127894818  -0.0007628378  -0.0001733519  -0.0026672246   0.0007460895
47  3  -0.0001738967  -0.0026693473   0.0000129877  -0.0009652968   0.0044441773
47  4  -0.0000100790   0.0004251966  -0.0030647826   0.0000262253   0.0003354383
47  5   0.0000009182  -0.0000006345  -0.0002950727   0.0000384586  -0.0000001120
47  6   0.0000195639  -0.0000634605  -0.0000022047   0.0000875223  -0.0009052344
47  7  -0.0000258550   0.0003360578   0.0000009065  -0.0000081980   0.0000107929
47  8  -0.0000061169  -0.0000000604  -0.0000205964   0.0000039206   0.0000081807
47  9   0.0000108346  -0.0000060639   0.0019329776  -0.0100144234  -0.0094037163
47 10   0.0011998237   0.2194846502   0.1490703083  -0.0020835902  -0.0100998958
47 11  -0.0094762372
48  1  -0.0009146658  -0.1438600164  -0.1544120252  -0.0002039319  -0.0181625697
48  2  -0.0344182909  -0.0000996972   0.0010684556   0.0074962201   0.0001729263
48  3   0.0010586198   0.0075076204  -0.0000098098   0.0009554551  -0.0016073722
48  4   0.0000043555  -0.0012696229   0.0002116193  -0.0000103053  -0.0000912177
48  5   0.0000052983  -0.0000000836   0.0000954874   0.0000068363   0.0000000159
48  6  -0.0000038085   0.0000254891   0.0000008565  -0.0000484732   0.0003587278
48  7   0.0000112772  -0.0000909247   0.0000057459   0.0000026428  -0.0000030866
48  8   0.0000022854  -0.0000000279   0.0000039025  -0.0000047318  -0.0000026418
48  9  -0.0000030467   0.0000022505   0.0000505380   0.0057290035   0.0040463682
48 10   0.0009911826   0.1490703083   0.1669034666   0.0000073687   0.0055515340
48 11   0.0038704923
49  1  -0.2310461900   0.1269338600  -0.0206453182  -0.0023261566  -0.0009221609
49  2   0.0012943568   0.0014019561  -0.0001345109  -0.0007275436   0.0010262846
49  3  -0.0002024757   0.0002853907  -0.0001653927  -0.0003998797   0.0000013507
49  4   0.0000059229   0.0000022614   0.0000124328   0.0000157133   0.0001008679
49  5   0.0000156789  -0.0000202426  -0.0000831650   0.0000091181  -0.0000005923
49  6   0.0000077520  -0.0000174052   0.0000377187   0.0000995947  -0.0000955229
49  7   0.0000180037   0.0001040043   0.0000157537  -0.0000033966   0.0000021451
49  8  -0.0000004639  -0.0000011548  -0.0000082124   0.0000026853   0.0000033180
49  9   0.0000044130  -0.0000016600  -0.0175212289   0.0151398809  -0.0033193218
49 10   0.0012025381  -0.0020835902   0.0000073687   0.2473728990  -0.1385607844
49 11   0.0231630998
50  1   0.1276439054  -0.1309130331   0.0119400562   0.0082836171  -0.0064118615
50  2  -0.0031413308   0.0014352139  -0.0010912782   0.0043623265  -0.0021866787
50  3   0.0005890926  -0.0005382761   0.0006710019   0.0005872180  -0.0004135037
50  4  -0.0002579403  -0.0004795060   0.0002534121  -0.0000664743  -0.0001039974
50  5  -0.0000191729   0.0000644568   0.0001019968  -0.0000076990  -0.0000069041
50  6  -0.0000085764   0.0000156768  -0.0001110020  -0.0000903010   0.0001757002
50  7  -0.0000349689  -0.0001491402  -0.0000223183   0.0000021677  -0.0000002932
50  8  -0.0000004111   0.0000036251   0.0000108253  -0.0000030391  -0.0000043382
50  9  -0.0000067923   0.0000017521  -0.0150216139   0.0111184519  -0.0030540945
50 10   0.0181467169  -0.0100998958   0.0055515340  -0.1385607844   0.1369470905
50 11  -0.0151006125
51  1  -0.0233722815   0.0142836259  -0.0439197863  -0.0186957249   0.0101278876
51  2   0.0035511964  -0.0029269963   0.0059464989  -0.0069946076   0.0011098799
51  3  -0.0015810424   0.0007416796  -0.0006322161  -0.0004819885  -0.0012603786
51  4  -0.0002415386  -0.0006415522   0.0007558436   0.0000101954   0.0000534085
51  5   0.0000232981   0.0000017846  -0.0000093534  -0.0000057977   0.0000015913
51  6   0.0000008513  -0.0000052759   0.0002100359   0.0000868903   0.0000717587
51  7   0.0000054227   0.0000186019   0.0000207768  -0.0000004419  -0.0000004232
51  8  -0.0000002293  -0.0000023016  -0.0000059888   0.0000022572   0.0000016344
51  9   0.0000017193   0.0000015499   0.0034706614  -0.0032222855  -0.0006762257
51 10   0.0178971955  -0.0094762372   0.0038704923   0.0231630998  -0.0151006125
51 11   0.0438234486
$end
