$vibrational normal modes
 1  1  -0.2587623395   0.1468551481   0.1953496012   0.1803682162   0.0564848134
 1  2   0.2459760362  -0.2784318082  -0.0019243688  -0.0006067065  -0.2365205876
 1  3   0.0008149666  -0.2034352562  -0.0008374195   0.0002767597   0.0101251461
 1  4  -0.0023064479  -0.0001925314   0.0285204444   0.0412889071  -0.0509074040
 1  5   0.1600478101  -0.1577104548   0.0016977507   0.0000973049  -0.0001024963
 1  6  -0.0000963815   0.0001291127  -0.0009049333   0.0009021276   0.0000967374
 1  7  -0.0000568308   0.1055875318  -0.1083432837  -0.0005394933  -0.0005429161
 1  8  -0.0002928215   0.0002728546   0.0641829245   0.0644410116  -0.0003472884
 1  9  -0.0003494292  -0.0002051861  -0.0002079183  -0.0589847142  -0.0248166401
 1 10  -0.0001226750  -0.0001211555  -0.0664543967   0.0664844568   0.0005706515
 1 11  -0.0002406146
 2  1   0.0932727544   0.0277525641   0.2078575907  -0.0387707313  -0.0783104186
 2  2  -0.0024582876   0.0008925298  -0.1830489972  -0.2644781237   0.0002191127
 2  3   0.2671049303   0.0011897981  -0.1628596230   0.0713081441  -0.0001472019
 2  4   0.0001419155  -0.1226365836   0.0001258035   0.0000468651   0.0001675857
 2  5  -0.0003243541   0.0003614226   0.0319560530  -0.1548287373   0.1522357220
 2  6   0.0046636127  -0.0175073930   0.1384697269  -0.1375913317  -0.0223418016
 2  7   0.0715615087  -0.0002391554   0.0002408256  -0.0918434293  -0.0904987152
 2  8  -0.0787577420   0.0770082098  -0.0000547189  -0.0000970595   0.0367705625
 2  9   0.0371572423  -0.0401646587  -0.0405493151   0.0001880572   0.0000768622
 2 10   0.0111593524   0.0110379269   0.0003084098  -0.0003076466   0.0808837810
 2 11  -0.0341667941
 3  1  -0.0785580297   0.1058284572   0.0395801022  -0.0987061892  -0.3038449034
 3  2  -0.0107594854   0.0016335677  -0.2436944934  -0.1137360746   0.0012550356
 3  3   0.0325843663   0.0006818116   0.1113029024  -0.0874275133  -0.0001186561
 3  4   0.0000638800  -0.0007626718  -0.0000301986  -0.0000792318   0.0001192179
 3  5  -0.0006059285   0.0005662129  -0.0354363152   0.0958539432  -0.0947328208
 3  6  -0.0140885149   0.0257887071  -0.2621048660   0.2618208675   0.0181311803
 3  7   0.0239048774  -0.0004873020   0.0004971799  -0.0591396315  -0.0599848147
 3  8  -0.0653197187   0.0637098248  -0.0001736406  -0.0002079781  -0.0899765165
 3  9  -0.0906208338  -0.0129971088  -0.0132568169   0.0003168067   0.0001314199
 3 10  -0.0277168821  -0.0273984749   0.0003947605  -0.0003945261   0.0331793586
 3 11  -0.0140162574
 4  1  -0.1184604942  -0.0891393042   0.1068293721   0.3304472574  -0.0567952772
 4  2   0.1373300711  -0.2059766674  -0.0006764665  -0.0001616721   0.0859020337
 4  3  -0.0003028798   0.0631849450   0.0000006939   0.0007300020  -0.0140251167
 4  4   0.0064632561   0.0007044992  -0.0036141082  -0.0028320113   0.0391465198
 4  5  -0.0708465038   0.0727278644  -0.0008503968   0.0004884788  -0.0005081631
 4  6   0.0005992767  -0.0005571047   0.0005070662  -0.0005057340  -0.0000419334
 4  7  -0.0000048551   0.0002223784  -0.0000097365   0.0001692032   0.0001815655
 4  8   0.0002766714  -0.0002393126  -0.2742447528  -0.2730788983  -0.0000086339
 4  9  -0.0000104031  -0.0000271765  -0.0000285492  -0.0037656621  -0.0014818521
 4 10   0.0000003115   0.0000004618  -0.0005250015   0.0005346761   0.0000046352
 4 11  -0.0000019800
 5  1   0.0661169029  -0.0430604201   0.2019209322  -0.0459681383   0.0328256918
 5  2  -0.0017042551   0.0003822973   0.0373266059  -0.0232853628  -0.0001853384
 5  3   0.0224924176   0.0006925643  -0.3149905768   0.3104174386   0.0002224510
 5  4  -0.0000020563   0.1052035821  -0.0001149798  -0.0001193086   0.0000060115
 5  5   0.0000763103  -0.0000377354   0.0346845124   0.0171577177  -0.0245734685
 5  6   0.1561258009  -0.1449791986  -0.0582493273   0.0585980068  -0.0207169880
 5  7   0.0212325571  -0.0000415565   0.0000493567  -0.0244279595  -0.0288203166
 5  8   0.1488469236  -0.1585996294   0.0001251442   0.0002243348  -0.0032839140
 5  9  -0.0037622378  -0.0040460407  -0.0042750761   0.0000152863   0.0000048307
 5 10  -0.0000558811  -0.0000231410   0.0000018444  -0.0000019223   0.0003506450
 5 11  -0.0001449639
 6  1  -0.0908155022   0.0761184314   0.0373466686  -0.1023775630  -0.2554063699
 6  2  -0.0100269755   0.0011473220  -0.1476233005  -0.0092003497  -0.0001227806
 6  3  -0.0713804390  -0.0004792326   0.0269918684   0.0413737523   0.0001860411
 6  4  -0.0000638496   0.0977632120  -0.0000826986  -0.0000666035  -0.0002272933
 6  5   0.0003652280  -0.0003797060  -0.0118301891   0.0998501221  -0.0989092652
 6  6   0.0725563074  -0.0710455011   0.1396241492  -0.1393861164  -0.0062720440
 6  7  -0.0197482186   0.0000121525  -0.0000120166   0.0413738951   0.0414036233
 6  8   0.0498756551  -0.0486769122   0.0011103480   0.0011322882   0.0003466759
 6  9   0.0003592387  -0.0032253084  -0.0032579154   0.0000252470   0.0000100876
 6 10   0.0001384613   0.0001328428   0.0000031606  -0.0000031882   0.0004455622
 6 11  -0.0001903309
 7  1  -0.1073518074  -0.0675930330   0.0961112746   0.2868197954  -0.0437484508
 7  2   0.0796637976  -0.1025504367  -0.0006990834   0.0001373231   0.0780102555
 7  3  -0.0023342177   0.0821765929   0.0276754912  -0.0251748874  -0.0612542514
 7  4   0.0426483345  -0.0061083197  -0.0713786480  -0.0974560077   0.0203368063
 7  5   0.0069954511  -0.0137138799  -0.0100605667   0.0473460596  -0.0405814781
 7  6  -0.2834644356   0.2886847366   0.0341199664  -0.0384190405  -0.0749190721
 7  7   0.0525180909  -0.0283898211   0.0286842081  -0.0600327410  -0.0654593769
 7  8   0.1421613169  -0.1489745139   0.2662950547   0.2677828978  -0.0027378407
 7  9  -0.0029643262   0.0004870682   0.0004666574   0.0002756038  -0.0000064336
 7 10  -0.0001688653  -0.0001682246   0.0003213060  -0.0003354371   0.0000673995
 7 11  -0.0000289085
 8  1   0.0889467420  -0.0243541062   0.1835927994  -0.0948334489   0.0395766791
 8  2  -0.0825883776   0.1398786291   0.0265711566  -0.0356744125   0.0064489471
 8  3   0.0304984197   0.0398263731  -0.2740126813   0.2843587033  -0.0693326482
 8  4   0.0507274124   0.0971850645  -0.0993953816  -0.1343284322  -0.0018913268
 8  5   0.1116070087  -0.1208214594   0.0274256409   0.0870968111  -0.0837864677
 8  6  -0.1644584356   0.1736115856  -0.0037213967   0.0012175193  -0.0029066993
 8  7  -0.0358367140   0.0293258357  -0.0302409052   0.0480146310   0.0509133108
 8  8  -0.1259544065   0.1409277729  -0.1791043641  -0.1752881509   0.0029297147
 8  9   0.0036030208   0.0010068992   0.0013166487   0.0004206805   0.0002560483
 8 10   0.0000733290   0.0000000812  -0.0000898572   0.0000950284  -0.0001879091
 8 11   0.0000729377
 9  1  -0.1996726656   0.2179710860   0.0913205044  -0.2379375643  -0.1063477067
 9  2   0.0356986402   0.0144326615  -0.0204032741   0.1246551902  -0.2044575725
 9  3  -0.1809921812  -0.1029341006  -0.1107117354   0.1882095267  -0.0334277109
 9  4   0.0273091324   0.1541143901  -0.0639183341  -0.0934468170   0.0348743393
 9  5  -0.1466633240   0.1455201516   0.0426716544  -0.1511782045   0.1517645604
 9  6  -0.0684787629   0.0642651060  -0.0148119956   0.0143370612  -0.0080356673
 9  7   0.0045785737  -0.0141393194   0.0144554860  -0.0215993729  -0.0228301127
 9  8  -0.0303094963   0.0315483893  -0.0160129139  -0.0156764209   0.0007448675
 9  9   0.0007528476   0.0017451682   0.0017762301  -0.0002809627  -0.0001162700
 9 10  -0.0000172712  -0.0000234925  -0.0001262620   0.0001264587  -0.0001446892
 9 11   0.0000645450
10  1  -0.1066106707  -0.0692056005   0.0956774109   0.2881174917  -0.0445471004
10  2   0.0795361593  -0.1030962425   0.0006316539   0.0006621998   0.0797516778
10  3   0.0009532484   0.0830783560  -0.0283641864   0.0276377655  -0.0607316133
10  4   0.0422613416   0.0085380819  -0.0705437633  -0.0962807022   0.0200555585
10  5   0.0078909392  -0.0145613193   0.0108632331  -0.0483688475   0.0416664748
10  6   0.2822328590  -0.2875127464  -0.0342453049   0.0385357723   0.0747651192
10  7  -0.0525486888  -0.0282191400   0.0284936745   0.0600063500   0.0653957576
10  8  -0.1425248474   0.1492971216   0.2677234066   0.2689733171   0.0027578229
10  9   0.0029882800  -0.0004669939  -0.0004438567   0.0002737616  -0.0000067441
10 10   0.0001689662   0.0001681161   0.0003222496  -0.0003363534  -0.0000719255
10 11   0.0000308502
11  1   0.0452151545  -0.0566388054   0.2207277719   0.0035428972   0.0179382015
11  2   0.0793231739  -0.1394243680   0.0262203980  -0.0356550861  -0.0067958637
11  3   0.0302766520  -0.0386458486  -0.2745484647   0.2844393461   0.0699594626
11  4  -0.0508469538   0.0964348472   0.0994471948   0.1344847651   0.0019524656
11  5  -0.1116953352   0.1210077635   0.0245906083   0.0873149506  -0.0840539075
11  6  -0.1651875331   0.1744225055  -0.0035857858   0.0010656168  -0.0031799061
11  7  -0.0355763429  -0.0291169786   0.0300221234   0.0478459698   0.0506998792
11  8  -0.1253030624   0.1401936810   0.1788712226   0.1748680883   0.0029204647
11  9   0.0035939988   0.0010068020   0.0013171547  -0.0004197783  -0.0002516777
11 10   0.0000728831  -0.0000002961   0.0000880866  -0.0000929585  -0.0001882872
11 11   0.0000731071
12  1  -0.0114833730  -0.1437005239  -0.0231717399   0.0259638537  -0.2833528302
12  2  -0.0546071248  -0.0135460482  -0.0199201263   0.1241633657   0.2045287214
12  3  -0.1814184338   0.1021586216  -0.1097461481   0.1880033962   0.0346042833
12  4  -0.0280018108   0.1538965294   0.0640188149   0.0938297202  -0.0349320815
12  5   0.1464089480  -0.1450883424   0.0462051531  -0.1508423559   0.1515093572
12  6  -0.0709011715   0.0667396184  -0.0144750866   0.0139662039  -0.0086871366
12  7   0.0049502773   0.0143723935  -0.0146913498  -0.0221429477  -0.0234178752
12  8  -0.0290138171   0.0301934681   0.0137754936   0.0133932725   0.0007235910
12  9   0.0007299484   0.0017541794   0.0017852680   0.0002668506   0.0001109778
12 10  -0.0000186240  -0.0000247048   0.0001225872  -0.0001225678  -0.0001456848
12 11   0.0000650470
13  1  -0.1015605716   0.0224232128   0.0832598674   0.1553726066   0.0061660777
13  2  -0.0464787497   0.1001752132   0.0003722846   0.0000297006  -0.0090271442
13  3   0.0001374746  -0.0000005252  -0.0000900555  -0.0005893856   0.0155112088
13  4  -0.0000039460  -0.0000961803   0.0116448288  -0.0000016311  -0.0965396989
13  5  -0.0101431664   0.0000084199  -0.0001839889   0.0000052756   0.0000101943
13  6   0.0000086396  -0.0000115729  -0.0000002965  -0.0000015094   0.0000010262
13  7   0.0001977562  -0.0000575974   0.0000006930   0.0000000600   0.0000275508
13  8  -0.0000049099   0.0000020194   0.0000014643  -0.0036342811  -0.0000017029
13  9  -0.0000002857  -0.0000005919  -0.0000002656   0.0000102885   0.0000252414
13 10   0.0000000738  -0.0000000021   0.0000000023   0.0000089167  -0.0000000827
13 11  -0.0000000767
14  1   0.0739838616  -0.0223744841   0.2037388073  -0.0436521784   0.0002087157
14  2  -0.0015852832  -0.0001527685   0.0066743606   0.0000049681  -0.0000131449
14  3  -0.0420053711  -0.0000825585   0.0000042546  -0.1319059467  -0.0001746289
14  4  -0.0001145128   0.0000221446  -0.0000320632   0.0000490736   0.0000740709
14  5   0.0001101580  -0.0001970322  -0.1087277881  -0.0077863596  -0.0000010012
14  6   0.0038208634  -0.0000001010   0.0018030624   0.0000023085  -0.0000001576
14  7  -0.0151105315  -0.0000019691   0.0000032888   0.0000003473  -0.0018232844
14  8  -0.0012704068  -0.0000000160   0.0000020215  -0.0000001355   0.0001340308
14  9   0.0000003918   0.0000931999   0.0000005229   0.0000000452  -0.0000001245
14 10  -0.0000136419   0.0000000752  -0.0000000614  -0.0000000496  -0.0000067960
14 11  -0.0000027585
15  1  -0.1403961460  -0.0552130653   0.0262829146  -0.1143968599  -0.0517453150
15  2  -0.0081425420  -0.0005441102   0.0660315896  -0.0000197950  -0.0001312440
15  3   0.0534489076   0.0000978041  -0.0000007202  -0.0400922335  -0.0000875297
15  4  -0.0000286895   0.0000049092  -0.0000407844   0.0000239755   0.0003194385
15  5   0.0000515092  -0.0000460669  -0.0230448911   0.0009940162  -0.0000000520
15  6   0.0019166808   0.0000001561  -0.0007345742  -0.0000010634   0.0000010255
15  7   0.0674469647   0.0000102753  -0.0000179534  -0.0000018169   0.0091800065
15  8  -0.0011833785  -0.0000001021   0.0000130229   0.0000267700  -0.0005805485
15  9  -0.0000016979  -0.0002519014  -0.0000014105  -0.0000016832   0.0000014414
15 10   0.0000295869  -0.0000001646  -0.0000000764  -0.0000000896  -0.0000258613
15 11  -0.0000105078
16  1  -0.2396419625   0.2703559029   0.1689340986  -0.0139565456   0.1262302091
16  2   0.0413337468   0.1188113528   0.0005220128   0.0003588971  -0.0267545303
16  3  -0.0002732196   0.3797878831   0.0013674720  -0.0005558598   0.0204232023
16  4  -0.0290744244  -0.0011422279   0.0324214216   0.0361900566   0.6701023961
16  5   0.0314437596  -0.0310937514   0.0014084237   0.0000927757  -0.0001362907
16  6   0.0000307807   0.0001055230   0.0000307575  -0.0000577840   0.0020328501
16  7  -0.0015509796   0.0000724731   0.0000867664  -0.0000526954  -0.0002074738
16  8   0.0000265863  -0.0001189895   0.0002312938   0.0093825202   0.0000114618
16  9   0.0000036409   0.0000047980   0.0000018213  -0.0007410717  -0.0002392761
16 10  -0.0000009685  -0.0000005687   0.0000094324  -0.0000290773   0.0000012736
16 11  -0.0000002750
17  1   0.1019867048   0.0506105238   0.2098397050  -0.0362795629  -0.1143038338
17  2  -0.0024348464  -0.0002057563   0.0008877406   0.1239144659   0.0001956227
17  3  -0.0457544639  -0.0001325133  -0.2530596447  -0.2429925648  -0.0011586028
17  4   0.0002516567  -0.4887474488   0.0003459197   0.0004090588  -0.0004524948
17  5  -0.0004453552   0.0013664733   0.6763169837   0.0175158522  -0.0421976844
17  6   0.0052007056  -0.0159770694  -0.0037790917   0.0002805359  -0.1440412136
17  7   0.1054097810   0.0000258330  -0.0000308182   0.0060869480   0.0143656014
17  8  -0.0005763485   0.0089102170   0.0000360913   0.0000193994  -0.0015009441
17  9  -0.0010820798  -0.0007374140  -0.0005815322  -0.0000037093  -0.0000008991
17 10   0.0000161506  -0.0000275383   0.0000003324  -0.0000000745   0.0000910569
17 11  -0.0000263044
18  1  -0.1338469303  -0.0400292094   0.0273506573  -0.1122600469  -0.0771478755
18  2  -0.0086006604  -0.0006129166   0.0645185933   0.0246256263  -0.0000332466
18  3   0.0634037316  -0.0010094368  -0.0784383814  -0.0659548706  -0.0003236585
18  4   0.0001014373  -0.0937880309  -0.0000491584   0.0000002770  -0.0020832869
18  5  -0.0001879893   0.0003818521   0.1423861855   0.0126214442  -0.0151868382
18  6   0.0009714531   0.0492473246   0.0104398656  -0.0181977474   0.6796862695
18  7  -0.5019190267  -0.0001172564   0.0001383805  -0.0178224885  -0.0660993359
18  8   0.0077929030  -0.0353747911  -0.0001272986  -0.0001168063   0.0036185666
18  9   0.0012100958   0.0015635390   0.0005191966   0.0000154345  -0.0000006705
18 10  -0.0002627908  -0.0001336012   0.0000003187  -0.0000002083   0.0003073650
18 11  -0.0000817715
19  1  -0.0958181043   0.1126188863   0.0704302496   0.0237388660   0.0561732807
19  2  -0.1727023109  -0.1027764993  -0.0006507517  -0.0002605337   0.0781865498
19  3  -0.0020009159  -0.0822489395  -0.0267915203  -0.0236284178  -0.0611878072
19  4  -0.0425764918   0.0065678426  -0.0712398579   0.0972619212   0.0203146398
19  5   0.0070449649   0.0136954476  -0.0105570485   0.0472657416   0.0405492279
19  6  -0.2830786387  -0.2883189806   0.0340660988   0.0385470545   0.0747924891
19  7   0.0524794681  -0.0290380466  -0.0278660774   0.0600556239  -0.0654262839
19  8   0.1421061653   0.1489713467  -0.2673689083   0.2683447147  -0.0027655091
19  9   0.0029591109   0.0004822182  -0.0004500875  -0.0001996391   0.0001849775
19 10  -0.0001670839   0.0001700338  -0.0003206512  -0.0003344155   0.0000302519
19 11   0.0000726404
20  1   0.0590844628  -0.0203160886   0.2238491350   0.0074292082  -0.0392061369
20  2   0.0792454989   0.1396722936   0.0266540234   0.0356496837   0.0066323130
20  3   0.0306102268  -0.0397184717   0.2754858794   0.2868441784  -0.0691680349
20  4  -0.0501901832  -0.0972769034  -0.0992995904   0.1342696692  -0.0019934758
20  5   0.1117766819   0.1207214313   0.0250792848   0.0870414569   0.0838046346
20  6  -0.1646991494  -0.1738885882  -0.0036225731  -0.0011230549   0.0030518496
20  7  -0.0356460847   0.0299635925   0.0293530583  -0.0478930099   0.0507409579
20  8  -0.1255890158  -0.1405726851   0.1793106098  -0.1751766405   0.0029475423
20  9  -0.0035813254   0.0010202649  -0.0013036683  -0.0001205705   0.0004689470
20 10   0.0000735639  -0.0000012146   0.0000883864   0.0000933416  -0.0000842396
20 11  -0.0001842512
21  1  -0.0813487702  -0.3280912127  -0.0386397134   0.0088566121   0.0031657138
21  2  -0.0518867562   0.0144868922  -0.0209260227  -0.1239295456  -0.2048445803
21  3  -0.1814248669   0.1024481475   0.1112309597   0.1893120403  -0.0337770070
21  4  -0.0271263858  -0.1543086360  -0.0634391408   0.0930575338   0.0346949347
21  5  -0.1468737790  -0.1450543209   0.0450541481  -0.1512598811  -0.1519092403
21  6  -0.0688246301  -0.0645931429  -0.0147293710  -0.0143211498   0.0080866407
21  7   0.0045651310  -0.0145683768  -0.0141468265   0.0216550406  -0.0228782059
21  8  -0.0300999425  -0.0313390119   0.0158209129  -0.0154577529   0.0007484707
21  9  -0.0007471304   0.0017767967  -0.0017676587   0.0001114050  -0.0002601253
21 10  -0.0000171421   0.0000236804   0.0001241064   0.0001240879  -0.0000598078
21 11  -0.0001497247
22  1  -0.0846503927   0.1339673398   0.0596839967  -0.0196895024   0.0691185288
22  2  -0.2302941241  -0.2059880608  -0.0005633618  -0.0001029565   0.0858982931
22  3  -0.0000933313  -0.0631788042  -0.0000712975   0.0005498413  -0.0140253708
22  4  -0.0064552101  -0.0002858213  -0.0036114750   0.0028299506   0.0391579156
22  5  -0.0709746833  -0.0726053437   0.0003866948   0.0003578188   0.0003468110
22  6   0.0002197166   0.0002072305   0.0004646193   0.0004661832   0.0000796887
22  7  -0.0000250968   0.0002229166   0.0000042370  -0.0001087309   0.0000992264
22  8   0.0003532708   0.0002781788   0.2744587452  -0.2728667336   0.0000040558
22  9  -0.0000034583   0.0000130108  -0.0000128716   0.0016534935  -0.0036935313
22 10   0.0000005414  -0.0000005393   0.0005252788   0.0005344064  -0.0000016737
22 11  -0.0000040263
23  1   0.0819189843  -0.0016426289   0.2054962858  -0.0414954788  -0.0323637290
23  2  -0.0017273353   0.0000190349   0.0373176998   0.0232689519  -0.0000284795
23  3   0.0225289217  -0.0005413239   0.3149924363   0.3103471096   0.0005533939
23  4   0.0006136782  -0.1052898639   0.0001889691  -0.0002172651  -0.0000647023
23  5  -0.0001510396  -0.0000591712   0.0346768341   0.0171589924   0.0245827651
23  6   0.1561374859   0.1449809104  -0.0580880230  -0.0587346906   0.0207184744
23  7   0.0212344012   0.0000313674   0.0000273623   0.0244333949  -0.0288105571
23  8   0.1488451698   0.1586089263  -0.0001895573   0.0002348027  -0.0033066083
23  9   0.0037424921  -0.0040946979   0.0042291695   0.0000075089  -0.0000167907
23 10  -0.0000555713   0.0000236861   0.0000021627   0.0000021677   0.0001503169
23 11   0.0003483702
24  1  -0.1902806548  -0.1859622075   0.0154037323  -0.1268418593   0.1522026746
24  2  -0.0061124513   0.0011391510  -0.1476229891   0.0092795595   0.0001192573
24  3  -0.0713784965   0.0001181262  -0.0269997940   0.0413204541  -0.0000710630
24  4   0.0001768860  -0.0977672588   0.0000775164   0.0000578673  -0.0001115870
24  5   0.0002149815   0.0001965119  -0.0118563130   0.0998297789   0.0989272445
24  6   0.0725483209   0.0710330098   0.1392740137   0.1397477210   0.0062699761
24  7  -0.0197528843   0.0000667172   0.0000794867  -0.0413867005   0.0413933337
24  8   0.0498612932   0.0486653591  -0.0009559666   0.0009698067   0.0003487461
24  9  -0.0003571620  -0.0032618883   0.0032208663   0.0000047344  -0.0000120378
24 10   0.0001370371  -0.0001343325   0.0000012167   0.0000011535   0.0001867240
24 11   0.0004470452
25  1   0.0556538021  -0.1020383655  -0.0288370416   0.1304021259  -0.0441674542
25  2  -0.3389330047  -0.2784100984  -0.0020325135   0.0008421498  -0.2365303410
25  3  -0.0002322802   0.2034298113   0.0005092142  -0.0001839216   0.0101114089
25  4   0.0022913092   0.0000113711   0.0285127831  -0.0412747503  -0.0509337540
25  5   0.1603261461   0.1574296152  -0.0008839236   0.0003286966   0.0003501437
25  6   0.0000590086   0.0000230837  -0.0009730450  -0.0009763582   0.0000074609
25  7   0.0002252428   0.1083555482   0.1055775991   0.0002630943  -0.0002491228
25  8  -0.0004064202  -0.0003693583  -0.0642342909   0.0643913498  -0.0003387660
25  9   0.0003379901   0.0001855348  -0.0001794361   0.0247775126  -0.0590024324
25 10  -0.0000606762   0.0000614621   0.0664877480   0.0664502569  -0.0002862182
25 11  -0.0006757624
26  1   0.0547549838  -0.0724635214   0.1995654663  -0.0486770996   0.0787729926
26  2  -0.0009468515   0.0005273465  -0.1829498981   0.2644591562   0.0009025348
26  3   0.2672551880  -0.0001303489   0.1627738449   0.0713345423   0.0003804553
26  4  -0.0000544736   0.1226113796   0.0001781576  -0.0003732711  -0.0000742418
26  5  -0.0000917511  -0.0000391741   0.0319654402  -0.1547961813  -0.1522635705
26  6   0.0046596968   0.0175023211   0.1380975905   0.1379235852   0.0223429237
26  7   0.0715711369  -0.0000140543  -0.0000507535   0.0918711862  -0.0904745200
26  8  -0.0787620510  -0.0770181698  -0.0000370192   0.0000102725   0.0369859880
26  9  -0.0369277437  -0.0406232568   0.0400916040   0.0001263522  -0.0003008186
26 10   0.0110389506  -0.0111563767   0.0005584557   0.0005575203   0.0341683253
26 11   0.0808833791
27  1  -0.2025051016  -0.2157251593   0.0131521246  -0.1304695964   0.2006028388
27  2  -0.0053947700   0.0016063383  -0.2436248435   0.1137900879   0.0016485545
27  3   0.0326146181  -0.0005851437  -0.1113327395  -0.0874118008  -0.0001446932
27  4  -0.0000309685   0.0007723115  -0.0002721963   0.0004066543   0.0002326915
27  5  -0.0004501811  -0.0005272446  -0.0354459355   0.0958441404   0.0947606422
27  6  -0.0140887012  -0.0257882219  -0.2614501940  -0.2625028928  -0.0181330526
27  7   0.0239011869  -0.0004659712  -0.0004703216   0.0591498096  -0.0599609840
27  8  -0.0653120734  -0.0637075134   0.0002467367  -0.0002770081  -0.0905225227
27  9   0.0900804114  -0.0131440870   0.0131057496  -0.0000523961   0.0001262821
27 10  -0.0274211450   0.0276954914   0.0000074171   0.0000071243   0.0140146486
27 11   0.0331770785
28  1   0.0365209249  -0.2255097557  -0.0024144212   0.3247020108  -0.1138981940
28  2  -0.1342912050   0.1188349605   0.0001292895  -0.0002757913  -0.0267416537
28  3   0.0004787839  -0.3797641772  -0.0012803885  -0.0010588669   0.0204481907
28  4   0.0290569102   0.0011031221   0.0324339443  -0.0361742719   0.6701321684
28  5   0.0314993978   0.0310605728   0.0008008683   0.0000138912   0.0000750572
28  6  -0.0000044194  -0.0001366387   0.0000199276   0.0000597964  -0.0019144913
28  7  -0.0013885702   0.0000704504  -0.0000877990   0.0000458910  -0.0001803183
28  8   0.0000230294   0.0000967333  -0.0002392470   0.0093831442   0.0000071527
28  9  -0.0000004460   0.0000029484   0.0000002264   0.0003621135  -0.0006897490
28 10  -0.0000005403   0.0000002010  -0.0000094537  -0.0000290796   0.0000003811
28 11   0.0000007869
29  1   0.0459693871  -0.0953680460   0.1976478051  -0.0509985846   0.1147154297
29  2  -0.0006925919  -0.0001215495   0.0008200140  -0.1238872386  -0.0003475209
29  3  -0.0457795936  -0.0002023769   0.2530509881  -0.2427912999   0.0004393944
29  4  -0.0007739508   0.4887700904  -0.0006485428  -0.0000176759  -0.0006139003
29  5  -0.0004671816   0.0011998911   0.6763777613   0.0175111461   0.0422157699
29  6   0.0052062721   0.0159774755  -0.0037789008  -0.0002899826   0.1440430061
29  7   0.1054055283   0.0000054126  -0.0000261775  -0.0060929486   0.0143639724
29  8  -0.0005762320  -0.0089107452  -0.0000259918  -0.0000029077  -0.0015074549
29  9   0.0010732875  -0.0007439861   0.0005732151  -0.0000046340   0.0000096298
29 10   0.0000164184   0.0000273832   0.0000004570   0.0000004852   0.0000469573
29 11   0.0000823932
30  1  -0.1468952243  -0.0704932376   0.0251846761  -0.1164633746  -0.0263899398
30  2  -0.0077084790  -0.0005893303   0.0645055001  -0.0246649179  -0.0001597048
30  3   0.0633989093   0.0010735807   0.0784304269  -0.0659166957   0.0000342747
30  4  -0.0002316844   0.0937920050  -0.0001940346   0.0000894290  -0.0020187476
30  5  -0.0001913298   0.0001635623   0.1423988975   0.0126192165   0.0151919592
30  6   0.0009708309  -0.0492480073   0.0103939491   0.0182252637  -0.6797006693
30  7  -0.5019044512  -0.0000286104   0.0001296024   0.0178487117  -0.0660949596
30  8   0.0077918777   0.0353767920  -0.0000410844  -0.0001261683   0.0036258359
30  9  -0.0011890077   0.0015694504  -0.0005016762   0.0000104096  -0.0000180270
30 10  -0.0002613864   0.0001365010   0.0000012230   0.0000013505   0.0001633695
30 11   0.0002730122
31  1  -0.0964529976   0.1138577658   0.0708150587   0.0228238460   0.0567794491
31  2  -0.1724191571  -0.1028866173   0.0006816969  -0.0007931086   0.0795844804
31  3   0.0012914069  -0.0830283269   0.0292420960   0.0291631718  -0.0608189153
31  4  -0.0422564404  -0.0080978774  -0.0707113130   0.0964734114   0.0200609913
31  5   0.0078778055   0.0145424739   0.0103591037  -0.0484385836  -0.0417238899
31  6   0.2826378459   0.2878610460  -0.0341039670  -0.0385835894  -0.0748976131
31  7  -0.0526000159  -0.0290326170  -0.0278302203  -0.0600204863   0.0653947229
31  8  -0.1425686762  -0.1493101670  -0.2670692041   0.2679977566   0.0027660999
31  9  -0.0029605308  -0.0004820781   0.0004494464  -0.0002020975   0.0001901364
31 10   0.0001670655  -0.0001698621  -0.0003232675  -0.0003370674  -0.0000279435
31 11  -0.0000672506
32  1   0.1027798923   0.0118742360   0.1867062079  -0.0909568389  -0.0174194673
32  2  -0.0826652206  -0.1396360848   0.0261553391   0.0356284379  -0.0066054023
32  3   0.0302287878   0.0387824661   0.2730988065   0.2818557836   0.0701549487
32  4   0.0512982958  -0.0965088588   0.0996046583  -0.1345670192   0.0018950119
32  5  -0.1119040490  -0.1206748485   0.0269202618   0.0873123962   0.0840450903
32  6  -0.1649659197  -0.1741426445  -0.0036827483  -0.0011824263   0.0030321811
32  7  -0.0357758934  -0.0300163754  -0.0293762159  -0.0479922852   0.0508407232
32  8  -0.1256621688  -0.1405613216  -0.1789435353   0.1747063994   0.0029461893
32  9  -0.0035806811   0.0010237413  -0.0013075772   0.0001245759  -0.0004816156
32 10   0.0000725563  -0.0000000766  -0.0000896643  -0.0000945905  -0.0000835989
32 11  -0.0001826572
33  1  -0.2694799948   0.0337351670   0.0758656626  -0.2550309718   0.1799316501
33  2   0.0384168942  -0.0135306300  -0.0195195946  -0.1247560724   0.2041357223
33  3  -0.1811004415  -0.1026143869   0.1092907532   0.1867038237   0.0342618550
33  4   0.0281337107  -0.1537827657   0.0645084903  -0.0941913149  -0.0351006072
33  5   0.1467303965   0.1450637445   0.0438447094  -0.1507084708  -0.1514308465
33  6  -0.0705439331  -0.0663900907  -0.0144846945  -0.0140552079   0.0086404223
33  7   0.0049744327   0.0146939320   0.0142587610   0.0221068876  -0.0233644851
33  8  -0.0291995348  -0.0303814274  -0.0139657006   0.0135640535   0.0007287997
33  9  -0.0007264632   0.0017626265  -0.0017536765  -0.0001208761   0.0002855676
33 10  -0.0000182563   0.0000249251  -0.0001248271  -0.0001247468  -0.0000579992
33 11  -0.0001455631
34  1   0.0746483234  -0.1100456516  -0.0430286723   0.1176853527  -0.0464016386
34  2  -0.3828405437  -0.3508351379  -0.0022034737   0.0008192431  -0.2737476269
34  3   0.0000879880   0.2898304619   0.0000435219  -0.0057110114   0.2177083903
34  4   0.2085673943   0.0022238568  -0.1592252914   0.1321216335  -0.0498643872
34  5   0.2863440114   0.2858386048  -0.0001038747  -0.0124858799  -0.0123516103
34  6  -0.0088801720  -0.0092327701  -0.0152452340  -0.0151045595  -0.0047172326
34  7  -0.0326931446  -0.0946615810  -0.0922348687  -0.0499918123   0.0496064974
34  8   0.0496832946   0.0486727330   0.0781958184  -0.0780912443  -0.1147106193
34  9   0.1143222320   0.2726042064  -0.2694379098  -0.0293321204   0.0698665698
34 10   0.3383061414  -0.3419784668  -0.4064154307  -0.4062052713   0.1340887739
34 11   0.3173544336
35  1   0.0689209576  -0.0654060437   0.1855940248  -0.0851182688   0.0941268448
35  2  -0.0600791249  -0.1077531232  -0.1965933713   0.2792454379  -0.0223839238
35  3   0.2847327192   0.1037943546   0.1540877553   0.0452748759   0.3295538686
35  4   0.3289434465   0.1468609844  -0.3056672364   0.2852656684   0.0176087472
35  5   0.1419315780   0.1459335767   0.0373167840  -0.2120657672  -0.2099544292
35  6  -0.0458309825  -0.0317034699   0.0898886796   0.0899387634   0.0115571594
35  7  -0.0180999620  -0.2143698331  -0.2088570609  -0.0519587041   0.0531307048
35  8   0.0656803677   0.0664149899   0.1413825355  -0.1406120972  -0.0685830843
35  9   0.0686006642   0.3827626202  -0.3783624650  -0.0961132839   0.2287694648
35 10  -0.2215103639   0.2239345806   0.2811087781   0.2809755081  -0.0847552383
35 11  -0.2005816227
36  1  -0.2812246969  -0.1092029735   0.0529002404  -0.2294996023   0.3056624790
36  2   0.0280526005  -0.0035437019  -0.3194779245   0.1977563427   0.1811848449
36  3   0.1282720652  -0.1372762898  -0.1601851131  -0.1946274332   0.1149184459
36  4   0.1246940317   0.1181511381  -0.1465963905   0.1520963169   0.0895749680
36  5  -0.2517696584  -0.2499105639  -0.0199244904  -0.1045512242  -0.1081078685
36  6  -0.2271085368  -0.2331339694  -0.4256169588  -0.4259489769  -0.0317617567
36  7  -0.1713951243   0.4228087032   0.4121427862  -0.2734084269   0.2738590601
36  8   0.2796758739   0.2823485039  -0.2627527869   0.2659512137   0.3773538094
36  9  -0.3747793089   0.0209326060  -0.0208554514  -0.1534874464   0.3649612333
36 10   0.0336018679  -0.0339740916  -0.0474008977  -0.0473806035   0.0167654456
36 11   0.0396687484
37  1   0.0943759617  -0.2158269388  -0.0487818474   0.2389567330  -0.1020579505
37  2  -0.3095804884  -0.1739930308  -0.0018289201   0.0006274083  -0.3526194265
37  3  -0.0003846925   0.2125819166   0.0050620277   0.0096775375  -0.3767507539
37  4  -0.3922845999  -0.0000573682   0.4236123402  -0.4246995539  -0.1316998710
37  5   0.2644450649   0.2565014725  -0.0016775946   0.0023308175   0.0023245241
37  6   0.0012278888   0.0011580147  -0.0006716484  -0.0006817764  -0.0000084065
37  7   0.0007944158  -0.1775108260  -0.1729652745   0.0013979276  -0.0014208933
37  8  -0.0008011263  -0.0008052526   0.1538080578  -0.1510096921   0.0017329637
37  9  -0.0017266436  -0.0001064950   0.0000596313  -0.2870781897   0.6830823315
37 10  -0.0003879140   0.0003916742   0.0139018284   0.0139130265   0.0002419719
37 11   0.0005731567
38  1   0.0432936313  -0.1022314850   0.1971279604  -0.0515544263   0.1253862972
38  2  -0.0003942116   0.0011308587  -0.2734647924   0.3640517999   0.0013221803
38  3   0.3758355344  -0.0002597347   0.1117579310  -0.0365710897  -0.0009092396
38  4  -0.0016278872   0.2428454530   0.0013892417  -0.0016480299  -0.0002795234
38  5  -0.0001872310  -0.0001606073   0.0389741658  -0.3824696908  -0.3824638053
38  6  -0.2438974260  -0.2300187231  -0.0191599829  -0.0170115979  -0.0284589106
38  7  -0.2044020409   0.0003198917   0.0004210591  -0.2746433873   0.2702288394
38  8   0.2255980530   0.2143082746   0.0001412706  -0.0000774277  -0.2849176807
38  9   0.2833151953  -0.1821192956   0.1803691787  -0.0007267389   0.0017321170
38 10   0.3148154948  -0.3182265607  -0.0026680900  -0.0026622203  -0.2409221458
38 11  -0.5703665038
39  1  -0.1887567756  -0.1803136473   0.0160370550  -0.1268815268   0.1448260720
39  2  -0.0060145308   0.0010260490  -0.1348895223  -0.0060082893   0.0009818395
39  3  -0.0970371826  -0.0004152807  -0.0489087417   0.0396782846   0.0008482220
39  4   0.0012822576  -0.1402929903  -0.0011544148   0.0013768384   0.0003523812
39  5  -0.0001848878  -0.0002299215  -0.0402849736   0.3646661939   0.3669228697
39  6   0.2803162290   0.2661992287  -0.0753219294  -0.0788284904   0.0378511053
39  7   0.3405483158  -0.0012307675  -0.0013837115   0.4858872975  -0.4808477106
39  8  -0.4103031486  -0.3933214647   0.0002835693  -0.0004168744   0.3027932779
39  9  -0.3011815114   0.1655730205  -0.1640771454   0.0005016377  -0.0011960298
39 10   0.2546766026  -0.2573384328  -0.0023328537  -0.0023278150  -0.2052344821
39 11  -0.4859167853
40  1   0.0750728801  -0.1105931838  -0.0433118964   0.1179096362  -0.0466532620
40  2  -0.3833724753  -0.3514940251  -0.0028715000   0.0016333003  -0.2747325214
40  3  -0.0004984746   0.2911336839  -0.0030969391  -0.0050948734   0.2192564800
40  4   0.2100812583  -0.0020125185  -0.1604989662   0.1332547950  -0.0501623230
40  5   0.2883828584   0.2878892217  -0.0027585872   0.0111040819   0.0110587326
40  6   0.0075643323   0.0078553543   0.0131821665   0.0130571974   0.0043567620
40  7   0.0314326257  -0.0983473504  -0.0958628102   0.0484876404  -0.0481481354
40  8  -0.0478981208  -0.0469546756   0.0806661433  -0.0806230729   0.1169302778
40  9  -0.1165310494  -0.2751389352   0.2719334791  -0.0286129514   0.0681596403
40 10  -0.3372102922   0.3408682479  -0.4067146276  -0.4064997834  -0.1308992019
40 11  -0.3098254724
41  1   0.0370716440  -0.0888116387   0.2127002322  -0.0133276765   0.0781050379
41  2   0.0580500059   0.1084327588  -0.1958274583   0.2788145341   0.0241885300
41  3   0.2852517786  -0.1035594074   0.1604397422   0.0610727191  -0.3274705885
41  4  -0.3278497660   0.1473702046   0.3048167921  -0.2849557141  -0.0177382446
41  5  -0.1413537013  -0.1452175670   0.0384849933  -0.2099526366  -0.2079279250
41  6  -0.0449293044  -0.0307756710   0.0893077266   0.0893281151   0.0120506500
41  7  -0.0163702220   0.2140301156   0.2085525010  -0.0502224265   0.0514973142
41  8   0.0634241311   0.0643343263  -0.1413409218   0.1406614989  -0.0678973599
41  9   0.0679211971   0.3817429134  -0.3773251629   0.0950901616  -0.2263386494
41 10  -0.2240061143   0.2264560823  -0.2851413892  -0.2850032804  -0.0838157701
41 11  -0.1983724237
42  1  -0.1440617924  -0.3734474279  -0.0306641785  -0.0369915747   0.1770932434
42  2  -0.0378289712   0.0075784630  -0.3211876125   0.1991049033  -0.1763214044
42  3   0.1288152352   0.1353749181  -0.1566818475  -0.1894193403  -0.1162335508
42  4  -0.1262753559   0.1193407802   0.1467392964  -0.1521052550  -0.0889271954
42  5   0.2495103961   0.2475097250  -0.0225628735  -0.1053232403  -0.1088966607
42  6  -0.2283704185  -0.2343380111  -0.4265859417  -0.4269110710  -0.0321900903
42  7  -0.1737107247  -0.4202479283  -0.4094569094  -0.2764369648   0.2768075748
42  8   0.2835784416   0.2860044110   0.2611957311  -0.2641236637   0.3768011713
42  9  -0.3742237803   0.0233584508  -0.0232058582   0.1536365622  -0.3653201589
42 10   0.0352562067  -0.0356460097   0.0496162924   0.0495942476   0.0170799022
42 11   0.0404157194
43  1  -0.2782670781   0.1558171325   0.2098542457   0.1924060853   0.0591837500
43  2   0.2901610026  -0.3508704982  -0.0028967551  -0.0015011647  -0.2750488758
43  3   0.0012035301  -0.2908750378   0.0000873147  -0.0002432697   0.2169492226
43  4  -0.2079041876  -0.0041397884  -0.1583542665  -0.1312064942  -0.0504548851
43  5   0.2877524414  -0.2882443306   0.0018444445   0.0111007546  -0.0109778014
43  6   0.0071545303  -0.0074795844   0.0123883869  -0.0121904669  -0.0044693841
43  7   0.0315000845  -0.0955402441   0.0980515967  -0.0477196192  -0.0473776821
43  8  -0.0474688432   0.0464795940  -0.0802278698  -0.0803189115   0.1168196380
43  9   0.1178236969  -0.2696589989  -0.2726440755   0.0668661579   0.0281252469
43 10  -0.3417258742  -0.3380829016   0.4063807357  -0.4065840189  -0.3151254501
43 11   0.1330900217
44  1   0.1110506853   0.0442405364   0.1946824982  -0.0742387512  -0.0777674903
44  2  -0.0616677158   0.1091674153  -0.1959677752  -0.2789074173   0.0235771112
44  3   0.2845728205   0.1050569503  -0.1561771566   0.0537377795  -0.3289987229
44  4   0.3291103930  -0.1384043685   0.3058870952   0.2856496658  -0.0175249995
44  5  -0.1420742522   0.1465595304   0.0364099963  -0.2115874032   0.2094048862
44  6  -0.0456697707   0.0315377226   0.0898684784  -0.0894533273  -0.0116407726
44  7  -0.0180726903   0.2090070327  -0.2144582717   0.0511779156   0.0524218181
44  8   0.0651530265  -0.0659771263   0.1413295230   0.1408584610  -0.0681681815
44  9  -0.0690115759   0.3784968807   0.3827256978  -0.2280680789  -0.0958874606
44 10  -0.2242282502  -0.2218573802   0.2816466611  -0.2817993841  -0.1995349806
44 11   0.0842660869
45  1  -0.1373307800   0.2638029451   0.0835275343  -0.1925495276  -0.2797615025
45  2   0.0217959795   0.0076248003  -0.3204215768  -0.1979311765  -0.1774388600
45  3   0.1283875438  -0.1352702818   0.1577203775  -0.1912712856  -0.1167700388
45  4   0.1266043590  -0.1150884211   0.1477359198   0.1530431741  -0.0891092163
45  5   0.2490260584  -0.2479769111  -0.0182673858  -0.1050909233   0.1086097069
45  6  -0.2276514921   0.2336623148  -0.4271282976   0.4252816447   0.0318577363
45  7  -0.1715294710  -0.4104158675   0.4212160421   0.2752886730   0.2758369101
45  8   0.2810734983  -0.2835578667  -0.2619024854  -0.2652173371   0.3741714160
45  9   0.3761111192   0.0230459462   0.0234449456  -0.3655854863  -0.1535845975
45 10   0.0364698941   0.0360883439  -0.0504192491   0.0504486599   0.0417513355
45 11  -0.0176287967
46  1  -0.2974893399   0.2606502448   0.2152976104   0.0718106648   0.1143783321
46  2   0.2166292429  -0.1740363727  -0.0012503045   0.0002565244  -0.3526295594
46  3   0.0001002989  -0.2126460716  -0.0004470799   0.0018209945  -0.3765098527
46  4   0.3923569580   0.0109072932   0.4236963673   0.4248154194  -0.1316828399
46  5   0.2639787119  -0.2569546613   0.0031552722   0.0003321676  -0.0003775424
46  6   0.0006556333  -0.0006375470  -0.0002156172   0.0002237074  -0.0002253423
46  7   0.0017344150  -0.1729724208   0.1774923999  -0.0015938810  -0.0015740468
46  8  -0.0018428687   0.0018038293  -0.1536855011  -0.1511261283   0.0007669581
46  9   0.0007694282   0.0007838403   0.0007916918   0.6830359956   0.2871482456
46 10   0.0020990259   0.0020758472  -0.0138988607   0.0139239651  -0.0038602709
46 11   0.0016308383
47  1   0.1046181805   0.0574373199   0.2103948925  -0.0356294284  -0.1249869106
47  2  -0.0025770548   0.0007269731  -0.2736252591  -0.3640948306   0.0003861593
47  3   0.3756559687   0.0011897479  -0.1118624080  -0.0366941264   0.0007922491
47  4  -0.0009319168  -0.2428891365  -0.0008162605  -0.0008802789   0.0004050868
47  5  -0.0005029790   0.0005379592   0.0389422070  -0.3825762742   0.3824203363
47  6  -0.2439071838   0.2300424408  -0.0191962553   0.0169565707   0.0284537902
47  7  -0.2044065298   0.0003846597  -0.0003818877   0.2746188169   0.2703582525
47  8   0.2256387515  -0.2143326077   0.0000745342   0.0001846948  -0.2832308327
47  9  -0.2850477162  -0.1800719558  -0.1824382843  -0.0015191687  -0.0006520390
47 10   0.3182069940   0.3148105643  -0.0010242557   0.0010175691  -0.5703134785
47 11   0.2409345237
48  1  -0.0918012083   0.0694497236   0.0363885000  -0.1015867936  -0.2485457546
48  2  -0.0103817803   0.0009892021  -0.1349069107   0.0060661617   0.0019906970
48  3  -0.0970071076   0.0007604461   0.0489138747   0.0397331760   0.0018740566
48  4  -0.0018400944   0.1402160905  -0.0020946055  -0.0020669841   0.0004944864
48  5  -0.0012386145   0.0011683198  -0.0402605343   0.3647207647  -0.3668334552
48  6   0.2802839663  -0.2661851264  -0.0755248017   0.0786365519  -0.0378369874
48  7   0.3404884296   0.0010065425  -0.0010549871  -0.4857466508  -0.4809815572
48  8  -0.4102894671   0.3932799231   0.0013796037   0.0011554740   0.3009492384
48  9   0.3029717036   0.1636819851   0.1659292440  -0.0036475050  -0.0015211309
48 10   0.2574554867   0.2546109155  -0.0008350351   0.0008294712  -0.4859284400
48 11   0.2053015013
49  1  -0.2776656240   0.1544435649   0.2095081383   0.1935487808   0.0585000952
49  2   0.2901365951  -0.3514935144  -0.0022367369  -0.0006981109  -0.2733868282
49  3   0.0017920970  -0.2900503092  -0.0030405660  -0.0009102756   0.2198151890
49  4  -0.2108773159  -0.0084592023  -0.1614181728  -0.1342227867  -0.0494687533
49  5   0.2859782250  -0.2865010650   0.0044649940  -0.0124985642   0.0124328413
49  6  -0.0092939258   0.0096138299  -0.0161116894   0.0158990532   0.0046061414
49  7  -0.0326351348  -0.0925450017   0.0949818914   0.0507443535   0.0504171359
49  8   0.0501338628  -0.0491608590  -0.0785189087  -0.0785259664  -0.1134282341
49  9  -0.1144196552   0.2719006215   0.2749106481   0.0711106055   0.0299434745
49 10   0.3410814004   0.3374447282   0.4063456535  -0.4065433801   0.3120995632
49 11  -0.1318181264
50  1   0.0791246846   0.0206350709   0.2217719994  -0.0024683459  -0.0934757052
50  2   0.0564637463  -0.1070000485  -0.1966500032  -0.2791807627  -0.0229816898
50  3   0.2850832365  -0.1022380716  -0.1585490103   0.0525872612   0.3276468685
50  4  -0.3278231943  -0.1558255545  -0.3046849906  -0.2846885521   0.0178724573
50  5   0.1407644041  -0.1451467148   0.0393556913  -0.2104828574   0.2083639381
50  6  -0.0450399666   0.0308963225   0.0898531438  -0.0894239237  -0.0119719930
50  7  -0.0163633069  -0.2085270952   0.2139670916   0.0509272614   0.0521893953
50  8   0.0639031541  -0.0647134042  -0.1412203115  -0.1406836275  -0.0675542229
50  9  -0.0683954296   0.3773783445   0.3815928947   0.2269090103   0.0954490017
50 10  -0.2261061574  -0.2237149840  -0.2843281724   0.2844789304  -0.1994857588
50 11   0.0842495610
51  1   0.0000000000   0.0000000000   0.0000000000   0.0000000000  -0.4090181213
51  2  -0.0440922788  -0.0034713860  -0.3204696169  -0.1988459341   0.1800705656
51  3   0.1285669722   0.1374156844   0.1590365580  -0.1929275290   0.1142536506
51  4  -0.1244351706  -0.1222867053  -0.1456972613  -0.1512768782   0.0893412921
51  5  -0.2513496346   0.2502929974  -0.0242598896  -0.1048547683   0.1083835453
51  6  -0.2278083661   0.2338190753  -0.4272201193   0.4253755026   0.0320808037
51  7  -0.1735402714   0.4110653093  -0.4218700794   0.2744144925   0.2750010603
51  8   0.2821898097  -0.2847605479   0.2616014016   0.2652368895   0.3754550026
51  9   0.3774056932   0.0207945918   0.0211688011   0.3648493157   0.1532799041
51 10   0.0331004868   0.0327546972   0.0465038681  -0.0465306260   0.0383480756
51 11  -0.0161921967
$end
