$coord
    2.81285179275948     -6.89295928190602      0.00000000000000  c
    4.42817228223634     -3.86963208854028      0.00000000000000  s
    3.26105652691120     -2.58864565447205      2.32602027291878  o
    3.26105652691120     -2.58864565447205     -2.32602027291878  o
   -0.00000000000000      0.00000000000000      0.00000000000000  u
   -2.03334469745540     -2.72689942546570      0.00000000000000  o
   -3.26105652691120      2.58864565447205     -2.32602027291878  o
   -4.42817228223634      3.86963208854028      0.00000000000000  s
   -2.81285179275948      6.89295928190602      0.00000000000000  c
    2.03334469745540      2.72689942546570      0.00000000000000  o
   -3.26105652691120      2.58864565447205      2.32602027291878  o
   -3.37308523274744      7.92147081008071      1.69562136501531  h
   -0.79348061251869      6.47609536494942      0.00000000000000  h
   -3.37308523274744      7.92147081008071     -1.69562136501531  h
    3.37308523274744     -7.92147081008071      1.69562136501531  h
    0.79348061251869     -6.47609536494942      0.00000000000000  h
    3.37308523274744     -7.92147081008071     -1.69562136501531  h
$user-defined bonds
$redundant
     number_of_atoms            17
     degrees_of_freedom         13
     internal_coordinates       13
     frozen_coordinates          0
# definitions of redundant internals
   1 k  1.4142135623731 stre   2    1           val=   3.42779
   2 k  1.4142135623731 stre   1   16           val=   2.06195
   3 k  2.0000000000000 stre   3    2           val=   2.90060
   4 k  2.0000000000000 stre   1   17           val=   2.06078
   5 k -0.5508537908602 bend  15   16    1      val=   2.26658
       -0.5508537908602 bend  17   16    1
       -0.5643020005676 bend  17   15    1
        0.5977974315296 bend   2   16    1
        0.5988829957520 bend   2   15    1
        0.5988829957520 bend   2   17    1
   6 k -0.7071067811865 tors   3    2    4    5 val=   6.81990
        0.7071067811865 tors   2    4    5    3
       -0.7071067811865 tors   4    5    3    2
        0.7071067811865 tors   5    3    2    4
   7 k  0.5393495800530 bend  15   16    1      val=   0.63281
        0.5393495800516 bend  17   16    1
       -1.0582358897165 bend  17   15    1
        0.4445925876486 bend   2   16    1
       -0.2243638715553 bend   2   15    1
       -0.2243638715558 bend   2   17    1
   8 k  2.0000000000000 stre   4    5           val=   4.76927
   9 k  1.4142135623731 stre   5    6           val=   3.40154
  10 k -0.7071067811865 bend   5    8    7      val=  -7.30220
        0.7071067811865 bend   7   11    8
       -0.7071067811865 bend   8    5   11
        0.7071067811865 bend  11    7    5
  11 k  0.2260263191104 bend  15   16    1      val=   0.94367
        0.2260263191104 bend  17   16    1
       -0.4428953945457 bend  17   15    1
       -1.0662539281451 bend   2   16    1
        0.5313993020056 bend   2   15    1
        0.5313993020056 bend   2   17    1
  12 k  1.0000000000000 bend   3    1    2      val= 101.53135
        1.0000000000000 bend   4    1    2
  13 k -0.3535533905933 bend   3    6    5      val=   1.51222
        0.3535533905933 bend   3   10    5
       -0.3535533905933 bend   4    6    5
        0.3535533905933 bend   4   10    5
        0.3535533905933 bend   7    6    5
       -0.3535533905933 bend   7   10    5
        0.3535533905933 bend  11    6    5
       -0.3535533905933 bend  11   10    5
        13 non zero eigenvalues  of BmBt
           1           3.557806305    1    0
         1
           2           3.199941359    2    0
         2
           3           1.946305178    3    0
         3
           4           1.878774113    4    0
         4
           5           1.258954574    5    0
         5
           6           1.000000000    6    0
         6
           7           0.902318007    7    0
         7
           8           0.724193274    8    0
         8
           9           0.519777144    9    0
         9
          10           0.461670762   10    0
        10
          11           0.229562703   11    0
        11
          12           0.189930676   12    0
        12
          13           0.011642448   13    0
        13
$end
