$dipgrad          cartesian dipole gradients
  -.19554955898637D+00  -.33877301250684D+00  -.10166387216149D-16
  -.84618386437218D-01  -.41073543623135D+00  0.96755911838544D-17
  -.46102018085430D-16  -.11691770471698D-15  0.65515068499580D-01
  0.80654231598520D+00  -.31881960180865D+00  -.21051151458873D-16
  -.23330437851528D+00  0.14756774246107D+01  -.81265933669998D-17
  0.50629277201649D-16  0.23383911530247D-15  0.12707750163517D+01
  -.92511711828053D+00  0.70915310756231D+00  0.23431367685231D+00
  0.42792629580554D+00  -.10372903122464D+01  -.22539060864902D+00
  0.30227328072651D-01  -.32128373892083D+00  -.99133987342144D+00
  -.92511711828053D+00  0.70915310756231D+00  -.23431367685231D+00
  0.42792629580554D+00  -.10372903122464D+01  0.22539060864902D+00
  -.30227328072651D-01  0.32128373892083D+00  -.99133987342144D+00
  0.31274753303177D+01  -.22256145713862D+00  0.51518026159664D-16
  -.58011847042526D-01  0.39733825064681D+01  -.26663961904855D-16
  0.12502788636625D-16  -.32362746634423D-16  0.11787394173995D+01
  -.98446188831731D+00  -.60866671732930D+00  0.37610115742663D-17
  -.51899181611579D+00  -.15028909985398D+01  -.56314456102610D-20
  -.29121315327042D-17  -.70467883444789D-18  -.41654032051139D+00
  -.92511711828053D+00  0.70915310756231D+00  0.23431367685231D+00
  0.42792629580554D+00  -.10372903122464D+01  -.22539060864902D+00
  0.30227328072651D-01  -.32128373892082D+00  -.99133987342142D+00
  0.80654231598520D+00  -.31881960180865D+00  -.18887828872146D-16
  -.23330437851528D+00  0.14756774246107D+01  -.37840508704316D-16
  -.40159102578747D-16  0.29291796920417D-15  0.12707750163517D+01
  -.19554955898637D+00  -.33877301250684D+00  0.24239105100213D-17
  -.84618386437218D-01  -.41073543623135D+00  0.83779367068433D-17
  0.67603684753836D-16  0.15108394331277D-15  0.65515068499575D-01
  -.98446188831732D+00  -.60866671732930D+00  0.37793286617507D-17
  -.51899181611579D+00  -.15028909985398D+01  0.48708034061818D-18
  -.31527327302969D-17  0.10541291941355D-17  -.41654032051140D+00
  -.92511711828054D+00  0.70915310756231D+00  -.23431367685231D+00
  0.42792629580553D+00  -.10372903122464D+01  0.22539060864902D+00
  -.30227328072652D-01  0.32128373892082D+00  -.99133987342142D+00
  0.56278109739867D-01  0.30738231667985D-01  0.48193457044638D-01
  0.17208193107273D-01  -.24827933657144D-01  -.47879850618758D-01
  0.49118773738212D-01  -.10853217181049D+00  -.44670951272943D-01
  0.47409483179196D-01  -.10224261824595D+00  -.44051007213144D-17
  -.24348473235917D-01  0.75494248671907D-01  -.82294544781676D-18
  0.76875651501616D-17  0.35744790374131D-18  0.62902176288238D-01
  0.56278109739867D-01  0.30738231667985D-01  -.48193457044638D-01
  0.17208193107273D-01  -.24827933657144D-01  0.47879850618758D-01
  -.49118773738212D-01  0.10853217181049D+00  -.44670951272943D-01
  0.56278109739867D-01  0.30738231667986D-01  -.48193457044638D-01
  0.17208193107275D-01  -.24827933657147D-01  0.47879850618759D-01
  -.49118773738212D-01  0.10853217181049D+00  -.44670951272943D-01
  0.47409483179198D-01  -.10224261824596D+00  -.25753771966536D-17
  -.24348473235916D-01  0.75494248671907D-01  -.18221740297714D-18
  0.33143339824993D-17  0.11224880623678D-16  0.62902176288238D-01
  0.56278109739867D-01  0.30738231667986D-01  0.48193457044638D-01
  0.17208193107274D-01  -.24827933657144D-01  -.47879850618759D-01
  0.49118773738213D-01  -.10853217181050D+00  -.44670951272944D-01
$end
