$energy      SCF               SCFKIN            SCFPOT
     1 -1804.159895687      1472.486997984     -3276.646893670
     2 -1804.159896480      1472.487300630     -3276.647197110
     3 -1804.159906468      1472.483503734     -3276.643410202
     4 -1804.159909212      1472.479662587     -3276.639571799
     5 -1804.159911251      1472.477935419     -3276.637846670
     6 -1804.159912137      1472.476936169     -3276.636848306
     7 -1804.159912935      1472.476633403     -3276.636546338
     8 -1804.159914469      1472.476618789     -3276.636533258
$end
