$grad          cartesian gradients
  cycle =      2    SCF energy =    -1804.1598964800   |dE/dxyz| =  0.003088
    2.81185208593131     -6.89106270595163      0.00000000000000      c
    4.42835508005785     -3.86822193374930      0.00000000000000      s
    3.26212418705769     -2.58658844368254      2.32310040331026      o
    3.26212418705769     -2.58658844368254     -2.32310040331026      o
    0.00000000000000      0.00000000000000      0.00000000000000      u
   -2.03526589110189     -2.72458653365590      0.00000000000000      o
   -3.26212418705769      2.58658844368254     -2.32310040331026      o
   -4.42835508005785      3.86822193374930      0.00000000000000      s
   -2.81185208593131      6.89106270595163      0.00000000000000      c
    2.03526589110189      2.72458653365590      0.00000000000000      o
   -3.26212418705769      2.58658844368254      2.32310040331026      o
   -3.37183218461547      7.92016928974668      1.69782204111885      h
   -0.79264694399975      6.47347466693521      0.00000000000000      h
   -3.37183218461547      7.92016928974668     -1.69782204111885      h
    3.37183218461547     -7.92016928974668      1.69782204111885      h
    0.79264694399975     -6.47347466693521      0.00000000000000      h
    3.37183218461547     -7.92016928974668     -1.69782204111885      h
  -.34504092865761D-03  0.64879912926388D-03  0.00000000000000D+00
  -.64848305406873D-03  0.62864626603965D-03  0.00000000000000D+00
  0.27240741017431D-03  -.22286187377052D-03  -.99426865189756D-03
  0.27240741017431D-03  -.22286187377052D-03  0.99426865189756D-03
  0.00000000000000D+00  0.00000000000000D+00  0.00000000000000D+00
  0.95687853540305D-04  0.32180887520106D-03  0.00000000000000D+00
  -.27240741017520D-03  0.22286187377007D-03  0.99426865189756D-03
  0.64848305406695D-03  -.62864626604142D-03  0.00000000000000D+00
  0.34504092865761D-03  -.64879912926427D-03  0.00000000000000D+00
  -.95687853543858D-04  -.32180887519750D-03  0.00000000000000D+00
  -.27240741017520D-03  0.22286187377007D-03  -.99426865189756D-03
  -.18158122288214D-03  0.28561123349657D-03  0.64971992277529D-03
  -.22328474396538D-04  -.58848573052384D-05  0.00000000000000D+00
  -.18158122288214D-03  0.28561123349657D-03  -.64971992277529D-03
  0.18158122288270D-03  -.28561123349657D-03  0.64971992277529D-03
  0.22328474396538D-04  0.58848573041281D-05  0.00000000000000D+00
  0.18158122288270D-03  -.28561123349657D-03  -.64971992277529D-03
  cycle =      3    SCF energy =    -1804.1599064680   |dE/dxyz| =  0.001444
    2.81230422522974     -6.89222998980938      0.00000000000000      c
    4.42746194107881     -3.86845969884563      0.00000000000000      s
    3.26128336451717     -2.58699198572577      2.32455959129293      o
    3.26128336451717     -2.58699198572577     -2.32455959129293      o
    0.00000000000000      0.00000000000000      0.00000000000000      u
   -2.03435595430868     -2.72605235836545      0.00000000000000      o
   -3.26128336451717      2.58699198572577     -2.32455959129293      o
   -4.42746194107881      3.86845969884563      0.00000000000000      s
   -2.81230422522974      6.89222998980938      0.00000000000000      c
    2.03435595430868      2.72605235836545      0.00000000000000      o
   -3.26128336451717      2.58699198572577      2.32455959129293      o
   -3.37245550329751      7.92061052457589      1.69615504507548      h
   -0.79282486156358      6.47581558420337      0.00000000000000      h
   -3.37245550329751      7.92061052457589     -1.69615504507548      h
    3.37245550329751     -7.92061052457589      1.69615504507548      h
    0.79282486156358     -6.47581558420337      0.00000000000000      h
    3.37245550329751     -7.92061052457589     -1.69615504507548      h
  -.90084124304557D-05  0.82387467986084D-04  0.00000000000000D+00
  -.47220571500439D-03  0.39579002169443D-03  0.00000000000000D+00
  0.17287450649395D-03  -.88322612699088D-04  -.51548648436750D-03
  0.17287450649395D-03  -.88322612699088D-04  0.51548648436750D-03
  0.00000000000000D+00  0.00000000000000D+00  0.00000000000000D+00
  -.23020306629817D-05  0.67594044010022D-04  0.00000000000000D+00
  -.17287450649484D-03  0.88322612698644D-04  0.51548648436750D-03
  0.47220571500262D-03  -.39579002169621D-03  0.00000000000000D+00
  0.90084124304557D-05  -.82387467986472D-04  0.00000000000000D+00
  0.23020306594290D-05  -.67594044006469D-04  0.00000000000000D+00
  -.17287450649484D-03  0.88322612698644D-04  -.51548648436750D-03
  -.30495342068559D-04  0.45898572244241D-04  0.13858860627147D-03
  -.77297080096628D-05  0.76727739602989D-05  0.00000000000000D+00
  -.30495342068559D-04  0.45898572244241D-04  -.13858860627147D-03
  0.30495342069226D-04  -.45898572244241D-04  0.13858860627147D-03
  0.77297080096628D-05  -.76727739614091D-05  0.00000000000000D+00
  0.30495342069226D-04  -.45898572244241D-04  -.13858860627147D-03
  cycle =      4    SCF energy =    -1804.1599092120   |dE/dxyz| =  0.000381
    2.81214122270184     -6.89199898494518      0.00000000000000      c
    4.42787154329640     -3.86861656168138      0.00000000000000      s
    3.26111136246170     -2.58712230419434      2.32550053110657      o
    3.26111136246170     -2.58712230419434     -2.32550053110657      o
    0.00000000000000      0.00000000000000      0.00000000000000      u
   -2.03334867600670     -2.72707904505180      0.00000000000000      o
   -3.26111136246170      2.58712230419434     -2.32550053110657      o
   -4.42787154329640      3.86861656168138      0.00000000000000      s
   -2.81214122270184      6.89199898494518      0.00000000000000      c
    2.03334867600670      2.72707904505180      0.00000000000000      o
   -3.26111136246170      2.58712230419434      2.32550053110657      o
   -3.37212574623283      7.92033191642774      1.69542257856965      h
   -0.79272928039817      6.47524457563798      0.00000000000000      h
   -3.37212574623283      7.92033191642774     -1.69542257856965      h
    3.37212574623283     -7.92033191642774      1.69542257856965      h
    0.79272928039817     -6.47524457563798      0.00000000000000      h
    3.37212574623283     -7.92033191642774     -1.69542257856965      h
  0.71485877306099D-04  -.97265478403691D-04  0.00000000000000D+00
  -.41330598328670D-04  0.73890132310517D-04  0.00000000000000D+00
  -.13443486058584D-04  0.40669044813146D-04  -.10818585542793D-03
  -.13443486058584D-04  0.40669044813146D-04  0.10818585542793D-03
  0.00000000000000D+00  0.00000000000000D+00  0.00000000000000D+00
  0.42536036454877D-04  -.70448025899950D-04  0.00000000000000D+00
  0.13443486057696D-04  -.40669044814479D-04  0.10818585542793D-03
  0.41330598326894D-04  -.73890132312293D-04  0.00000000000000D+00
  -.71485877306099D-04  0.97265478403302D-04  0.00000000000000D+00
  -.42536036458429D-04  0.70448025903502D-04  0.00000000000000D+00
  0.13443486057696D-04  -.40669044814479D-04  -.10818585542793D-03
  0.24440150401706D-04  -.50034108973751D-04  -.73164609420751D-04
  0.44522501498889D-05  0.98582458983865D-05  0.00000000000000D+00
  0.24440150401706D-04  -.50034108973751D-04  0.73164609420751D-04
  -.24440150401039D-04  0.50034108973307D-04  -.73164609420751D-04
  -.44522501498889D-05  -.98582458994967D-05  0.00000000000000D+00
  -.24440150401039D-04  0.50034108973307D-04  0.73164609420751D-04
  cycle =      5    SCF energy =    -1804.1599112510   |dE/dxyz| =  0.000339
    2.81278121533458     -6.89298891539022      0.00000000000000      c
    4.42760109620949     -3.86922854028376      0.00000000000000      s
    3.26065438994075     -2.58783924924124      2.32572554667730      o
    3.26065438994075     -2.58783924924124     -2.32572554667730      o
    0.00000000000000      0.00000000000000      0.00000000000000      u
   -2.03433383471082     -2.72634651936127      0.00000000000000      o
   -3.26065438994075      2.58783924924124     -2.32572554667730      o
   -4.42760109620949      3.86922854028376      0.00000000000000      s
   -2.81278121533458      6.89298891539022      0.00000000000000      c
    2.03433383471082      2.72634651936127      0.00000000000000      o
   -3.26065438994075      2.58783924924124      2.32572554667730      o
   -3.37317819206969      7.92116792407790      1.69539643220631      h
   -0.79327654726392      6.47679771452958      0.00000000000000      h
   -3.37317819206969      7.92116792407790     -1.69539643220631      h
    3.37317819206969     -7.92116792407790      1.69539643220631      h
    0.79327654726392     -6.47679771452958      0.00000000000000      h
    3.37317819206969     -7.92116792407790     -1.69539643220631      h
  0.68308859236144D-04  -.97123930567017D-04  0.00000000000000D+00
  -.48368348084082D-04  -.38755342570695D-05  0.00000000000000D+00
  -.17894761692006D-04  0.72525600424367D-04  -.67293956652392D-04
  -.17894761692006D-04  0.72525600424367D-04  0.67293956652392D-04
  0.00000000000000D+00  0.00000000000000D+00  0.00000000000000D+00
  -.76421076970590D-04  0.69728608611541D-05  0.00000000000000D+00
  0.17894761690673D-04  -.72525600424811D-04  0.67293956652392D-04
  0.48368348082306D-04  0.38755342552932D-05  0.00000000000000D+00
  -.68308859236144D-04  0.97123930566628D-04  0.00000000000000D+00
  0.76421076967037D-04  -.69728608576014D-05  0.00000000000000D+00
  0.17894761690673D-04  -.72525600424811D-04  -.67293956652392D-04
  0.12778838766603D-04  -.46964397391935D-04  -.70789765531210D-04
  -.98649586739441D-05  0.11941621135048D-04  0.00000000000000D+00
  0.12778838766603D-04  -.46964397391935D-04  0.70789765531210D-04
  -.12778838765937D-04  0.46964397391935D-04  -.70789765531210D-04
  0.98649586739441D-05  -.11941621136158D-04  0.00000000000000D+00
  -.12778838765937D-04  0.46964397391935D-04  0.70789765531210D-04
  cycle =      6    SCF energy =    -1804.1599121370   |dE/dxyz| =  0.000145
    2.81268919868227     -6.89278157143809      0.00000000000000      c
    4.42774365287932     -3.86925923888529      0.00000000000000      s
    3.26072546317708     -2.58803671081172      2.32593024134323      o
    3.26072546317708     -2.58803671081172     -2.32593024134323      o
    0.00000000000000      0.00000000000000      0.00000000000000      u
   -2.03391222702797     -2.72656349463400      0.00000000000000      o
   -3.26072546317708      2.58803671081172     -2.32593024134323      o
   -4.42774365287932      3.86925923888529      0.00000000000000      s
   -2.81268919868227      6.89278157143809      0.00000000000000      c
    2.03391222702797      2.72656349463400      0.00000000000000      o
   -3.26072546317708      2.58803671081172      2.32593024134323      o
   -3.37307561311375      7.92112783052182      1.69556876071978      h
   -0.79326010987883      6.47626137349692      0.00000000000000      h
   -3.37307561311375      7.92112783052182     -1.69556876071978      h
    3.37307561311375     -7.92112783052182      1.69556876071978      h
    0.79326010987883     -6.47626137349692      0.00000000000000      h
    3.37307561311375     -7.92112783052182     -1.69556876071978      h
  0.91012892795561D-05  -.11413566489454D-04  0.00000000000000D+00
  -.12426242204100D-05  -.19859674131872D-04  0.00000000000000D+00
  -.33301688998844D-04  0.58168944616632D-04  -.79248372362173D-05
  -.33301688998844D-04  0.58168944616632D-04  0.79248372362173D-05
  0.00000000000000D+00  0.00000000000000D+00  0.00000000000000D+00
  -.78888308969738D-05  0.25283169353685D-05  0.00000000000000D+00
  0.33301688997955D-04  -.58168944617965D-04  0.79248372362173D-05
  0.12426242186336D-05  0.19859674130096D-04  0.00000000000000D+00
  -.91012892795561D-05  0.11413566489066D-04  0.00000000000000D+00
  0.78888308934211D-05  -.25283169318158D-05  0.00000000000000D+00
  0.33301688997955D-04  -.58168944617965D-04  -.79248372362173D-05
  -.10084647892983D-04  -.10034192750918D-04  -.61212688344803D-05
  -.14323894545143D-04  -.10331818796061D-05  0.00000000000000D+00
  -.10084647892983D-04  -.10034192750918D-04  0.61212688344803D-05
  0.10084647893649D-04  0.10034192750918D-04  -.61212688344803D-05
  0.14323894545143D-04  0.10331818784959D-05  0.00000000000000D+00
  0.10084647893649D-04  0.10034192750918D-04  0.61212688344803D-05
  cycle =      7    SCF energy =    -1804.1599129350   |dE/dxyz| =  0.000142
    2.81280128861138     -6.89292126961644      0.00000000000000      c
    4.42788886072266     -3.86946693447391      0.00000000000000      s
    3.26078530069538     -2.58835280191820      2.32598672990978      o
    3.26078530069538     -2.58835280191820     -2.32598672990978      o
    0.00000000000000      0.00000000000000      0.00000000000000      u
   -2.03378537779766     -2.72663005899187      0.00000000000000      o
   -3.26078530069538      2.58835280191820     -2.32598672990978      o
   -4.42788886072266      3.86946693447391      0.00000000000000      s
   -2.81280128861138      6.89292126961644      0.00000000000000      c
    2.03378537779766      2.72663005899187      0.00000000000000      o
   -3.26078530069538      2.58835280191820      2.32598672990978      o
   -3.37319611254387      7.92132982736901      1.69561686850778      h
   -0.79337682916196      6.47632906022335      0.00000000000000      h
   -3.37319611254387      7.92132982736901     -1.69561686850778      h
    3.37319611254387     -7.92132982736901      1.69561686850778      h
    0.79337682916196     -6.47632906022335      0.00000000000000      h
    3.37319611254387     -7.92132982736901     -1.69561686850778      h
  -.54810383867121D-05  0.20606592728428D-04  0.00000000000000D+00
  0.17108502759378D-04  -.28725996819468D-04  0.00000000000000D+00
  -.36319520130501D-04  0.47172575794674D-04  0.91877809005325D-06
  -.36319520130501D-04  0.47172575794674D-04  -.91877809005325D-06
  0.00000000000000D+00  0.00000000000000D+00  0.00000000000000D+00
  -.14209162034540D-04  0.50076425246459D-05  0.00000000000000D+00
  0.36319520129613D-04  -.47172575796006D-04  -.91877809005325D-06
  -.17108502761154D-04  0.28725996817691D-04  0.00000000000000D+00
  0.54810383867121D-05  -.20606592728817D-04  0.00000000000000D+00
  0.14209162030987D-04  -.50076425210932D-05  0.00000000000000D+00
  0.36319520129613D-04  -.47172575796006D-04  0.91877809005325D-06
  -.18984738008432D-04  0.10628731699214D-05  0.13152368493863D-04
  -.96371267330753D-05  -.21925030213588D-06  0.00000000000000D+00
  -.18984738008432D-04  0.10628731699214D-05  -.13152368493863D-04
  0.18984738009209D-04  -.10628731699214D-05  0.13152368493863D-04
  0.96371267330753D-05  0.21925030102565D-06  0.00000000000000D+00
  0.18984738009209D-04  -.10628731699214D-05  -.13152368493863D-04
$end
