$hessian (projected)
 1  1   0.5124805981  -0.1001396565   0.0000000000  -0.1050505229  -0.0721810617
 1  2   0.0000000000   0.0160739367   0.0178898940   0.0023371896   0.0160739367
 1  3   0.0178898940  -0.0023371896  -0.0007414949   0.0011024460   0.0000000000
 1  4   0.0015109648   0.0011578689   0.0000000000   0.0001707032  -0.0001192424
 1  5   0.0000089473  -0.0001245987   0.0000893764   0.0000000000  -0.0000053706
 1  6  -0.0000220989   0.0000000000   0.0000600101  -0.0000590335   0.0000000000
 1  7   0.0001707032  -0.0001192424  -0.0000089473   0.0000022147  -0.0000056196
 1  8  -0.0000066517  -0.0000196043   0.0000272503   0.0000000000   0.0000022147
 1  9  -0.0000056196   0.0000066517  -0.0645320813   0.0401140094  -0.0624097195
 1 10  -0.3115395282   0.0542668263   0.0000000000  -0.0645320813   0.0401140094
 1 11   0.0624097195
 2  1  -0.1001396565   0.3929725223   0.0000000000  -0.0252949416  -0.0892202757
 2  2   0.0000000000  -0.0051306202  -0.0164316068  -0.0089765857  -0.0051306202
 2  3  -0.0164316068   0.0089765857  -0.0026012843   0.0001352839   0.0000000000
 2  4   0.0019855007  -0.0000271007   0.0000000000   0.0004843240  -0.0003505995
 2  5   0.0000511083  -0.0002815518   0.0003102700   0.0000000000  -0.0000220989
 2  6  -0.0000731627   0.0000000000  -0.0001139481  -0.0008164674   0.0000000000
 2  7   0.0004843240  -0.0003505995  -0.0000511083   0.0000079830  -0.0000142828
 2  8  -0.0000164498  -0.0000345238   0.0000631063   0.0000000000   0.0000079830
 2  9  -0.0000142828   0.0000164498   0.0380459456  -0.1100541299   0.1123662455
 2 10   0.0596872395  -0.0496429381   0.0000000000   0.0380459456  -0.1100541299
 2 11  -0.1123662455
 3  1   0.0000000000   0.0000000000   0.5656365223   0.0000000000   0.0000000000
 3  2  -0.0373990040  -0.0048825229  -0.0283795317  -0.0088967476   0.0048825229
 3  3   0.0283795317  -0.0088967476   0.0000000000   0.0000000000  -0.0036028593
 3  4   0.0000000000   0.0000000000   0.0007685653  -0.0000130671   0.0000077120
 3  5   0.0001005908   0.0000000000   0.0000000000  -0.0001217608   0.0000000000
 3  6   0.0000000000   0.0000199828   0.0000000000   0.0000000000   0.0010290312
 3  7   0.0000130671  -0.0000077120   0.0001005908  -0.0000029902   0.0000042372
 3  8   0.0000017560   0.0000000000   0.0000000000  -0.0000106122   0.0000029902
 3  9  -0.0000042372   0.0000017560  -0.0610079159   0.1144656074  -0.2313644169
 3 10   0.0000000000   0.0000000000  -0.0460022301   0.0610079159  -0.1144656074
 3 11  -0.2313644169
 4  1  -0.1050505229  -0.0252949416   0.0000000000   0.4069927776  -0.1000259442
 4  2   0.0000000000  -0.1360817536   0.0614272203   0.0935070690  -0.1360817536
 4  3   0.0614272203  -0.0935070690  -0.0180027321   0.0229420702   0.0000000000
 4  4   0.0029974527   0.0001891284   0.0000000000   0.0011629713  -0.0013124704
 4  5   0.0003547503  -0.0007296543   0.0013056209   0.0000000000  -0.0001245987
 4  6  -0.0002815518   0.0000000000  -0.0021793333  -0.0040985383   0.0000000000
 4  7   0.0011629713  -0.0013124704  -0.0003547503   0.0000309278  -0.0000510902
 4  8  -0.0000442807  -0.0000856946   0.0001591931   0.0000000000   0.0000309278
 4  9  -0.0000510902   0.0000442807   0.0029752928   0.0105679433  -0.0003939626
 4 10  -0.0199925712  -0.0361582427   0.0000000000   0.0029752928   0.0105679433
 4 11   0.0003939626
 5  1  -0.0721810617  -0.0892202757   0.0000000000  -0.1000259442   0.3647183310
 5  2   0.0000000000   0.0802359213  -0.1202666936  -0.1047094324   0.0802359213
 5  3  -0.1202666936   0.1047094324   0.0325956078  -0.0116798475   0.0000000000
 5  4  -0.0062619850  -0.0103045098   0.0000000000  -0.0022180049   0.0014593046
 5  5  -0.0004836221   0.0013056209  -0.0013197931   0.0000000000   0.0000893764
 5  6   0.0003102700   0.0000000000  -0.0008360548   0.0033850384   0.0000000000
 5  7  -0.0022180049   0.0014593046   0.0004836221  -0.0000527988   0.0000664367
 5  8   0.0000688327   0.0001647829  -0.0003121700   0.0000000000  -0.0000527988
 5  9   0.0000664367  -0.0000688327  -0.0026765568  -0.0062887413  -0.0014462790
 5 10  -0.0054274637  -0.0055176563   0.0000000000  -0.0026765568  -0.0062887413
 5 11   0.0014462790
 6  1   0.0000000000   0.0000000000  -0.0373990040   0.0000000000   0.0000000000
 6  2   0.5121494761   0.1125312680  -0.1051964997  -0.2444191074  -0.1125312680
 6  3   0.1051964997  -0.2444191074   0.0000000000   0.0000000000   0.0288742789
 6  4   0.0000000000   0.0000000000  -0.0049691511  -0.0004235428   0.0004619969
 6  5  -0.0010412072   0.0000000000   0.0000000000   0.0008286764   0.0000000000
 6  6   0.0000000000  -0.0001217608   0.0000000000   0.0000000000  -0.0047214106
 6  7   0.0004235428  -0.0004619969  -0.0010412072   0.0000356672  -0.0000549901
 6  8  -0.0000220208   0.0000000000   0.0000000000   0.0000968875  -0.0000356672
 6  9   0.0000549901  -0.0000220208   0.0095561736   0.0182743893  -0.0022495298
 6 10   0.0000000000   0.0000000000   0.0007257379  -0.0095561736  -0.0182743893
 6 11  -0.0022495298
 7  1   0.0160739367  -0.0051306202  -0.0048825229  -0.1360817536   0.0802359213
 7  2   0.1125312680   0.1031559119  -0.0689682595  -0.0910598238   0.0319580581
 7  3  -0.0140129637  -0.0091513045  -0.0145307452  -0.0002719332  -0.0006269678
 7  4  -0.0077819777  -0.0057611065  -0.0049905087  -0.0037194943   0.0037638566
 7  5  -0.0008675130   0.0011629713  -0.0022180049  -0.0004235428   0.0001707032
 7  6   0.0004843240  -0.0000130671   0.0083274320   0.0075335856  -0.0003132641
 7  7  -0.0019486398   0.0016766325   0.0003573713  -0.0000114543   0.0000888897
 7  8   0.0000733072   0.0001328933  -0.0002201744   0.0000170543  -0.0000434883
 7  9   0.0001136302  -0.0000780188  -0.0003371684  -0.0002379943  -0.0000573886
 7 10   0.0031510022   0.0059940429   0.0001061992   0.0003218130  -0.0030698259
 7 11  -0.0006212780
 8  1   0.0178898940  -0.0164316068  -0.0283795317   0.0614272203  -0.1202666936
 8  2  -0.1051964997  -0.0689682595   0.1328850689   0.1189980287  -0.0140129637
 8  3   0.0200447885   0.0100395280  -0.0029775122  -0.0167893347   0.0010551598
 8  4   0.0040236120   0.0124703039  -0.0004313418   0.0037638566  -0.0026387532
 8  5   0.0008949393  -0.0013124704   0.0014593046   0.0004619969  -0.0001192424
 8  6  -0.0003505995   0.0000077120   0.0004373754  -0.0061155811   0.0031012597
 8  7   0.0016766325  -0.0011021326  -0.0003700228   0.0000342304  -0.0000671966
 8  8  -0.0000650187  -0.0001639954   0.0003223510  -0.0000231702   0.0000653799
 8  9  -0.0000831059   0.0000720467   0.0008282321   0.0017307746  -0.0003439131
 8 10   0.0022792511   0.0033605769   0.0004091335  -0.0048712407  -0.0084281643
 8 11  -0.0002303065
 9  1   0.0023371896  -0.0089765857  -0.0088967476   0.0935070690  -0.1047094324
 9  2  -0.2444191074  -0.0910598238   0.1189980287   0.3003304749   0.0091513045
 9  3  -0.0100395280  -0.0321564406  -0.0127659446   0.0071150242  -0.0223674769
 9  4  -0.0013011483  -0.0002590858   0.0024146310  -0.0008675130   0.0008949393
 9  5   0.0003727304   0.0003547503  -0.0004836221  -0.0010412072   0.0000089473
 9  6   0.0000511083   0.0001005908   0.0022334177   0.0019097376   0.0021353805
 9  7  -0.0003573713   0.0003700228   0.0018652895  -0.0000332828   0.0000618328
 9  8   0.0000163418   0.0000119965  -0.0000233165  -0.0000752261   0.0000188640
 9  9  -0.0000303610   0.0000179076   0.0005051862  -0.0023814540   0.0009789405
 9 10  -0.0003753889   0.0003565622  -0.0007196993  -0.0013682524  -0.0028538704
 9 11   0.0014436181
10  1   0.0160739367  -0.0051306202   0.0048825229  -0.1360817536   0.0802359213
10  2  -0.1125312680   0.0319580581  -0.0140129637   0.0091513045   0.1031559119
10  3  -0.0689682595   0.0910598238  -0.0145307452  -0.0002719332   0.0006269678
10  4  -0.0077819777  -0.0057611065   0.0049905087  -0.0019486398   0.0016766325
10  5  -0.0003573713   0.0011629713  -0.0022180049   0.0004235428   0.0001707032
10  6   0.0004843240   0.0000130671   0.0083274320   0.0075335856   0.0003132641
10  7  -0.0037194943   0.0037638566   0.0008675130  -0.0000434883   0.0001136302
10  8   0.0000780188   0.0001328933  -0.0002201744  -0.0000170543  -0.0000114543
10  9   0.0000888897  -0.0000733072   0.0003218130  -0.0030698259   0.0006212780
10 10   0.0031510022   0.0059940429  -0.0001061992  -0.0003371684  -0.0002379943
10 11   0.0000573886
11  1   0.0178898940  -0.0164316068   0.0283795317   0.0614272203  -0.1202666936
11  2   0.1051964997  -0.0140129637   0.0200447885  -0.0100395280  -0.0689682595
11  3   0.1328850689  -0.1189980287  -0.0029775122  -0.0167893347  -0.0010551598
11  4   0.0040236120   0.0124703039   0.0004313418   0.0016766325  -0.0011021326
11  5   0.0003700228  -0.0013124704   0.0014593046  -0.0004619969  -0.0001192424
11  6  -0.0003505995  -0.0000077120   0.0004373754  -0.0061155811  -0.0031012597
11  7   0.0037638566  -0.0026387532  -0.0008949393   0.0000653799  -0.0000831059
11  8  -0.0000720467  -0.0001639954   0.0003223510   0.0000231702   0.0000342304
11  9  -0.0000671966   0.0000650187  -0.0048712407  -0.0084281643   0.0002303065
11 10   0.0022792511   0.0033605769  -0.0004091335   0.0008282321   0.0017307746
11 11   0.0003439131
12  1  -0.0023371896   0.0089765857  -0.0088967476  -0.0935070690   0.1047094324
12  2  -0.2444191074  -0.0091513045   0.0100395280  -0.0321564406   0.0910598238
12  3  -0.1189980287   0.3003304749   0.0127659446  -0.0071150242  -0.0223674769
12  4   0.0013011483   0.0002590858   0.0024146310   0.0003573713  -0.0003700228
12  5   0.0018652895  -0.0003547503   0.0004836221  -0.0010412072  -0.0000089473
12  6  -0.0000511083   0.0001005908  -0.0022334177  -0.0019097376   0.0021353805
12  7   0.0008675130  -0.0008949393   0.0003727304  -0.0000188640   0.0000303610
12  8   0.0000179076  -0.0000119965   0.0000233165  -0.0000752261   0.0000332828
12  9  -0.0000618328   0.0000163418   0.0013682524   0.0028538704   0.0014436181
12 10   0.0003753889  -0.0003565622  -0.0007196993  -0.0005051862   0.0023814540
12 11   0.0009789405
13  1  -0.0007414949  -0.0026012843   0.0000000000  -0.0180027321   0.0325956078
13  2   0.0000000000  -0.0145307452  -0.0029775122  -0.0127659446  -0.0145307452
13  3  -0.0029775122   0.0127659446   0.4415094158   0.3174623797   0.0000000000
13  4  -0.1730730840  -0.1776413938   0.0000000000  -0.0145307452  -0.0029775122
13  5  -0.0127659446  -0.0180027321   0.0325956078   0.0000000000  -0.0007414949
13  6  -0.0026012843   0.0000000000  -0.1730730840  -0.1776413938   0.0000000000
13  7  -0.0145307452  -0.0029775122   0.0127659446  -0.0010705152  -0.0009287606
13  8  -0.0002190659   0.0022651240  -0.0032715741   0.0000000000  -0.0010705152
13  9  -0.0009287606   0.0002190659  -0.0010705152  -0.0009287606   0.0002190659
13 10   0.0022651240  -0.0032715741   0.0000000000  -0.0010705152  -0.0009287606
13 11  -0.0002190659
14  1   0.0011024460   0.0001352839   0.0000000000   0.0229420702  -0.0116798475
14  2   0.0000000000  -0.0002719332  -0.0167893347   0.0071150242  -0.0002719332
14  3  -0.0167893347  -0.0071150242   0.3174623797   0.6557346199   0.0000000000
14  4  -0.1823208539  -0.2786157790   0.0000000000  -0.0002719332  -0.0167893347
14  5   0.0071150242   0.0229420702  -0.0116798475   0.0000000000   0.0011024460
14  6   0.0001352839   0.0000000000  -0.1823208539  -0.2786157790   0.0000000000
14  7  -0.0002719332  -0.0167893347  -0.0071150242  -0.0008548480   0.0003330654
14  8   0.0003671825   0.0017987102  -0.0047944287   0.0000000000  -0.0008548480
14  9   0.0003330654  -0.0003671825  -0.0008548480   0.0003330654  -0.0003671825
14 10   0.0017987102  -0.0047944287   0.0000000000  -0.0008548480   0.0003330654
14 11   0.0003671825
15  1   0.0000000000   0.0000000000  -0.0036028593   0.0000000000   0.0000000000
15  2   0.0288742789  -0.0006269678   0.0010551598  -0.0223674769   0.0006269678
15  3  -0.0010551598  -0.0223674769   0.0000000000   0.0000000000   0.0835980466
15  4   0.0000000000   0.0000000000  -0.0226646712  -0.0006269678   0.0010551598
15  5  -0.0223674769   0.0000000000   0.0000000000   0.0288742789   0.0000000000
15  6   0.0000000000  -0.0036028593   0.0000000000   0.0000000000  -0.0226646712
15  7   0.0006269678  -0.0010551598  -0.0223674769  -0.0000840469  -0.0010958868
15  8  -0.0002001156   0.0000000000   0.0000000000   0.0007294133   0.0000840469
15  9   0.0010958868  -0.0002001156   0.0000840469   0.0010958868  -0.0002001156
15 10   0.0000000000   0.0000000000   0.0007294133  -0.0000840469  -0.0010958868
15 11  -0.0002001156
16  1   0.0015109648   0.0019855007   0.0000000000   0.0029974527  -0.0062619850
16  2   0.0000000000  -0.0077819777   0.0040236120  -0.0013011483  -0.0077819777
16  3   0.0040236120   0.0013011483  -0.1730730840  -0.1823208539   0.0000000000
16  4   0.1682870788   0.1828167646   0.0000000000   0.0083274320   0.0004373754
16  5   0.0022334177  -0.0021793333  -0.0008360548   0.0000000000   0.0000600101
16  6  -0.0001139481   0.0000000000   0.0039594203  -0.0067598333   0.0000000000
16  7   0.0083274320   0.0004373754  -0.0022334177   0.0001358577   0.0000140894
16  8  -0.0000110364  -0.0003692546   0.0007707835   0.0000000000   0.0001358577
16  9   0.0000140894   0.0000110364  -0.0000364299   0.0002310077  -0.0000049719
16 10  -0.0024830189   0.0013074575   0.0000000000  -0.0000364299   0.0002310077
16 11   0.0000049719
17  1   0.0011578689  -0.0000271007   0.0000000000   0.0001891284  -0.0103045098
17  2   0.0000000000  -0.0057611065   0.0124703039  -0.0002590858  -0.0057611065
17  3   0.0124703039   0.0002590858  -0.1776413938  -0.2786157790   0.0000000000
17  4   0.1828167646   0.2703557480   0.0000000000   0.0075335856  -0.0061155811
17  5   0.0019097376  -0.0040985383   0.0033850384   0.0000000000  -0.0000590335
17  6  -0.0008164674   0.0000000000  -0.0067598333  -0.0008234450   0.0000000000
17  7   0.0075335856  -0.0061155811  -0.0019097376   0.0001016440  -0.0001821109
17  8  -0.0001499287  -0.0003596182   0.0008093273   0.0000000000   0.0001016440
17  9  -0.0001821109   0.0001499287   0.0012983922   0.0001879907   0.0000499209
17 10  -0.0015903752   0.0033159829   0.0000000000   0.0012983922   0.0001879907
17 11  -0.0000499209
18  1   0.0000000000   0.0000000000   0.0007685653   0.0000000000   0.0000000000
18  2  -0.0049691511  -0.0049905087  -0.0004313418   0.0024146310   0.0049905087
18  3   0.0004313418   0.0024146310   0.0000000000   0.0000000000  -0.0226646712
18  4   0.0000000000   0.0000000000   0.0158836134  -0.0003132641   0.0031012597
18  5   0.0021353805   0.0000000000   0.0000000000  -0.0047214106   0.0000000000
18  6   0.0000000000   0.0010290312   0.0000000000   0.0000000000   0.0066301607
18  7   0.0003132641  -0.0031012597   0.0021353805   0.0001066185   0.0002566167
18  8   0.0000424373   0.0000000000   0.0000000000   0.0000026437  -0.0001066185
18  9  -0.0002566167   0.0000424373   0.0004373647  -0.0000957260   0.0000205006
18 10   0.0000000000   0.0000000000  -0.0011846801  -0.0004373647   0.0000957260
18 11   0.0000205006
19  1   0.0001707032   0.0004843240  -0.0000130671   0.0011629713  -0.0022180049
19  2  -0.0004235428  -0.0037194943   0.0037638566  -0.0008675130  -0.0019486398
19  3   0.0016766325   0.0003573713  -0.0145307452  -0.0002719332  -0.0006269678
19  4   0.0083274320   0.0075335856  -0.0003132641   0.1031559119  -0.0689682595
19  5  -0.0910598238  -0.1360817536   0.0802359213   0.1125312680   0.0160739367
19  6  -0.0051306202  -0.0048825229  -0.0077819777  -0.0057611065  -0.0049905087
19  7   0.0319580581  -0.0140129637  -0.0091513045   0.0003218130  -0.0030698259
19  8  -0.0006212780   0.0031510022   0.0059940429   0.0001061992  -0.0003371684
19  9  -0.0002379943  -0.0000573886  -0.0000434883   0.0001136302  -0.0000780188
19 10   0.0001328933  -0.0002201744   0.0000170543  -0.0000114543   0.0000888897
19 11   0.0000733072
20  1  -0.0001192424  -0.0003505995   0.0000077120  -0.0013124704   0.0014593046
20  2   0.0004619969   0.0037638566  -0.0026387532   0.0008949393   0.0016766325
20  3  -0.0011021326  -0.0003700228  -0.0029775122  -0.0167893347   0.0010551598
20  4   0.0004373754  -0.0061155811   0.0031012597  -0.0689682595   0.1328850689
20  5   0.1189980287   0.0614272203  -0.1202666936  -0.1051964997   0.0178898940
20  6  -0.0164316068  -0.0283795317   0.0040236120   0.0124703039  -0.0004313418
20  7  -0.0140129637   0.0200447885   0.0100395280  -0.0048712407  -0.0084281643
20  8  -0.0002303065   0.0022792511   0.0033605769   0.0004091335   0.0008282321
20  9   0.0017307746  -0.0003439131   0.0000653799  -0.0000831059   0.0000720467
20 10  -0.0001639954   0.0003223510  -0.0000231702   0.0000342304  -0.0000671966
20 11  -0.0000650187
21  1   0.0000089473   0.0000511083   0.0001005908   0.0003547503  -0.0004836221
21  2  -0.0010412072  -0.0008675130   0.0008949393   0.0003727304  -0.0003573713
21  3   0.0003700228   0.0018652895  -0.0127659446   0.0071150242  -0.0223674769
21  4   0.0022334177   0.0019097376   0.0021353805  -0.0910598238   0.1189980287
21  5   0.3003304749   0.0935070690  -0.1047094324  -0.2444191074   0.0023371896
21  6  -0.0089765857  -0.0088967476  -0.0013011483  -0.0002590858   0.0024146310
21  7   0.0091513045  -0.0100395280  -0.0321564406  -0.0013682524  -0.0028538704
21  8   0.0014436181  -0.0003753889   0.0003565622  -0.0007196993   0.0005051862
21  9  -0.0023814540   0.0009789405   0.0000188640  -0.0000303610   0.0000179076
21 10   0.0000119965  -0.0000233165  -0.0000752261  -0.0000332828   0.0000618328
21 11   0.0000163418
22  1  -0.0001245987  -0.0002815518   0.0000000000  -0.0007296543   0.0013056209
22  2   0.0000000000   0.0011629713  -0.0013124704   0.0003547503   0.0011629713
22  3  -0.0013124704  -0.0003547503  -0.0180027321   0.0229420702   0.0000000000
22  4  -0.0021793333  -0.0040985383   0.0000000000  -0.1360817536   0.0614272203
22  5   0.0935070690   0.4069927776  -0.1000259442   0.0000000000  -0.1050505229
22  6  -0.0252949416   0.0000000000   0.0029974527   0.0001891284   0.0000000000
22  7  -0.1360817536   0.0614272203  -0.0935070690   0.0029752928   0.0105679433
22  8   0.0003939626  -0.0199925712  -0.0361582427   0.0000000000   0.0029752928
22  9   0.0105679433  -0.0003939626   0.0000309278  -0.0000510902   0.0000442807
22 10  -0.0000856946   0.0001591931   0.0000000000   0.0000309278  -0.0000510902
22 11  -0.0000442807
23  1   0.0000893764   0.0003102700   0.0000000000   0.0013056209  -0.0013197931
23  2   0.0000000000  -0.0022180049   0.0014593046  -0.0004836221  -0.0022180049
23  3   0.0014593046   0.0004836221   0.0325956078  -0.0116798475   0.0000000000
23  4  -0.0008360548   0.0033850384   0.0000000000   0.0802359213  -0.1202666936
23  5  -0.1047094324  -0.1000259442   0.3647183310   0.0000000000  -0.0721810617
23  6  -0.0892202757   0.0000000000  -0.0062619850  -0.0103045098   0.0000000000
23  7   0.0802359213  -0.1202666936   0.1047094324  -0.0026765568  -0.0062887413
23  8   0.0014462790  -0.0054274637  -0.0055176563   0.0000000000  -0.0026765568
23  9  -0.0062887413  -0.0014462790  -0.0000527988   0.0000664367  -0.0000688327
23 10   0.0001647829  -0.0003121700   0.0000000000  -0.0000527988   0.0000664367
23 11   0.0000688327
24  1   0.0000000000   0.0000000000  -0.0001217608   0.0000000000   0.0000000000
24  2   0.0008286764  -0.0004235428   0.0004619969  -0.0010412072   0.0004235428
24  3  -0.0004619969  -0.0010412072   0.0000000000   0.0000000000   0.0288742789
24  4   0.0000000000   0.0000000000  -0.0047214106   0.1125312680  -0.1051964997
24  5  -0.2444191074   0.0000000000   0.0000000000   0.5121494761   0.0000000000
24  6   0.0000000000  -0.0373990040   0.0000000000   0.0000000000  -0.0049691511
24  7  -0.1125312680   0.1051964997  -0.2444191074  -0.0095561736  -0.0182743893
24  8  -0.0022495298   0.0000000000   0.0000000000   0.0007257379   0.0095561736
24  9   0.0182743893  -0.0022495298  -0.0000356672   0.0000549901  -0.0000220208
24 10   0.0000000000   0.0000000000   0.0000968875   0.0000356672  -0.0000549901
24 11  -0.0000220208
25  1  -0.0000053706  -0.0000220989   0.0000000000  -0.0001245987   0.0000893764
25  2   0.0000000000   0.0001707032  -0.0001192424   0.0000089473   0.0001707032
25  3  -0.0001192424  -0.0000089473  -0.0007414949   0.0011024460   0.0000000000
25  4   0.0000600101  -0.0000590335   0.0000000000   0.0160739367   0.0178898940
25  5   0.0023371896  -0.1050505229  -0.0721810617   0.0000000000   0.5124805981
25  6  -0.1001396565   0.0000000000   0.0015109648   0.0011578689   0.0000000000
25  7   0.0160739367   0.0178898940  -0.0023371896  -0.0645320813   0.0401140094
25  8   0.0624097195  -0.3115395282   0.0542668263   0.0000000000  -0.0645320813
25  9   0.0401140094  -0.0624097195   0.0000022147  -0.0000056196   0.0000066517
25 10  -0.0000196043   0.0000272503   0.0000000000   0.0000022147  -0.0000056196
25 11  -0.0000066517
26  1  -0.0000220989  -0.0000731627   0.0000000000  -0.0002815518   0.0003102700
26  2   0.0000000000   0.0004843240  -0.0003505995   0.0000511083   0.0004843240
26  3  -0.0003505995  -0.0000511083  -0.0026012843   0.0001352839   0.0000000000
26  4  -0.0001139481  -0.0008164674   0.0000000000  -0.0051306202  -0.0164316068
26  5  -0.0089765857  -0.0252949416  -0.0892202757   0.0000000000  -0.1001396565
26  6   0.3929725223   0.0000000000   0.0019855007  -0.0000271007   0.0000000000
26  7  -0.0051306202  -0.0164316068   0.0089765857   0.0380459456  -0.1100541299
26  8  -0.1123662455   0.0596872395  -0.0496429381   0.0000000000   0.0380459456
26  9  -0.1100541299   0.1123662455   0.0000079830  -0.0000142828   0.0000164498
26 10  -0.0000345238   0.0000631063   0.0000000000   0.0000079830  -0.0000142828
26 11  -0.0000164498
27  1   0.0000000000   0.0000000000   0.0000199828   0.0000000000   0.0000000000
27  2  -0.0001217608  -0.0000130671   0.0000077120   0.0001005908   0.0000130671
27  3  -0.0000077120   0.0001005908   0.0000000000   0.0000000000  -0.0036028593
27  4   0.0000000000   0.0000000000   0.0010290312  -0.0048825229  -0.0283795317
27  5  -0.0088967476   0.0000000000   0.0000000000  -0.0373990040   0.0000000000
27  6   0.0000000000   0.5656365223   0.0000000000   0.0000000000   0.0007685653
27  7   0.0048825229   0.0283795317  -0.0088967476   0.0610079159  -0.1144656074
27  8  -0.2313644169   0.0000000000   0.0000000000  -0.0460022301  -0.0610079159
27  9   0.1144656074  -0.2313644169   0.0000029902  -0.0000042372   0.0000017560
27 10   0.0000000000   0.0000000000  -0.0000106122  -0.0000029902   0.0000042372
27 11   0.0000017560
28  1   0.0000600101  -0.0001139481   0.0000000000  -0.0021793333  -0.0008360548
28  2   0.0000000000   0.0083274320   0.0004373754   0.0022334177   0.0083274320
28  3   0.0004373754  -0.0022334177  -0.1730730840  -0.1823208539   0.0000000000
28  4   0.0039594203  -0.0067598333   0.0000000000  -0.0077819777   0.0040236120
28  5  -0.0013011483   0.0029974527  -0.0062619850   0.0000000000   0.0015109648
28  6   0.0019855007   0.0000000000   0.1682870788   0.1828167646   0.0000000000
28  7  -0.0077819777   0.0040236120   0.0013011483  -0.0000364299   0.0002310077
28  8   0.0000049719  -0.0024830189   0.0013074575   0.0000000000  -0.0000364299
28  9   0.0002310077  -0.0000049719   0.0001358577   0.0000140894   0.0000110364
28 10  -0.0003692546   0.0007707835   0.0000000000   0.0001358577   0.0000140894
28 11  -0.0000110364
29  1  -0.0000590335  -0.0008164674   0.0000000000  -0.0040985383   0.0033850384
29  2   0.0000000000   0.0075335856  -0.0061155811   0.0019097376   0.0075335856
29  3  -0.0061155811  -0.0019097376  -0.1776413938  -0.2786157790   0.0000000000
29  4  -0.0067598333  -0.0008234450   0.0000000000  -0.0057611065   0.0124703039
29  5  -0.0002590858   0.0001891284  -0.0103045098   0.0000000000   0.0011578689
29  6  -0.0000271007   0.0000000000   0.1828167646   0.2703557480   0.0000000000
29  7  -0.0057611065   0.0124703039   0.0002590858   0.0012983922   0.0001879907
29  8  -0.0000499209  -0.0015903752   0.0033159829   0.0000000000   0.0012983922
29  9   0.0001879907   0.0000499209   0.0001016440  -0.0001821109   0.0001499287
29 10  -0.0003596182   0.0008093273   0.0000000000   0.0001016440  -0.0001821109
29 11  -0.0001499287
30  1   0.0000000000   0.0000000000   0.0010290312   0.0000000000   0.0000000000
30  2  -0.0047214106  -0.0003132641   0.0031012597   0.0021353805   0.0003132641
30  3  -0.0031012597   0.0021353805   0.0000000000   0.0000000000  -0.0226646712
30  4   0.0000000000   0.0000000000   0.0066301607  -0.0049905087  -0.0004313418
30  5   0.0024146310   0.0000000000   0.0000000000  -0.0049691511   0.0000000000
30  6   0.0000000000   0.0007685653   0.0000000000   0.0000000000   0.0158836134
30  7   0.0049905087   0.0004313418   0.0024146310  -0.0004373647   0.0000957260
30  8   0.0000205006   0.0000000000   0.0000000000  -0.0011846801   0.0004373647
30  9  -0.0000957260   0.0000205006  -0.0001066185  -0.0002566167   0.0000424373
30 10   0.0000000000   0.0000000000   0.0000026437   0.0001066185   0.0002566167
30 11   0.0000424373
31  1   0.0001707032   0.0004843240   0.0000130671   0.0011629713  -0.0022180049
31  2   0.0004235428  -0.0019486398   0.0016766325  -0.0003573713  -0.0037194943
31  3   0.0037638566   0.0008675130  -0.0145307452  -0.0002719332   0.0006269678
31  4   0.0083274320   0.0075335856   0.0003132641   0.0319580581  -0.0140129637
31  5   0.0091513045  -0.1360817536   0.0802359213  -0.1125312680   0.0160739367
31  6  -0.0051306202   0.0048825229  -0.0077819777  -0.0057611065   0.0049905087
31  7   0.1031559119  -0.0689682595   0.0910598238  -0.0003371684  -0.0002379943
31  8   0.0000573886   0.0031510022   0.0059940429  -0.0001061992   0.0003218130
31  9  -0.0030698259   0.0006212780  -0.0000114543   0.0000888897  -0.0000733072
31 10   0.0001328933  -0.0002201744  -0.0000170543  -0.0000434883   0.0001136302
31 11   0.0000780188
32  1  -0.0001192424  -0.0003505995  -0.0000077120  -0.0013124704   0.0014593046
32  2  -0.0004619969   0.0016766325  -0.0011021326   0.0003700228   0.0037638566
32  3  -0.0026387532  -0.0008949393  -0.0029775122  -0.0167893347  -0.0010551598
32  4   0.0004373754  -0.0061155811  -0.0031012597  -0.0140129637   0.0200447885
32  5  -0.0100395280   0.0614272203  -0.1202666936   0.1051964997   0.0178898940
32  6  -0.0164316068   0.0283795317   0.0040236120   0.0124703039   0.0004313418
32  7  -0.0689682595   0.1328850689  -0.1189980287   0.0008282321   0.0017307746
32  8   0.0003439131   0.0022792511   0.0033605769  -0.0004091335  -0.0048712407
32  9  -0.0084281643   0.0002303065   0.0000342304  -0.0000671966   0.0000650187
32 10  -0.0001639954   0.0003223510   0.0000231702   0.0000653799  -0.0000831059
32 11  -0.0000720467
33  1  -0.0000089473  -0.0000511083   0.0001005908  -0.0003547503   0.0004836221
33  2  -0.0010412072   0.0003573713  -0.0003700228   0.0018652895   0.0008675130
33  3  -0.0008949393   0.0003727304   0.0127659446  -0.0071150242  -0.0223674769
33  4  -0.0022334177  -0.0019097376   0.0021353805  -0.0091513045   0.0100395280
33  5  -0.0321564406  -0.0935070690   0.1047094324  -0.2444191074  -0.0023371896
33  6   0.0089765857  -0.0088967476   0.0013011483   0.0002590858   0.0024146310
33  7   0.0910598238  -0.1189980287   0.3003304749  -0.0005051862   0.0023814540
33  8   0.0009789405   0.0003753889  -0.0003565622  -0.0007196993   0.0013682524
33  9   0.0028538704   0.0014436181   0.0000332828  -0.0000618328   0.0000163418
33 10  -0.0000119965   0.0000233165  -0.0000752261  -0.0000188640   0.0000303610
33 11   0.0000179076
34  1   0.0000022147   0.0000079830  -0.0000029902   0.0000309278  -0.0000527988
34  2   0.0000356672  -0.0000114543   0.0000342304  -0.0000332828  -0.0000434883
34  3   0.0000653799  -0.0000188640  -0.0010705152  -0.0008548480  -0.0000840469
34  4   0.0001358577   0.0001016440   0.0001066185   0.0003218130  -0.0048712407
34  5  -0.0013682524   0.0029752928  -0.0026765568  -0.0095561736  -0.0645320813
34  6   0.0380459456   0.0610079159  -0.0000364299   0.0012983922  -0.0004373647
34  7  -0.0003371684   0.0008282321  -0.0005051862   0.0646365254  -0.0415016822
34  8  -0.0676752067  -0.0028986349   0.0146116184   0.0253072279   0.0008258439
34  9  -0.0050390193  -0.0067759164  -0.0000000118   0.0000036497  -0.0000016572
34 10   0.0000012626  -0.0000019586   0.0000004849   0.0000000463   0.0000010292
34 11   0.0000010265
35  1  -0.0000056196  -0.0000142828   0.0000042372  -0.0000510902   0.0000664367
35  2  -0.0000549901   0.0000888897  -0.0000671966   0.0000618328   0.0001136302
35  3  -0.0000831059   0.0000303610  -0.0009287606   0.0003330654  -0.0010958868
35  4   0.0000140894  -0.0001821109   0.0002566167  -0.0030698259  -0.0084281643
35  5  -0.0028538704   0.0105679433  -0.0062887413  -0.0182743893   0.0401140094
35  6  -0.1100541299  -0.1144656074   0.0002310077   0.0001879907   0.0000957260
35  7  -0.0002379943   0.0017307746   0.0023814540  -0.0415016822   0.1158521974
35  8   0.1230406620  -0.0002926255  -0.0027101620  -0.0030100635  -0.0050390193
35  9   0.0096493185   0.0138858685   0.0000036497  -0.0000056987   0.0000042157
35 10  -0.0000076308   0.0000137208  -0.0000040738   0.0000010292   0.0000000883
35 11  -0.0000020924
36  1  -0.0000066517  -0.0000164498   0.0000017560  -0.0000442807   0.0000688327
36  2  -0.0000220208   0.0000733072  -0.0000650187   0.0000163418   0.0000780188
36  3  -0.0000720467   0.0000179076  -0.0002190659   0.0003671825  -0.0002001156
36  4  -0.0000110364  -0.0001499287   0.0000424373  -0.0006212780  -0.0002303065
36  5   0.0014436181   0.0003939626   0.0014462790  -0.0022495298   0.0624097195
36  6  -0.1123662455  -0.2313644169   0.0000049719  -0.0000499209   0.0000205006
36  7   0.0000573886   0.0003439131   0.0009789405  -0.0676752067   0.1230406620
36  8   0.2477814915  -0.0012132107   0.0015655411   0.0010625374   0.0067759164
36  9  -0.0138858685  -0.0175291807   0.0000016572  -0.0000042157   0.0000041846
36 10  -0.0000052385   0.0000096831  -0.0000011353   0.0000010265  -0.0000020924
36 11  -0.0000033163
37  1  -0.0000196043  -0.0000345238   0.0000000000  -0.0000856946   0.0001647829
37  2   0.0000000000   0.0001328933  -0.0001639954   0.0000119965   0.0001328933
37  3  -0.0001639954  -0.0000119965   0.0022651240   0.0017987102   0.0000000000
37  4  -0.0003692546  -0.0003596182   0.0000000000   0.0031510022   0.0022792511
37  5  -0.0003753889  -0.0199925712  -0.0054274637   0.0000000000  -0.3115395282
37  6   0.0596872395   0.0000000000  -0.0024830189  -0.0015903752   0.0000000000
37  7   0.0031510022   0.0022792511   0.0003753889  -0.0028986349  -0.0002926255
37  8  -0.0012132107   0.3314588235  -0.0578819793   0.0000000000  -0.0028986349
37  9  -0.0002926255   0.0012132107   0.0000012626  -0.0000076308   0.0000052385
37 10  -0.0000073220   0.0000132291   0.0000000000   0.0000012626  -0.0000076308
37 11  -0.0000052385
38  1   0.0000272503   0.0000631063   0.0000000000   0.0001591931  -0.0003121700
38  2   0.0000000000  -0.0002201744   0.0003223510  -0.0000233165  -0.0002201744
38  3   0.0003223510   0.0000233165  -0.0032715741  -0.0047944287   0.0000000000
38  4   0.0007707835   0.0008093273   0.0000000000   0.0059940429   0.0033605769
38  5   0.0003565622  -0.0361582427  -0.0055176563   0.0000000000   0.0542668263
38  6  -0.0496429381   0.0000000000   0.0013074575   0.0033159829   0.0000000000
38  7   0.0059940429   0.0033605769  -0.0003565622   0.0146116184  -0.0027101620
38  8   0.0015655411  -0.0578819793   0.0541260566   0.0000000000   0.0146116184
38  9  -0.0027101620  -0.0015655411  -0.0000019586   0.0000137208  -0.0000096831
38 10   0.0000132291  -0.0000202537   0.0000000000  -0.0000019586   0.0000137208
38 11   0.0000096831
39  1   0.0000000000   0.0000000000  -0.0000106122   0.0000000000   0.0000000000
39  2   0.0000968875   0.0000170543  -0.0000231702  -0.0000752261  -0.0000170543
39  3   0.0000231702  -0.0000752261   0.0000000000   0.0000000000   0.0007294133
39  4   0.0000000000   0.0000000000   0.0000026437   0.0001061992   0.0004091335
39  5  -0.0007196993   0.0000000000   0.0000000000   0.0007257379   0.0000000000
39  6   0.0000000000  -0.0460022301   0.0000000000   0.0000000000  -0.0011846801
39  7  -0.0001061992  -0.0004091335  -0.0007196993   0.0253072279  -0.0030100635
39  8   0.0010625374   0.0000000000   0.0000000000   0.0451073002  -0.0253072279
39  9   0.0030100635   0.0010625374  -0.0000004849   0.0000040738  -0.0000011353
39 10   0.0000000000   0.0000000000   0.0000025863   0.0000004849  -0.0000040738
39 11  -0.0000011353
40  1   0.0000022147   0.0000079830   0.0000029902   0.0000309278  -0.0000527988
40  2  -0.0000356672  -0.0000434883   0.0000653799   0.0000188640  -0.0000114543
40  3   0.0000342304   0.0000332828  -0.0010705152  -0.0008548480   0.0000840469
40  4   0.0001358577   0.0001016440  -0.0001066185  -0.0003371684   0.0008282321
40  5   0.0005051862   0.0029752928  -0.0026765568   0.0095561736  -0.0645320813
40  6   0.0380459456  -0.0610079159  -0.0000364299   0.0012983922   0.0004373647
40  7   0.0003218130  -0.0048712407   0.0013682524   0.0008258439  -0.0050390193
40  8   0.0067759164  -0.0028986349   0.0146116184  -0.0253072279   0.0646365254
40  9  -0.0415016822   0.0676752067   0.0000000463   0.0000010292  -0.0000010265
40 10   0.0000012626  -0.0000019586  -0.0000004849  -0.0000000118   0.0000036497
40 11   0.0000016572
41  1  -0.0000056196  -0.0000142828  -0.0000042372  -0.0000510902   0.0000664367
41  2   0.0000549901   0.0001136302  -0.0000831059  -0.0000303610   0.0000888897
41  3  -0.0000671966  -0.0000618328  -0.0009287606   0.0003330654   0.0010958868
41  4   0.0000140894  -0.0001821109  -0.0002566167  -0.0002379943   0.0017307746
41  5  -0.0023814540   0.0105679433  -0.0062887413   0.0182743893   0.0401140094
41  6  -0.1100541299   0.1144656074   0.0002310077   0.0001879907  -0.0000957260
41  7  -0.0030698259  -0.0084281643   0.0028538704  -0.0050390193   0.0096493185
41  8  -0.0138858685  -0.0002926255  -0.0027101620   0.0030100635  -0.0415016822
41  9   0.1158521974  -0.1230406620   0.0000010292   0.0000000883   0.0000020924
41 10  -0.0000076308   0.0000137208   0.0000040738   0.0000036497  -0.0000056987
41 11  -0.0000042157
42  1   0.0000066517   0.0000164498   0.0000017560   0.0000442807  -0.0000688327
42  2  -0.0000220208  -0.0000780188   0.0000720467   0.0000179076  -0.0000733072
42  3   0.0000650187   0.0000163418   0.0002190659  -0.0003671825  -0.0002001156
42  4   0.0000110364   0.0001499287   0.0000424373  -0.0000573886  -0.0003439131
42  5   0.0009789405  -0.0003939626  -0.0014462790  -0.0022495298  -0.0624097195
42  6   0.1123662455  -0.2313644169  -0.0000049719   0.0000499209   0.0000205006
42  7   0.0006212780   0.0002303065   0.0014436181  -0.0067759164   0.0138858685
42  8  -0.0175291807   0.0012132107  -0.0015655411   0.0010625374   0.0676752067
42  9  -0.1230406620   0.2477814915  -0.0000010265   0.0000020924  -0.0000033163
42 10   0.0000052385  -0.0000096831  -0.0000011353  -0.0000016572   0.0000042157
42 11   0.0000041846
43  1  -0.0645320813   0.0380459456  -0.0610079159   0.0029752928  -0.0026765568
43  2   0.0095561736  -0.0003371684   0.0008282321   0.0005051862   0.0003218130
43  3  -0.0048712407   0.0013682524  -0.0010705152  -0.0008548480   0.0000840469
43  4  -0.0000364299   0.0012983922   0.0004373647  -0.0000434883   0.0000653799
43  5   0.0000188640   0.0000309278  -0.0000527988  -0.0000356672   0.0000022147
43  6   0.0000079830   0.0000029902   0.0001358577   0.0001016440  -0.0001066185
43  7  -0.0000114543   0.0000342304   0.0000332828  -0.0000000118   0.0000036497
43  8   0.0000016572   0.0000012626  -0.0000019586  -0.0000004849   0.0000000463
43  9   0.0000010292  -0.0000010265   0.0646365254  -0.0415016822   0.0676752067
43 10  -0.0028986349   0.0146116184  -0.0253072279   0.0008258439  -0.0050390193
43 11   0.0067759164
44  1   0.0401140094  -0.1100541299   0.1144656074   0.0105679433  -0.0062887413
44  2   0.0182743893  -0.0002379943   0.0017307746  -0.0023814540  -0.0030698259
44  3  -0.0084281643   0.0028538704  -0.0009287606   0.0003330654   0.0010958868
44  4   0.0002310077   0.0001879907  -0.0000957260   0.0001136302  -0.0000831059
44  5  -0.0000303610  -0.0000510902   0.0000664367   0.0000549901  -0.0000056196
44  6  -0.0000142828  -0.0000042372   0.0000140894  -0.0001821109  -0.0002566167
44  7   0.0000888897  -0.0000671966  -0.0000618328   0.0000036497  -0.0000056987
44  8  -0.0000042157  -0.0000076308   0.0000137208   0.0000040738   0.0000010292
44  9   0.0000000883   0.0000020924  -0.0415016822   0.1158521974  -0.1230406620
44 10  -0.0002926255  -0.0027101620   0.0030100635  -0.0050390193   0.0096493185
44 11  -0.0138858685
45  1  -0.0624097195   0.1123662455  -0.2313644169  -0.0003939626  -0.0014462790
45  2  -0.0022495298  -0.0000573886  -0.0003439131   0.0009789405   0.0006212780
45  3   0.0002303065   0.0014436181   0.0002190659  -0.0003671825  -0.0002001156
45  4  -0.0000049719   0.0000499209   0.0000205006  -0.0000780188   0.0000720467
45  5   0.0000179076   0.0000442807  -0.0000688327  -0.0000220208   0.0000066517
45  6   0.0000164498   0.0000017560   0.0000110364   0.0001499287   0.0000424373
45  7  -0.0000733072   0.0000650187   0.0000163418  -0.0000016572   0.0000042157
45  8   0.0000041846   0.0000052385  -0.0000096831  -0.0000011353  -0.0000010265
45  9   0.0000020924  -0.0000033163   0.0676752067  -0.1230406620   0.2477814915
45 10   0.0012132107  -0.0015655411   0.0010625374  -0.0067759164   0.0138858685
45 11  -0.0175291807
46  1  -0.3115395282   0.0596872395   0.0000000000  -0.0199925712  -0.0054274637
46  2   0.0000000000   0.0031510022   0.0022792511  -0.0003753889   0.0031510022
46  3   0.0022792511   0.0003753889   0.0022651240   0.0017987102   0.0000000000
46  4  -0.0024830189  -0.0015903752   0.0000000000   0.0001328933  -0.0001639954
46  5   0.0000119965  -0.0000856946   0.0001647829   0.0000000000  -0.0000196043
46  6  -0.0000345238   0.0000000000  -0.0003692546  -0.0003596182   0.0000000000
46  7   0.0001328933  -0.0001639954  -0.0000119965   0.0000012626  -0.0000076308
46  8  -0.0000052385  -0.0000073220   0.0000132291   0.0000000000   0.0000012626
46  9  -0.0000076308   0.0000052385  -0.0028986349  -0.0002926255   0.0012132107
46 10   0.3314588235  -0.0578819793   0.0000000000  -0.0028986349  -0.0002926255
46 11  -0.0012132107
47  1   0.0542668263  -0.0496429381   0.0000000000  -0.0361582427  -0.0055176563
47  2   0.0000000000   0.0059940429   0.0033605769   0.0003565622   0.0059940429
47  3   0.0033605769  -0.0003565622  -0.0032715741  -0.0047944287   0.0000000000
47  4   0.0013074575   0.0033159829   0.0000000000  -0.0002201744   0.0003223510
47  5  -0.0000233165   0.0001591931  -0.0003121700   0.0000000000   0.0000272503
47  6   0.0000631063   0.0000000000   0.0007707835   0.0008093273   0.0000000000
47  7  -0.0002201744   0.0003223510   0.0000233165  -0.0000019586   0.0000137208
47  8   0.0000096831   0.0000132291  -0.0000202537   0.0000000000  -0.0000019586
47  9   0.0000137208  -0.0000096831   0.0146116184  -0.0027101620  -0.0015655411
47 10  -0.0578819793   0.0541260566   0.0000000000   0.0146116184  -0.0027101620
47 11   0.0015655411
48  1   0.0000000000   0.0000000000  -0.0460022301   0.0000000000   0.0000000000
48  2   0.0007257379   0.0001061992   0.0004091335  -0.0007196993  -0.0001061992
48  3  -0.0004091335  -0.0007196993   0.0000000000   0.0000000000   0.0007294133
48  4   0.0000000000   0.0000000000  -0.0011846801   0.0000170543  -0.0000231702
48  5  -0.0000752261   0.0000000000   0.0000000000   0.0000968875   0.0000000000
48  6   0.0000000000  -0.0000106122   0.0000000000   0.0000000000   0.0000026437
48  7  -0.0000170543   0.0000231702  -0.0000752261   0.0000004849  -0.0000040738
48  8  -0.0000011353   0.0000000000   0.0000000000   0.0000025863  -0.0000004849
48  9   0.0000040738  -0.0000011353  -0.0253072279   0.0030100635   0.0010625374
48 10   0.0000000000   0.0000000000   0.0451073002   0.0253072279  -0.0030100635
48 11   0.0010625374
49  1  -0.0645320813   0.0380459456   0.0610079159   0.0029752928  -0.0026765568
49  2  -0.0095561736   0.0003218130  -0.0048712407  -0.0013682524  -0.0003371684
49  3   0.0008282321  -0.0005051862  -0.0010705152  -0.0008548480  -0.0000840469
49  4  -0.0000364299   0.0012983922  -0.0004373647  -0.0000114543   0.0000342304
49  5  -0.0000332828   0.0000309278  -0.0000527988   0.0000356672   0.0000022147
49  6   0.0000079830  -0.0000029902   0.0001358577   0.0001016440   0.0001066185
49  7  -0.0000434883   0.0000653799  -0.0000188640   0.0000000463   0.0000010292
49  8   0.0000010265   0.0000012626  -0.0000019586   0.0000004849  -0.0000000118
49  9   0.0000036497  -0.0000016572   0.0008258439  -0.0050390193  -0.0067759164
49 10  -0.0028986349   0.0146116184   0.0253072279   0.0646365254  -0.0415016822
49 11  -0.0676752067
50  1   0.0401140094  -0.1100541299  -0.1144656074   0.0105679433  -0.0062887413
50  2  -0.0182743893  -0.0030698259  -0.0084281643  -0.0028538704  -0.0002379943
50  3   0.0017307746   0.0023814540  -0.0009287606   0.0003330654  -0.0010958868
50  4   0.0002310077   0.0001879907   0.0000957260   0.0000888897  -0.0000671966
50  5   0.0000618328  -0.0000510902   0.0000664367  -0.0000549901  -0.0000056196
50  6  -0.0000142828   0.0000042372   0.0000140894  -0.0001821109   0.0002566167
50  7   0.0001136302  -0.0000831059   0.0000303610   0.0000010292   0.0000000883
50  8  -0.0000020924  -0.0000076308   0.0000137208  -0.0000040738   0.0000036497
50  9  -0.0000056987   0.0000042157  -0.0050390193   0.0096493185   0.0138858685
50 10  -0.0002926255  -0.0027101620  -0.0030100635  -0.0415016822   0.1158521974
50 11   0.1230406620
51  1   0.0624097195  -0.1123662455  -0.2313644169   0.0003939626   0.0014462790
51  2  -0.0022495298  -0.0006212780  -0.0002303065   0.0014436181   0.0000573886
51  3   0.0003439131   0.0009789405  -0.0002190659   0.0003671825  -0.0002001156
51  4   0.0000049719  -0.0000499209   0.0000205006   0.0000733072  -0.0000650187
51  5   0.0000163418  -0.0000442807   0.0000688327  -0.0000220208  -0.0000066517
51  6  -0.0000164498   0.0000017560  -0.0000110364  -0.0001499287   0.0000424373
51  7   0.0000780188  -0.0000720467   0.0000179076   0.0000010265  -0.0000020924
51  8  -0.0000033163  -0.0000052385   0.0000096831  -0.0000011353   0.0000016572
51  9  -0.0000042157   0.0000041846   0.0067759164  -0.0138858685  -0.0175291807
51 10  -0.0012132107   0.0015655411   0.0010625374  -0.0676752067   0.1230406620
51 11   0.2477814915
$end
