$hessapprox internal
  0.365231698581D+00 -0.324929419476D-03  0.432263604059D+00  0.151759437513D-01
  0.126557568939D-01  0.558005803572D+00 -0.304928369191D-01  0.483446381990D-03
  0.117557878559D+00  0.503156644986D+00  0.626544741818D-02  0.259897679240D-03
  0.460163105874D-02 -0.196304171563D-01  0.339816415687D+00  0.309500702342D-01
  0.363456692656D-02  0.811239226561D-01 -0.557184162424D-01  0.173878878672D-01
  0.335112134491D+00 -0.790425740648D-02  0.123615485394D-02 -0.354411926083D-01
  0.275376854198D-01 -0.379618382877D-02 -0.276215538287D-01  0.326581816722D+00
  0.818257007074D-02 -0.855697520093D-02 -0.818366774062D-01 -0.610844236475D-01
 -0.662426236904D-02 -0.197222623620D-01  0.116033664742D-01  0.212027202147D+00
 -0.189092971977D-02  0.217871691413D-02 -0.297117335568D-01  0.684339018536D-02
  0.134332909816D-02 -0.133413131781D-01  0.613031278869D-03  0.364467536049D-01
  0.500963624050D+00  0.152151352580D-01  0.133334653746D-02 -0.520091115529D-01
 -0.108874021724D-01  0.700177951091D-02  0.529855402283D-01 -0.160657894420D-01
 -0.241660697029D-01 -0.689196782244D-02  0.300674034702D+00  0.106684061335D-01
 -0.112804013502D-02 -0.126810143074D-01 -0.217883833629D-01  0.394114913687D-02
  0.332184018665D-01 -0.838794358821D-02 -0.380848039398D-01 -0.135259833331D-02
  0.946290542398D-02  0.352534718637D+00 -0.427500765949D-01 -0.103213572888D-01
 -0.886104521403D-01  0.430138697028D-01 -0.191346600067D-01 -0.218769206327D+00
  0.354689963591D-01  0.204252472850D+00  0.922604902663D-02 -0.571954603138D-01
 -0.234553032135D-01  0.779735207516D+00  0.439784381063D-01  0.770273705121D-02
  0.562980351143D-01 -0.676173526458D-01  0.208763461938D-01  0.193011686332D+00
 -0.339799315927D-01 -0.171236876118D+00 -0.343176603633D-02  0.577862198656D-01
  0.240457209884D-01 -0.256072385258D+00  0.422075602348D+00
$end
