$vibrational normal modes
 1  1  -0.1076702667   0.0780123329  -0.0077800500  -0.2277667073  -0.2614227809
 1  2   0.0711318701  -0.0000000000  -0.3042670733   0.0000000000  -0.2557562337
 1  3   0.2037342152  -0.0000000000   0.0123059449   0.0282255939   0.0000000000
 1  4   0.0852605602  -0.0000000000  -0.0000000000  -0.0000000000  -0.0000000000
 1  5   0.0219925574  -0.0000000000  -0.0000000000  -0.0240142124  -0.0245471797
 1  6  -0.0072576282   0.0075985521   0.1188255792  -0.1195257293   0.0023115905
 1  7  -0.0400343310   0.0000000000  -0.0000000000  -0.1036944326  -0.1030879361
 1  8  -0.1025691142  -0.1002056442   0.0000000000  -0.0000000000   0.0464908447
 1  9   0.0464769330  -0.0343310504  -0.0343691382   0.0000000000   0.0000000000
 1 10   0.0164024238  -0.0163805906   0.0000000000   0.0000000000   0.0582775164
 1 11   0.0582782115
 2  1   0.0973458538   0.1619329238   0.0792395441  -0.1200610712  -0.0668200951
 2  2   0.0181814236   0.0000000000  -0.0212907333  -0.0000000000   0.1367749636
 2  3  -0.1821009064   0.0000000000  -0.1947797275   0.0913054116  -0.0000000000
 2  4  -0.0809764762   0.0000000000   0.0000000000  -0.0000000000  -0.0000000000
 2  5   0.0500164936   0.0000000000  -0.0000000000   0.1819204447   0.1792650107
 2  6  -0.0092201173   0.0263813474   0.2717752802  -0.2716168457  -0.0326703009
 2  7   0.0419737483  -0.0000000000   0.0000000000   0.0334829581   0.0328099654
 2  8   0.0225085281   0.0221073626  -0.0000000000   0.0000000000   0.0850279760
 2  9   0.0852356437   0.0236767882   0.0235518006  -0.0000000000  -0.0000000000
 2 10   0.0248798178  -0.0248626031  -0.0000000000  -0.0000000000  -0.0334684539
 2 11  -0.0334660398
 3  1   0.0091233043  -0.0138131471   0.0175604694   0.0059834948   0.1378061465
 3  2   0.3153567053   0.2699159586  -0.0000000000  -0.2437314504  -0.0000000000
 3  3  -0.0000000000  -0.2036184278  -0.0000000000  -0.0000000000  -0.0197112245
 3  4   0.0000000000  -0.0011826138  -0.0065393900   0.0234694338  -0.0368066371
 3  5   0.0000000000  -0.1618476533  -0.1591275238  -0.0000000000  -0.0000000000
 3  6  -0.0000000000   0.0000000000   0.0000000000  -0.0000000000  -0.0000000000
 3  7  -0.0000000000   0.1064352918  -0.1064275891  -0.0000000000   0.0000000000
 3  8  -0.0000000000  -0.0000000000  -0.0705416033  -0.0706769799  -0.0000000000
 3  9  -0.0000000000   0.0000000000   0.0000000000   0.0452657328   0.0453013642
 3 10   0.0000000000  -0.0000000000  -0.0664434651  -0.0664399141   0.0000000000
 3 11   0.0000000000
 4  1  -0.0418217416   0.0026939028  -0.0523027434  -0.1759997866  -0.1711701307
 4  2   0.0465745619  -0.0000000000  -0.0971539336   0.0000000000  -0.0298304825
 4  3  -0.0307156779  -0.0000000000   0.1554146228  -0.2203224829   0.0000000000
 4  4  -0.1613353104  -0.0000000000  -0.0000000000   0.0000000000   0.0000000000
 4  5  -0.0405859482  -0.0000000000  -0.0000000000   0.0901337483   0.0944666938
 4  6   0.1528137593  -0.1441344327  -0.0737236596   0.0735498191   0.0225362711
 4  7  -0.0046099625   0.0000000000   0.0000000000   0.0107161635   0.0056619651
 4  8   0.1182897395   0.1249047723  -0.0000000000   0.0000000000   0.0022075339
 4  9   0.0024967713  -0.0052390397  -0.0053524484   0.0000000000   0.0000000000
 4 10  -0.0000799481   0.0001003856  -0.0000000000   0.0000000000   0.0004061597
 4 11   0.0004106020
 5  1   0.0621639284   0.2021744840   0.1030273825  -0.1477193968  -0.1150407956
 5  2   0.0313020422   0.0000000000  -0.1310619958  -0.0000000000   0.0161470359
 5  3  -0.0554105201   0.0000000000  -0.2521902487   0.1992115677  -0.0000000000
 5  4   0.0463847281   0.0000000000   0.0000000000  -0.0000000000  -0.0000000000
 5  5   0.0597853114   0.0000000000  -0.0000000000   0.0491447597   0.0428496270
 5  6  -0.0766910160   0.0695605430  -0.1311797892   0.1315011242  -0.0181684331
 5  7   0.0173035909  -0.0000000000   0.0000000000   0.0506085422   0.0562487206
 5  8  -0.0701498167  -0.0800828275   0.0000000000  -0.0000000000  -0.0027632288
 5  9  -0.0031783861   0.0011772855   0.0013465983  -0.0000000000  -0.0000000000
 5 10  -0.0000913328   0.0000570353   0.0000000000  -0.0000000000   0.0000423653
 5 11   0.0000302362
 6  1  -0.1152731546  -0.0614334389   0.1269126157  -0.2055070971   0.1889334298
 6  2   0.1186596259   0.2204622712  -0.0000000000   0.0742369855   0.0000000000
 6  3   0.0000000000   0.0609382420   0.0000000000   0.0000000000   0.0277560459
 6  4  -0.0000000000   0.0066401822   0.0028565584  -0.0015689381   0.0021916474
 6  5   0.0000000000   0.0715136941   0.0729915054   0.0000000000   0.0000000000
 6  6   0.0000000000  -0.0000000000   0.0000000000   0.0000000000   0.0000000000
 6  7  -0.0000000000   0.0037231212  -0.0035263867  -0.0000000000   0.0000000000
 6  8   0.0000000000   0.0000000000   0.2562183716   0.2550279668   0.0000000000
 6  9   0.0000000000   0.0000000000   0.0000000000   0.0028988644   0.0027719718
 6 10   0.0000000000   0.0000000000  -0.0005219057  -0.0005314027   0.0000000000
 6 11   0.0000000000
 7  1   0.0938997535  -0.0242157024  -0.1123326409   0.0092755823  -0.2239361324
 7  2   0.0991559484  -0.1152416707  -0.0046310574  -0.1406101113   0.0657655771
 7  3  -0.1121934194  -0.0524547787   0.2339593718  -0.3110336512   0.0798701182
 7  4  -0.2124226319   0.0647321107  -0.0736736869  -0.1041290746   0.1391710334
 7  5  -0.0875327620   0.0478870292   0.0373138220  -0.0641551382  -0.0657805382
 7  6  -0.1614236551   0.1638929302   0.0149681590  -0.0133295113   0.0087078647
 7  7   0.0178013053   0.0088249494  -0.0090432648   0.0189904667   0.0215926149
 7  8  -0.0877474129  -0.0994335607   0.1125544903   0.1101390266  -0.0026419735
 7  9  -0.0030815643   0.0020502744   0.0022600915  -0.0000005497  -0.0000607755
 7 10   0.0000048452  -0.0000629431  -0.0001407837  -0.0001452038  -0.0001094634
 7 11  -0.0001190647
 8  1   0.1256818282   0.2070628671   0.0237032454  -0.0522946495  -0.0709118440
 8  2   0.1394997419   0.0938515933  -0.0425482020  -0.1357810264   0.1092541551
 8  3  -0.1317491851  -0.0964768313  -0.1346901212   0.0909245803  -0.0368489496
 8  4  -0.0135441539  -0.0231128118   0.0272052085   0.0349584914  -0.0404749959
 8  5   0.0062855138   0.1787526683   0.1849556385  -0.1630646227  -0.1596954199
 8  6   0.0864384047  -0.0968350698   0.0049262495  -0.0061119977   0.0071158224
 8  7  -0.0186518594  -0.0337640026   0.0338819073  -0.0562576075  -0.0610532057
 8  8   0.0638370654   0.0762380589  -0.1180134805  -0.1154277973   0.0018766589
 8  9   0.0024661369   0.0003138327   0.0000442405   0.0003585474   0.0004305220
 8 10   0.0000451269   0.0000200228  -0.0000032679   0.0000008676   0.0000047443
 8 11   0.0000269965
 9  1  -0.0821534401  -0.0776278706   0.1404771166  -0.1650947256   0.1381545859
 9  2   0.0854564670   0.1127837553  -0.0008013229   0.0767321703   0.0001495791
 9  3  -0.0018936847   0.0822576626  -0.0306022084   0.0298553460   0.0729289299
 9  4   0.0131565435   0.0473652791  -0.0494529917  -0.0630948464   0.0835475582
 9  5   0.0159978526  -0.0056852633  -0.0137610635   0.0475068422   0.0402478603
 9  6  -0.2892472444   0.2951616204  -0.0333709825   0.0367582671   0.0889020290
 9  7  -0.0426581957  -0.0322237316   0.0317600517  -0.0668083188  -0.0766909478
 9  8   0.1161904419   0.1251030379  -0.2480770355  -0.2491297614   0.0028326227
 9  9   0.0030690393   0.0004677816   0.0004311490  -0.0002369292  -0.0000823437
 9 10   0.0001436433  -0.0001449969   0.0003188779   0.0003334837   0.0000265449
 9 11   0.0000260844
10  1  -0.1217430789  -0.0342214644  -0.0300014557  -0.3174077743  -0.0419238720
10  2  -0.0268167313   0.1152416707  -0.0046310574   0.1406101113   0.0657655771
10  3  -0.1121934194   0.0524547787   0.2339593718  -0.3110336512  -0.0798701182
10  4  -0.2124226319  -0.0647321107   0.0736736869   0.1041290746  -0.1391710334
10  5  -0.0875327620  -0.0478870292  -0.0373138220  -0.0641551382  -0.0657805382
10  6  -0.1614236551   0.1638929302   0.0149681590  -0.0133295113   0.0087078647
10  7   0.0178013053  -0.0088249494   0.0090432648   0.0189904667   0.0215926149
10  8  -0.0877474129  -0.0994335607  -0.1125544903  -0.1101390266  -0.0026419735
10  9  -0.0030815643   0.0020502744   0.0022600915   0.0000005497   0.0000607755
10 10   0.0000048452  -0.0000629431   0.0001407837   0.0001452038  -0.0001094634
10 11  -0.0001190647
11  1   0.0494859451   0.1391347195   0.1479767176  -0.2031762643  -0.0894880467
11  2  -0.0958557100  -0.0938515933  -0.0425482020   0.1357810264   0.1092541551
11  3  -0.1317491851   0.0964768313  -0.1346901212   0.0909245803   0.0368489496
11  4  -0.0135441539   0.0231128118  -0.0272052085  -0.0349584914   0.0404749959
11  5   0.0062855138  -0.1787526683  -0.1849556385  -0.1630646227  -0.1596954199
11  6   0.0864384047  -0.0968350698   0.0049262495  -0.0061119977   0.0071158224
11  7  -0.0186518594   0.0337640026  -0.0338819073  -0.0562576075  -0.0610532057
11  8   0.0638370654   0.0762380589   0.1180134805   0.1154277973   0.0018766589
11  9   0.0024661369   0.0003138327   0.0000442405  -0.0003585474  -0.0004305220
11 10   0.0000451269   0.0000200228   0.0000032679  -0.0000008676   0.0000047443
11 11   0.0000269965
12  1  -0.0821534401  -0.0776278706   0.1404771166  -0.1650947256   0.1381545859
12  2   0.0854564670   0.1127837553   0.0008013229   0.0767321703  -0.0001495791
12  3   0.0018936847   0.0822576626   0.0306022084  -0.0298553460   0.0729289299
12  4  -0.0131565435   0.0473652791  -0.0494529917  -0.0630948464   0.0835475582
12  5  -0.0159978526  -0.0056852633  -0.0137610635  -0.0475068422  -0.0402478603
12  6   0.2892472444  -0.2951616204   0.0333709825  -0.0367582671  -0.0889020290
12  7   0.0426581957  -0.0322237316   0.0317600517   0.0668083188   0.0766909478
12  8  -0.1161904419  -0.1251030379  -0.2480770355  -0.2491297614  -0.0028326227
12  9  -0.0030690393  -0.0004677816  -0.0004311490  -0.0002369292  -0.0000823437
12 10  -0.0001436433   0.0001449969   0.0003188779   0.0003334837  -0.0000265449
12 11  -0.0000260844
13  1   0.0424594325  -0.0937080397  -0.1092884521  -0.1097420100  -0.0556535066
13  2   0.0151430491  -0.0000000000   0.0600466637  -0.0000000000   0.0000000000
13  3   0.0092474912  -0.0000000000  -0.0000000000   0.1022363784  -0.0000000000
13  4   0.0000000000   0.0000000000   0.0000000000  -0.0000000000  -0.0000000000
13  5   0.1041500877   0.0000000000  -0.0000000000  -0.0035641360   0.0000000000
13  6   0.0055442115  -0.0000000000  -0.0004246631   0.0000000000   0.0000000000
13  7  -0.0504958594  -0.0000000000   0.0000000000  -0.0000000000   0.0039462440
13  8  -0.0013515704  -0.0000000000   0.0000000000  -0.0000000000   0.0004073384
13  9   0.0000000000  -0.0001488941  -0.0000000000  -0.0000000000   0.0000000000
13 10  -0.0000280192   0.0000000000  -0.0000000000   0.0000000000  -0.0000000000
13 11  -0.0000420622
14  1   0.1586101927   0.0918579476   0.0378163934  -0.0718980156   0.0171494234
14  2  -0.0046662749   0.0000000000   0.0422375317  -0.0000000000   0.0000000000
14  3   0.0642602911  -0.0000000000  -0.0000000000  -0.0640011293   0.0000000000
14  4  -0.0000000000  -0.0000000000  -0.0000000000   0.0000000000   0.0000000000
14  5  -0.0790360569  -0.0000000000   0.0000000000   0.0063259658  -0.0000000000
14  6  -0.0024615324   0.0000000000   0.0021998357  -0.0000000000   0.0000000000
14  7  -0.0687751721  -0.0000000000   0.0000000000  -0.0000000000   0.0045515857
14  8   0.0007596056   0.0000000000  -0.0000000000   0.0000000000   0.0005373228
14  9   0.0000000000  -0.0002666122  -0.0000000000   0.0000000000   0.0000000000
14 10  -0.0000450548   0.0000000000  -0.0000000000   0.0000000000  -0.0000000000
14 11  -0.0000259255
15  1   0.0266115888  -0.1084127589   0.1519158249  -0.0200500191   0.0002281277
15  2   0.0427982320  -0.1045020028   0.0000000000  -0.0024405821   0.0000000000
15  3  -0.0000000000   0.0000000000  -0.0000000000  -0.0000000000  -0.0477002475
15  4   0.0000000000  -0.0000000000  -0.0185716885   0.0108845603   0.0000000000
15  5   0.0000000000   0.0070289114   0.0000000000   0.0000000000   0.0000000000
15  6   0.0000000000  -0.0000000000  -0.0000000000  -0.0000000000   0.0000000000
15  7  -0.0000000000   0.0000088319   0.0000000000   0.0000000000   0.0000000000
15  8  -0.0000000000  -0.0000000000  -0.0000000000   0.0042297579   0.0000000000
15  9   0.0000000000   0.0000000000  -0.0000000000   0.0000000000  -0.0000338533
15 10   0.0000000000   0.0000000000  -0.0000000000  -0.0000110214   0.0000000000
15 11  -0.0000000000
16  1  -0.0169328508  -0.0257743459  -0.0691310695  -0.1564333462  -0.1370571669
16  2   0.0372925900  -0.0000000000   0.0496764091  -0.0000000000   0.0998400317
16  3   0.0171047207  -0.0000000000   0.2856516461   0.2665203030   0.0000000000
16  4   0.3569325324  -0.0000000000  -0.0000000000   0.0000000000   0.0000000000
16  5  -0.5392448262  -0.0000000000  -0.0000000000   0.0166913793   0.0390250133
16  6   0.0020822890   0.0332534709  -0.0076641429   0.0146995754  -0.4171001889
16  7   0.3737284564   0.0000000000  -0.0000000000  -0.0136153294  -0.0247477381
16  8   0.0030606306   0.0220920744  -0.0000000000   0.0000000000  -0.0017799692
16  9  -0.0001624513   0.0006927281  -0.0000348808   0.0000000000  -0.0000000000
16 10   0.0002664927  -0.0001650312   0.0000000000  -0.0000000000   0.0002342884
16 11   0.0003296538
17  1   0.2028967487   0.0412023881   0.0078725678  -0.0370820705   0.0778490222
17  2  -0.0211823412   0.0000000000   0.0496148153   0.0000000000  -0.0789591691
17  3   0.0723048278   0.0000000000  -0.1840512737  -0.1872776928  -0.0000000000
17  4  -0.2893983912   0.0000000000   0.0000000000  -0.0000000000  -0.0000000000
17  5   0.4099191066   0.0000000000  -0.0000000000  -0.0015805229  -0.0218949528
17  6  -0.0037392038   0.0510689089  -0.0117887079   0.0128151193  -0.5484237220
17  7   0.4904213952   0.0000000000  -0.0000000000  -0.0227645398  -0.0335536992
17  8   0.0018489487   0.0311165296  -0.0000000000   0.0000000000  -0.0039321423
17  9  -0.0019872722   0.0017973783   0.0009283576   0.0000000000  -0.0000000000
17 10   0.0003163544  -0.0001615573   0.0000000000  -0.0000000000   0.0001760646
17 11   0.0002369910
18  1   0.1655301372  -0.0642217447   0.0430842415   0.2111815983  -0.0684381328
18  2   0.2358181591  -0.1453544634  -0.0000000000  -0.0431905480  -0.0000000000
18  3   0.0000000000   0.3733058190   0.0000000000   0.0000000000   0.1748103121
18  4  -0.0000000000  -0.0344371270   0.2362116717   0.0262242265  -0.0271576457
18  5   0.0000000000  -0.0097755752  -0.0305845852   0.0000000000  -0.0000000000
18  6  -0.0000000000  -0.0000000000  -0.0000000000  -0.0000000000   0.0000000000
18  7   0.0000000000  -0.0000966047   0.0000564732  -0.0000000000  -0.0000000000
18  8   0.0000000000   0.0000000000  -0.0005909505  -0.0117450331  -0.0000000000
18  9   0.0000000000   0.0000000000   0.0000000000   0.0007762408   0.0006905579
18 10  -0.0000000000  -0.0000000000   0.0000147473   0.0000380276  -0.0000000000
18 11   0.0000000000
19  1  -0.0089808885  -0.1632003770  -0.1062442632  -0.2287596024   0.1126291192
19  2  -0.0688698502  -0.1152416707  -0.0046310574  -0.1406101113  -0.0657655771
19  3  -0.1121934194   0.0524547787  -0.2339593718  -0.3110336512   0.0798701182
19  4   0.2124226319  -0.0647321107  -0.0736736869  -0.1041290746  -0.1391710334
19  5  -0.0875327620   0.0478870292  -0.0373138220  -0.0641551382   0.0657805382
19  6  -0.1614236551  -0.1638929302   0.0149681590   0.0133295113  -0.0087078647
19  7   0.0178013053   0.0088249494   0.0090432648  -0.0189904667   0.0215926149
19  8  -0.0877474129   0.0994335607  -0.1125544903   0.1101390266  -0.0026419735
19  9   0.0030815643   0.0020502744  -0.0022600915   0.0000005497  -0.0000607755
19 10   0.0000048452   0.0000629431   0.0001407837  -0.0001452038   0.0001094634
19 11  -0.0001190647
20  1   0.1915385572  -0.0233469720   0.0519295414  -0.0915013817   0.1052106909
20  2  -0.1488322917   0.0938515933  -0.0425482020  -0.1357810264  -0.1092541551
20  3  -0.1317491851   0.0964768313   0.1346901212   0.0909245803  -0.0368489496
20  4   0.0135441539   0.0231128118   0.0272052085   0.0349584914   0.0404749959
20  5   0.0062855138   0.1787526683  -0.1849556385  -0.1630646227   0.1596954199
20  6   0.0864384047   0.0968350698   0.0049262495   0.0061119977  -0.0071158224
20  7  -0.0186518594  -0.0337640026  -0.0338819073   0.0562576075  -0.0610532056
20  8   0.0638370654  -0.0762380589   0.1180134805  -0.1154277973   0.0018766589
20  9  -0.0024661369   0.0003138327  -0.0000442405  -0.0003585474   0.0004305220
20 10   0.0000451269  -0.0000200228   0.0000032679   0.0000008676  -0.0000047443
20 11   0.0000269965
21  1   0.1353766177  -0.1391976472   0.1633545332   0.1249946874  -0.1376983305
21  2   0.0001399971   0.1127837553  -0.0008013229   0.0767321703  -0.0001495791
21  3  -0.0018936847  -0.0822576626   0.0306022084   0.0298553460   0.0729289299
21  4  -0.0131565435  -0.0473652791  -0.0494529917  -0.0630948464  -0.0835475582
21  5   0.0159978526  -0.0056852633   0.0137610635   0.0475068422  -0.0402478603
21  6  -0.2892472444  -0.2951616204  -0.0333709825  -0.0367582671  -0.0889020290
21  7  -0.0426581957  -0.0322237316  -0.0317600517   0.0668083188  -0.0766909478
21  8   0.1161904419  -0.1251030379   0.2480770355  -0.2491297614   0.0028326227
21  9  -0.0030690393   0.0004677816  -0.0004311490   0.0002369292  -0.0000823437
21 10   0.0001436433   0.0001449969  -0.0003188779   0.0003334837  -0.0000265449
21 11   0.0000260844
22  1   0.1267406066  -0.1901099821  -0.1662741608  -0.0434842335   0.0598631176
22  2  -0.0162884638   0.0000000000  -0.0971539336  -0.0000000000   0.0298304825
22  3  -0.0307156779  -0.0000000000  -0.1554146228  -0.2203224829   0.0000000000
22  4   0.1613353104   0.0000000000   0.0000000000   0.0000000000   0.0000000000
22  5  -0.0405859482   0.0000000000  -0.0000000000   0.0901337483  -0.0944666938
22  6   0.1528137593   0.1441344327  -0.0737236596  -0.0735498191  -0.0225362711
22  7  -0.0046099625  -0.0000000000   0.0000000000  -0.0107161635   0.0056619651
22  8   0.1182897395  -0.1249047723   0.0000000000  -0.0000000000   0.0022075339
22  9  -0.0024967713  -0.0052390397   0.0053524484  -0.0000000000   0.0000000000
22 10  -0.0000799481  -0.0001003856   0.0000000000  -0.0000000000  -0.0004061597
22 11   0.0004106020
23  1   0.2550564570  -0.0184585889  -0.0273945957   0.0039233655   0.1493396425
23  2  -0.0406345920   0.0000000000  -0.1310619958   0.0000000000  -0.0161470359
23  3  -0.0554105201  -0.0000000000   0.2521902487   0.1992115677  -0.0000000000
23  4  -0.0463847281  -0.0000000000  -0.0000000000  -0.0000000000  -0.0000000000
23  5   0.0597853114   0.0000000000  -0.0000000000   0.0491447597  -0.0428496270
23  6  -0.0766910160  -0.0695605430  -0.1311797892  -0.1315011242   0.0181684331
23  7   0.0173035909  -0.0000000000   0.0000000000  -0.0506085422   0.0562487206
23  8  -0.0701498167   0.0800828275  -0.0000000000   0.0000000000  -0.0027632288
23  9   0.0031783861   0.0011772855  -0.0013465983   0.0000000000  -0.0000000000
23 10  -0.0000913328  -0.0000570353   0.0000000000  -0.0000000000  -0.0000423653
23 11   0.0000302362
24  1   0.1684963322  -0.1553920789   0.1769190341   0.1654070589  -0.1884771743
24  2  -0.0330631618   0.2204622712   0.0000000000   0.0742369855   0.0000000000
24  3  -0.0000000000  -0.0609382420  -0.0000000000   0.0000000000   0.0277560459
24  4  -0.0000000000  -0.0066401822   0.0028565584  -0.0015689381  -0.0021916474
24  5  -0.0000000000   0.0715136941  -0.0729915054  -0.0000000000  -0.0000000000
24  6  -0.0000000000  -0.0000000000  -0.0000000000  -0.0000000000   0.0000000000
24  7  -0.0000000000   0.0037231212   0.0035263867  -0.0000000000   0.0000000000
24  8  -0.0000000000  -0.0000000000  -0.2562183716   0.2550279668   0.0000000000
24  9  -0.0000000000   0.0000000000  -0.0000000000  -0.0028988644   0.0027719718
24 10   0.0000000000   0.0000000000   0.0005219057  -0.0005314027   0.0000000000
24 11  -0.0000000000
25  1   0.1925891317  -0.2654284123  -0.2107968542   0.0082826872   0.1501157678
25  2  -0.0408457719   0.0000000000  -0.3042670733  -0.0000000000   0.2557562337
25  3   0.2037342152  -0.0000000000  -0.0123059449   0.0282255939  -0.0000000000
25  4  -0.0852605602  -0.0000000000  -0.0000000000  -0.0000000000   0.0000000000
25  5   0.0219925574   0.0000000000   0.0000000000  -0.0240142124   0.0245471797
25  6  -0.0072576282  -0.0075985521   0.1188255792   0.1195257293  -0.0023115905
25  7  -0.0400343310   0.0000000000  -0.0000000000   0.1036944326  -0.1030879361
25  8  -0.1025691142   0.1002056442  -0.0000000000   0.0000000000   0.0464908447
25  9  -0.0464769330  -0.0343310504   0.0343691382  -0.0000000000   0.0000000000
25 10   0.0164024238   0.0163805906   0.0000000000  -0.0000000000  -0.0582775164
25 11   0.0582782115
26  1   0.2198745316   0.0217829713  -0.0036067572  -0.0237349600   0.1011189420
26  2  -0.0275139734   0.0000000000  -0.0212907333   0.0000000000  -0.1367749636
26  3  -0.1821009064   0.0000000000   0.1947797275   0.0913054116   0.0000000000
26  4   0.0809764762  -0.0000000000  -0.0000000000  -0.0000000000  -0.0000000000
26  5   0.0500164936   0.0000000000  -0.0000000000   0.1819204446  -0.1792650107
26  6  -0.0092201173  -0.0263813474   0.2717752802   0.2716168457   0.0326703009
26  7   0.0419737483  -0.0000000000   0.0000000000  -0.0334829581   0.0328099654
26  8   0.0225085281  -0.0221073626   0.0000000000  -0.0000000000   0.0850279760
26  9  -0.0852356437   0.0236767882  -0.0235518006   0.0000000000  -0.0000000000
26 10   0.0248798178   0.0248626031  -0.0000000000   0.0000000000   0.0334684539
26 11  -0.0334660398
27  1   0.0440998733  -0.2030123707   0.2862711804  -0.0460835330  -0.1373498911
27  2  -0.2297602412   0.2699159586   0.0000000000  -0.2437314504  -0.0000000000
27  3  -0.0000000000   0.2036184278  -0.0000000000   0.0000000000  -0.0197112245
27  4   0.0000000000   0.0011826138  -0.0065393900   0.0234694338   0.0368066371
27  5   0.0000000000  -0.1618476533   0.1591275238   0.0000000000   0.0000000000
27  6   0.0000000000  -0.0000000000  -0.0000000000  -0.0000000000   0.0000000000
27  7   0.0000000000   0.1064352918   0.1064275891  -0.0000000000   0.0000000000
27  8   0.0000000000   0.0000000000   0.0705416033  -0.0706769799  -0.0000000000
27  9   0.0000000000   0.0000000000  -0.0000000000  -0.0452657328   0.0453013642
27 10   0.0000000000   0.0000000000   0.0664434651  -0.0664399141   0.0000000000
27 11  -0.0000000000
28  1   0.1018517158  -0.1616417335  -0.1494458347  -0.0630506739   0.0257501537
28  2  -0.0070064919  -0.0000000000   0.0496764091   0.0000000000  -0.0998400317
28  3   0.0171047207   0.0000000000  -0.2856516461   0.2665203030  -0.0000000000
28  4  -0.3569325324   0.0000000000   0.0000000000   0.0000000000   0.0000000000
28  5  -0.5392448262  -0.0000000000   0.0000000000   0.0166913793  -0.0390250133
28  6   0.0020822890  -0.0332534709  -0.0076641429  -0.0146995754   0.4171001889
28  7   0.3737284564   0.0000000000  -0.0000000000   0.0136153294  -0.0247477381
28  8   0.0030606306  -0.0220920744   0.0000000000  -0.0000000000  -0.0017799692
28  9   0.0001624513   0.0006927281   0.0000348808   0.0000000000  -0.0000000000
28 10   0.0002664927   0.0001650312   0.0000000000  -0.0000000000  -0.0002342884
28 11   0.0003296538
29  1   0.1143236366   0.1425135071   0.0677602191  -0.1067139608  -0.0435501753
29  2   0.0118497914   0.0000000000   0.0496148153  -0.0000000000   0.0789591691
29  3   0.0723048278  -0.0000000000   0.1840512737  -0.1872776928   0.0000000000
29  4   0.2893983912  -0.0000000000  -0.0000000000  -0.0000000000  -0.0000000000
29  5   0.4099191066   0.0000000000  -0.0000000000  -0.0015805229   0.0218949528
29  6  -0.0037392038  -0.0510689089  -0.0117887079  -0.0128151193   0.5484237220
29  7   0.4904213952   0.0000000000  -0.0000000000   0.0227645398  -0.0335536992
29  8   0.0018489487  -0.0311165296   0.0000000000  -0.0000000000  -0.0039321423
29  9   0.0019872722   0.0017973783  -0.0009283576   0.0000000000  -0.0000000000
29 10   0.0003163544   0.0001615573   0.0000000000  -0.0000000000  -0.0001760646
29 11   0.0002369910
30  1  -0.1123069596  -0.1526037731   0.2607474083  -0.2512816365   0.0688943882
30  2  -0.1502216950  -0.1453544634  -0.0000000000  -0.0431905480  -0.0000000000
30  3   0.0000000000  -0.3733058190   0.0000000000  -0.0000000000   0.1748103121
30  4   0.0000000000   0.0344371270   0.2362116717   0.0262242265   0.0271576457
30  5   0.0000000000  -0.0097755752   0.0305845852   0.0000000000   0.0000000000
30  6  -0.0000000000   0.0000000000  -0.0000000000   0.0000000000   0.0000000000
30  7  -0.0000000000  -0.0000966047  -0.0000564732  -0.0000000000  -0.0000000000
30  8   0.0000000000   0.0000000000   0.0005909505  -0.0117450331   0.0000000000
30  9  -0.0000000000   0.0000000000  -0.0000000000  -0.0007762408   0.0006905579
30 10   0.0000000000   0.0000000000  -0.0000147473   0.0000380276  -0.0000000000
30 11   0.0000000000
31  1   0.2066619439  -0.1531946149  -0.1885754485   0.0979237542  -0.0693831411
31  2   0.0571028295   0.1152416707  -0.0046310574   0.1406101113  -0.0657655771
31  3  -0.1121934194  -0.0524547787  -0.2339593718  -0.3110336512  -0.0798701182
31  4   0.2124226319   0.0647321107   0.0736736869   0.1041290746   0.1391710334
31  5  -0.0875327620  -0.0478870292   0.0373138220  -0.0641551382   0.0657805382
31  6  -0.1614236551  -0.1638929302   0.0149681590   0.0133295113  -0.0087078647
31  7   0.0178013053  -0.0088249494  -0.0090432648  -0.0189904667   0.0215926149
31  8  -0.0877474129   0.0994335607   0.1125544903  -0.1101390266  -0.0026419735
31  9   0.0030815643   0.0020502744  -0.0022600915  -0.0000005497   0.0000607755
31 10   0.0000048452   0.0000629431  -0.0001407837   0.0001452038   0.0001094634
31 11  -0.0001190647
32  1   0.2677344402   0.0445811756  -0.0723439307   0.0593802331   0.1237868936
32  2   0.0865231602  -0.0938515933  -0.0425482020   0.1357810264  -0.1092541551
32  3  -0.1317491851  -0.0964768313   0.1346901212   0.0909245803   0.0368489496
32  4   0.0135441539  -0.0231128118  -0.0272052085  -0.0349584914  -0.0404749959
32  5   0.0062855138  -0.1787526683   0.1849556385  -0.1630646227   0.1596954199
32  6   0.0864384047   0.0968350698   0.0049262495   0.0061119977  -0.0071158224
32  7  -0.0186518594   0.0337640026   0.0338819073   0.0562576075  -0.0610532056
32  8   0.0638370654  -0.0762380589  -0.1180134805   0.1154277973   0.0018766589
32  9  -0.0024661369   0.0003138327  -0.0000442405   0.0003585474  -0.0004305220
32 10   0.0000451269  -0.0000200228  -0.0000032679  -0.0000008676  -0.0000047443
32 11   0.0000269965
33  1   0.1353766177  -0.1391976472   0.1633545332   0.1249946874  -0.1376983305
33  2   0.0001399971   0.1127837553   0.0008013229   0.0767321703   0.0001495791
33  3   0.0018936847  -0.0822576626  -0.0306022084  -0.0298553460   0.0729289299
33  4   0.0131565435  -0.0473652791  -0.0494529917  -0.0630948464  -0.0835475582
33  5  -0.0159978526  -0.0056852633   0.0137610635  -0.0475068422   0.0402478603
33  6   0.2892472444   0.2951616204   0.0333709825   0.0367582671   0.0889020290
33  7   0.0426581957  -0.0322237316  -0.0317600517  -0.0668083188   0.0766909478
33  8  -0.1161904419   0.1251030379   0.2480770355  -0.2491297614  -0.0028326227
33  9   0.0030690393  -0.0004677816   0.0004311490   0.0002369292  -0.0000823437
33 10  -0.0001436433  -0.0001449969  -0.0003188779   0.0003334837   0.0000265449
33 11  -0.0000260844
34  1   0.2935898834  -0.2874041365  -0.2559519933   0.1449661300   0.1144773777
34  2  -0.0032842123   0.0842230692  -0.3695492191   0.1110560994   0.3275573224
34  3   0.2888014134  -0.0236792515   0.0187169747   0.1241978075  -0.2748081550
34  4  -0.1993709462   0.3026841573   0.2899548363  -0.3058114586  -0.3022867618
34  5   0.0286342961   0.1172525838  -0.1098413733  -0.2157814448   0.2184588287
34  6  -0.2016343833  -0.1954411899   0.2775890805   0.2772323043   0.0210497336
34  7   0.0900167465   0.1953998291   0.1954578906  -0.2481356288   0.2481423099
34  8   0.2714050260  -0.2738949480   0.1305436590  -0.1330994394  -0.2501528537
34  9   0.2496778880   0.2509050305  -0.2509298536   0.3252943150  -0.3252529018
34 10   0.1102363215   0.1102515887   0.1393446212  -0.1393462674   0.0761924086
34 11  -0.0762072893
35  1   0.2598491237   0.0325853119  -0.0571533870   0.0408524480   0.1246139203
35  2   0.0537201322  -0.0734584408  -0.0576450880   0.1357802677  -0.0967301659
35  3  -0.1361027200  -0.1738046576   0.2156588964   0.1442568258   0.1889158609
35  4   0.0216660938  -0.1791765127  -0.1603836389   0.1563655141   0.1386367833
35  5   0.0570994053   0.2617056289  -0.2656690997   0.0999488674  -0.0960302539
35  6  -0.1022730389  -0.1163251409   0.3360094537   0.3354591390   0.0336773928
35  7   0.0725125280   0.4238941432   0.4239018538  -0.1311717825   0.1306687763
35  8   0.1311483941  -0.1319124422   0.2991205166  -0.3001360761  -0.2841486722
35  9   0.2842527744  -0.2857401919   0.2856170519   0.0385731160  -0.0384667558
35 10  -0.1924182269  -0.1924601779  -0.2513190563   0.2513272316  -0.1450740554
35 11   0.1451204235
36  1   0.0532231776  -0.2168255178   0.3038316498  -0.0401000382  -0.1633761460
36  2  -0.2666239972   0.3422760655   0.0003907458  -0.2894077842  -0.0004571357
36  3   0.0002197199   0.3011403346  -0.0018628073   0.0002614345  -0.2245205021
36  4  -0.0016741701   0.2092187914   0.1859636360  -0.1714070521  -0.1460814990
36  5  -0.0008994853  -0.2822262135   0.2843071535  -0.0117314574   0.0115921783
36  6  -0.0080660779  -0.0083148848   0.0146355833   0.0144601033   0.0060947659
36  7   0.0220333088  -0.0939504017  -0.0939590212  -0.0498922110   0.0494846333
36  8   0.0509741512  -0.0501083388  -0.0832172114   0.0830715445   0.1138352321
36  9  -0.1141066156   0.2727750870  -0.2726958391   0.0525724926  -0.0526085642
36 10  -0.3323080988  -0.3323360256  -0.4063459464   0.4063403202  -0.2512003592
36 11   0.2512555474
37  1   0.1835097723  -0.2550433187  -0.2046579538   0.0011449347   0.1376715066
37  2  -0.0374597489   0.0000000000  -0.2761271736  -0.0000000000   0.2247144778
37  3   0.1700232269  -0.0000000000  -0.0274559318  -0.0040685612  -0.0000000000
37  4  -0.0475556285  -0.0000000000  -0.0000000000  -0.0000000000   0.0000000000
37  5   0.0124817678   0.0000000000  -0.0000000000   0.0430700065  -0.0436020018
37  6   0.0655162801   0.0634227909   0.0706771760   0.0718655721  -0.0159150839
37  7  -0.0913548410   0.0000000000  -0.0000000000   0.2075351549  -0.2065851445
37  8  -0.1868157071   0.1806314940  -0.0000000000   0.0000000000  -0.0598814373
37  9   0.0599868716   0.0154385090  -0.0155398131   0.0000000000   0.0000000000
37 10  -0.4144591442  -0.4143518717  -0.0000000000   0.0000000000   0.5516621689
37 11  -0.5515867198
38  1   0.1758923208   0.0720904165   0.0261312890  -0.0583116436   0.0408364820
38  2  -0.0111114086   0.0000000000   0.1141813349   0.0000000000  -0.2867174921
38  3  -0.3478848065   0.0000000000   0.1287450962  -0.0705062048   0.0000000000
38  4   0.2705128511   0.0000000000  -0.0000000000  -0.0000000000  -0.0000000000
38  5   0.0139556293   0.0000000000  -0.0000000000   0.5237582526  -0.5249170225
38  6   0.3599316790   0.3399766547   0.0333392230   0.0368651467  -0.0616929701
38  7  -0.2673592257   0.0000000000  -0.0000000000   0.5129960226  -0.5082526322
38  8  -0.4446093612   0.4252189397  -0.0000000000   0.0000000000  -0.4176169112
38  9   0.4178373310   0.2448810514  -0.2452933909  -0.0000000000  -0.0000000000
38 10   0.0901351985   0.0902153127   0.0000000000  -0.0000000000  -0.1060443145
38 11   0.1060269843
39  1  -0.0426791655  -0.2012687388   0.3108737382  -0.1743708616  -0.0566768922
39  2  -0.2633528984   0.1518238543   0.0000000000  -0.3405454561   0.0000000000
39  3  -0.0000000000   0.1868397339  -0.0000000000   0.0000000000   0.3432156571
39  4  -0.0000000000  -0.3870967695  -0.3714770730   0.4146149273   0.4219649760
39  5   0.0000000000  -0.2761078977   0.2643542906   0.0000000000  -0.0000000000
39  6   0.0000000000  -0.0000000000   0.0000000000   0.0000000000   0.0000000000
39  7  -0.0000000000  -0.1753770594  -0.1753113425   0.0000000000  -0.0000000000
39  8  -0.0000000000  -0.0000000000  -0.1619264922   0.1593202981   0.0000000000
39  9  -0.0000000000  -0.0000000000   0.0000000000   0.5270724342  -0.5271296127
39 10   0.0000000000   0.0000000000   0.0139395470  -0.0139555911   0.0000000000
39 11  -0.0000000000
40  1   0.1363906543  -0.2946981330  -0.1959342375  -0.0931793778   0.2471606053
40  2  -0.0951157279  -0.0842230692  -0.3695492191  -0.1110560994   0.3275573224
40  3   0.2888014134   0.0236792515   0.0187169747   0.1241978075   0.2748081550
40  4  -0.1993709462  -0.3026841573  -0.2899548363   0.3058114586   0.3022867618
40  5   0.0286342961  -0.1172525838   0.1098413733  -0.2157814448   0.2184588287
40  6  -0.2016343833  -0.1954411899   0.2775890805   0.2772323043   0.0210497336
40  7   0.0900167465  -0.1953998291  -0.1954578906  -0.2481356288   0.2481423099
40  8   0.2714050260  -0.2738949481  -0.1305436590   0.1330994394  -0.2501528537
40  9   0.2496778880   0.2509050305  -0.2509298536  -0.3252943150   0.3252529018
40 10   0.1102363215   0.1102515887  -0.1393446212   0.1393462674   0.0761924086
40 11  -0.0762072893
41  1   0.2043038781  -0.0169329231   0.0334394410  -0.0691371736   0.1110722472
41  2  -0.1178491947   0.0734584408  -0.0576450880  -0.1357802677  -0.0967301659
41  3  -0.1361027200   0.1738046576   0.2156588964   0.1442568258  -0.1889158609
41  4   0.0216660938   0.1791765127   0.1603836389  -0.1563655141  -0.1386367833
41  5   0.0570994053  -0.2617056289   0.2656690997   0.0999488674  -0.0960302539
41  6  -0.1022730389  -0.1163251409   0.3360094537   0.3354591390   0.0336773928
41  7   0.0725125280  -0.4238941432  -0.4239018538  -0.1311717825   0.1306687763
41  8   0.1311483941  -0.1319124422  -0.2991205166   0.3001360761  -0.2841486722
41  9   0.2842527744  -0.2857401919   0.2856170519  -0.0385731160   0.0384667558
41 10  -0.1924182269  -0.1924601779   0.2513190563  -0.2513272316  -0.1450740554
41 11   0.1451204235
42  1   0.0532231776  -0.2168255178   0.3038316498  -0.0401000382  -0.1633761460
42  2  -0.2666239972   0.3422760655  -0.0003907458  -0.2894077842   0.0004571357
42  3  -0.0002197199   0.3011403346   0.0018628073  -0.0002614345  -0.2245205021
42  4   0.0016741701   0.2092187914   0.1859636360  -0.1714070521  -0.1460814990
42  5   0.0008994853  -0.2822262135   0.2843071535   0.0117314574  -0.0115921783
42  6   0.0080660779   0.0083148848  -0.0146355833  -0.0144601033  -0.0060947659
42  7  -0.0220333088  -0.0939504017  -0.0939590212   0.0498922110  -0.0494846333
42  8  -0.0509741512   0.0501083388  -0.0832172114   0.0830715445  -0.1138352321
42  9   0.1141066156  -0.2727750870   0.2726958391   0.0525724926  -0.0526085642
42 10   0.3323080988   0.3323360256  -0.4063459464   0.4063403202   0.2512003592
42 11  -0.2512555474
43  1  -0.0514717893   0.1072820537  -0.0226426667  -0.1263046423  -0.3584676184
43  2   0.1254018261  -0.0842230692  -0.3695492191  -0.1110560994  -0.3275573224
43  3   0.2888014134  -0.0236792515  -0.0187169747   0.1241978075   0.2748081550
43  4   0.1993709462   0.3026841573  -0.2899548363   0.3058114586  -0.3022867618
43  5   0.0286342961  -0.1172525838  -0.1098413733  -0.2157814448  -0.2184588287
43  6  -0.2016343833   0.1954411899   0.2775890805  -0.2772323043  -0.0210497336
43  7   0.0900167465  -0.1953998291   0.1954578906   0.2481356287   0.2481423100
43  8   0.2714050260   0.2738949481   0.1305436590   0.1330994394  -0.2501528537
43  9  -0.2496778880   0.2509050305   0.2509298536   0.3252943149   0.3252529018
43 10   0.1102363215  -0.1102515887   0.1393446212   0.1393462674  -0.0761924087
43 11  -0.0762072893
44  1   0.1129165072   0.2006488182   0.0421933458  -0.0746588576  -0.0767734003
44  2   0.1085166449   0.0734584408  -0.0576450880  -0.1357802677   0.0967301659
44  3  -0.1361027200  -0.1738046576  -0.2156588964   0.1442568258  -0.1889158609
44  4  -0.0216660938  -0.1791765127   0.1603836389  -0.1563655141   0.1386367833
44  5   0.0570994053  -0.2617056289  -0.2656690997   0.0999488674   0.0960302539
44  6  -0.1022730389   0.1163251409   0.3360094537  -0.3354591390  -0.0336773928
44  7   0.0725125280  -0.4238941432   0.4239018537   0.1311717825   0.1306687763
44  8   0.1311483941   0.1319124422   0.2991205166   0.3001360761  -0.2841486722
44  9  -0.2842527744  -0.2857401919  -0.2856170519   0.0385731160   0.0384667558
44 10  -0.1924182269   0.1924601779  -0.2513190563  -0.2513272316   0.1450740554
44 11   0.1451204234
45  1   0.0000000000  -0.0000000000   0.0000000000   0.0000000000   0.1638324015
45  2   0.3522204613   0.3422760655  -0.0003907458  -0.2894077842  -0.0004571357
45  3  -0.0002197199  -0.3011403346  -0.0018628073  -0.0002614345  -0.2245205021
45  4  -0.0016741701  -0.2092187914   0.1859636360  -0.1714070521   0.1460814990
45  5   0.0008994853  -0.2822262135  -0.2843071535   0.0117314574   0.0115921783
45  6   0.0080660779  -0.0083148848  -0.0146355833   0.0144601033   0.0060947659
45  7  -0.0220333088  -0.0939504017   0.0939590212  -0.0498922110  -0.0494846333
45  8  -0.0509741512  -0.0501083389   0.0832172114   0.0830715445  -0.1138352321
45  9  -0.1141066156  -0.2727750870  -0.2726958391  -0.0525724926  -0.0526085642
45 10   0.3323080988  -0.3323360256   0.4063459464   0.4063403202  -0.2512003593
45 11  -0.2512555473
46  1  -0.0985909073   0.0676272393  -0.0139189504  -0.2206289547  -0.2489785197
46  2   0.0677458470  -0.0000000000  -0.2761271736   0.0000000000  -0.2247144778
46  3   0.1700232269  -0.0000000000   0.0274559318  -0.0040685612   0.0000000000
46  4   0.0475556285  -0.0000000000  -0.0000000000  -0.0000000000  -0.0000000000
46  5   0.0124817678  -0.0000000000  -0.0000000000   0.0430700065   0.0436020018
46  6   0.0655162801  -0.0634227909   0.0706771760  -0.0718655721   0.0159150839
46  7  -0.0913548410   0.0000000000  -0.0000000000  -0.2075351549  -0.2065851446
46  8  -0.1868157071  -0.1806314940   0.0000000000  -0.0000000000  -0.0598814373
46  9  -0.0599868716   0.0154385090   0.0155398131  -0.0000000000  -0.0000000000
46 10  -0.4144591442   0.4143518717  -0.0000000000  -0.0000000000  -0.5516621690
46 11  -0.5515867198
47  1   0.1413280645   0.1116254786   0.0495014979  -0.0854843876  -0.0065376351
47  2   0.0017788588   0.0000000000   0.1141813349  -0.0000000000   0.2867174921
47  3  -0.3478848065   0.0000000000  -0.1287450962  -0.0705062048  -0.0000000000
47  4  -0.2705128511   0.0000000000   0.0000000000  -0.0000000000   0.0000000000
47  5   0.0139556293  -0.0000000000  -0.0000000000   0.5237582526   0.5249170225
47  6   0.3599316790  -0.3399766547   0.0333392230  -0.0368651467   0.0616929701
47  7  -0.2673592257   0.0000000000  -0.0000000000  -0.5129960225  -0.5082526323
47  8  -0.4446093612  -0.4252189397   0.0000000000  -0.0000000000  -0.4176169112
47  9  -0.4178373310   0.2448810514   0.2452933909  -0.0000000000  -0.0000000000
47 10   0.0901351985  -0.0902153127   0.0000000000   0.0000000000   0.1060443145
47 11   0.1060269843
48  1   0.0959023431  -0.0155567790  -0.0070420884   0.1342708234   0.0571331477
48  2   0.3489493625   0.1518238543  -0.0000000000  -0.3405454561  -0.0000000000
48  3   0.0000000000  -0.1868397339   0.0000000000   0.0000000000   0.3432156571
48  4  -0.0000000000   0.3870967695  -0.3714770730   0.4146149273  -0.4219649760
48  5   0.0000000000  -0.2761078977  -0.2643542906  -0.0000000000  -0.0000000000
48  6  -0.0000000000   0.0000000000   0.0000000000  -0.0000000000   0.0000000000
48  7   0.0000000000  -0.1753770594   0.1753113425   0.0000000000  -0.0000000000
48  8   0.0000000000   0.0000000000   0.1619264922   0.1593202981   0.0000000000
48  9   0.0000000000  -0.0000000000  -0.0000000000  -0.5270724342  -0.5271296127
48 10   0.0000000000  -0.0000000000  -0.0139395470  -0.0139555911   0.0000000000
48 11   0.0000000000
49  1  -0.2086710184   0.0999880571   0.0373750891  -0.3644501501  -0.2257843908
49  2   0.0335703104   0.0842230692  -0.3695492191   0.1110560994  -0.3275573224
49  3   0.2888014134   0.0236792515  -0.0187169747   0.1241978075  -0.2748081550
49  4   0.1993709462  -0.3026841573   0.2899548363  -0.3058114586   0.3022867618
49  5   0.0286342961   0.1172525838   0.1098413733  -0.2157814448  -0.2184588287
49  6  -0.2016343833   0.1954411899   0.2775890805  -0.2772323043  -0.0210497336
49  7   0.0900167465   0.1953998291  -0.1954578906   0.2481356287   0.2481423100
49  8   0.2714050260   0.2738949481  -0.1305436590  -0.1330994394  -0.2501528537
49  9  -0.2496778880   0.2509050305   0.2509298536  -0.3252943149  -0.3252529018
49 10   0.1102363215  -0.1102515887  -0.1393446212  -0.1393462674  -0.0761924087
49 11  -0.0762072893
50  1   0.0573712616   0.1511305832   0.1327861738  -0.1846484793  -0.0903150735
50  2  -0.0630526820  -0.0734584408  -0.0576450880   0.1357802677   0.0967301659
50  3  -0.1361027200   0.1738046576  -0.2156588964   0.1442568258   0.1889158609
50  4  -0.0216660938   0.1791765127  -0.1603836389   0.1563655141  -0.1386367833
50  5   0.0570994053   0.2617056289   0.2656690997   0.0999488674   0.0960302539
50  6  -0.1022730389   0.1163251409   0.3360094537  -0.3354591390  -0.0336773928
50  7   0.0725125280   0.4238941432  -0.4239018537   0.1311717825   0.1306687763
50  8   0.1311483941   0.1319124422  -0.2991205166  -0.3001360761  -0.2841486722
50  9  -0.2842527744  -0.2857401919  -0.2856170519  -0.0385731160  -0.0384667558
50 10  -0.1924182269   0.1924601779   0.2513190563   0.2513272316   0.1450740554
50 11   0.1451204234
51  1   0.0000000000   0.0000000000   0.0000000000   0.0000000000   0.1638324015
51  2   0.3522204613   0.3422760655   0.0003907458  -0.2894077842   0.0004571357
51  3   0.0002197199  -0.3011403346   0.0018628073   0.0002614345  -0.2245205021
51  4   0.0016741701  -0.2092187914   0.1859636360  -0.1714070521   0.1460814990
51  5  -0.0008994853  -0.2822262135  -0.2843071535  -0.0117314574  -0.0115921783
51  6  -0.0080660779   0.0083148848   0.0146355833  -0.0144601033  -0.0060947659
51  7   0.0220333088  -0.0939504017   0.0939590212   0.0498922110   0.0494846333
51  8   0.0509741512   0.0501083389   0.0832172114   0.0830715445   0.1138352321
51  9   0.1141066156   0.2727750870   0.2726958391  -0.0525724926  -0.0526085642
51 10  -0.3323080988   0.3323360256   0.4063459464   0.4063403202   0.2512003593
51 11   0.2512555473
$end
