$coord
   -0.00121861502598      7.13942415755203     -2.23834561625545  c
    0.00635717485053      5.82243087932538      0.93009992340788  s
    2.32800340734385      4.09235027765930      0.83616190764587  o
   -2.32043239534369      4.09924295387627      0.85040323978801  o
   -0.00138172098443      0.00002120918913      0.00006240059254  np
   -0.01810646745707      0.82317229273345     -3.26095208143376  o
   -2.32838799600235     -4.09396823770921     -0.83672223313914  o
   -0.00550101984242     -5.82237565451528     -0.93011854463925  s
    0.00222732190769     -7.13946538914849      2.23828701896269  c
    0.01532474558104     -0.82313593256225      3.26107739069026  o
    2.32005647909625     -4.09752111241622     -0.84976058482762  o
    1.69613196782768     -8.29333951053626      2.45294982374962  h
    0.00993072380830     -5.54022969098322      3.53856889185355  h
   -1.69492517639130     -8.28637027504980      2.46430566809484  h
    1.69668056837788      8.28512756180731     -2.46484298649383  h
   -0.01039158645634      5.54015252921325     -3.53857374567931  h
   -1.69436741128963      8.29448394156471     -2.45260047231695  h
$user-defined bonds
$redundant
     number_of_atoms            17
     degrees_of_freedom         45
     internal_coordinates       45
     frozen_coordinates          0
# definitions of redundant internals
   1 k  1.0000000000000 stre   5   10           val=   3.36334
   2 k  1.0000000000000 stre   5    6           val=   3.36334
   3 k  0.3534193910047 bend  11   10    5      val=   0.00001
        0.3534321846191 bend  11    6    5
       -0.3534199123415 bend   3   10    5
       -0.3534297864753 bend   3    6    5
       -0.3536753493199 bend   4   10    5
       -0.3536881289102 bend   4    6    5
        0.3536761423389 bend   7   10    5
        0.3536860438602 bend   7    6    5
   4 k -0.3534554662059 bend  11   10    5      val=   2.21353
        0.3534439243734 bend  11    6    5
        0.3534065017618 bend   3   10    5
       -0.3533953787080 bend   3    6    5
        0.3537113756946 bend   4   10    5
       -0.3536998072744 bend   4    6    5
       -0.3536627970697 bend   7   10    5
        0.3536516811215 bend   7    6    5
   5 k -0.3539253812730 bend  11   10    5      val=   0.06600
        0.3539482594469 bend  11    6    5
       -0.3539729050737 bend   3   10    5
        0.3539987348633 bend   3    6    5
        0.3531094925971 bend   4   10    5
       -0.3531323742473 bend   4    6    5
        0.3531561796864 bend   7   10    5
       -0.3531819043493 bend   7    6    5
   6 k  0.3539727771441 bend  11   10    5      val=   0.10398
        0.3539486095625 bend  11    6    5
        0.3539742241735 bend   3   10    5
        0.3539496731366 bend   3    6    5
       -0.3531568490081 bend   4   10    5
       -0.3531327983916 bend   4    6    5
       -0.3531574258780 bend   7   10    5
       -0.3531328809144 bend   7    6    5
   7 k  0.4082482904639 tors  12    9    8    7 val=  59.91626
        0.4082482904639 tors  12    9    8   11
        0.4082482904639 tors  14    9    8    7
        0.4082482904639 tors  14    9    8   11
        0.4082482904639 tors  13    9    8    7
        0.4082482904639 tors  13    9    8   11
   8 k  1.0000000000000 stre   9   12           val=   2.06078
   9 k  1.0000000000000 stre   9   14           val=   2.06078
  10 k  1.0000000000000 stre   9   13           val=   2.06115
  11 k -0.4046333525210 bend  14   12    9      val=   2.02071
       -0.3880883245292 bend  13   12    9
       -0.3888559860956 bend  13   14    9
        0.4218869137827 bend   8   12    9
        0.4216723622433 bend   8   14    9
        0.4226750233554 bend   8   13    9
  12 k -0.6477503078015 bend  14   12    9      val=   0.67402
        0.6574223898811 bend  13   12    9
        0.0096106678645 bend  13   14    9
       -0.0067775440586 bend   8   12    9
       -0.2728568036820 bend   8   14    9
        0.2713414908750 bend   8   13    9
  13 k -0.3695974827307 bend  14   12    9      val=   0.32789
       -0.3785002083010 bend  13   12    9
        0.7582025451329 bend  13   14    9
       -0.3125329062507 bend   8   12    9
        0.1537802874447 bend   8   14    9
        0.1547223297818 bend   8   13    9
  14 k -0.3130711070090 bend  14   12    9      val=   0.86882
        0.1610488936477 bend  13   12    9
        0.1590043629724 bend  13   14    9
        0.3731192561560 bend   8   12    9
        0.3773439716891 bend   8   14    9
       -0.7544275287145 bend   8   13    9
  15 k -0.0009197651055 bend  14   12    9      val=   0.00403
       -0.2680014286861 bend  13   12    9
        0.2688803482965 bend  13   14    9
        0.6554725684493 bend   8   12    9
       -0.6528606973927 bend   8   14    9
       -0.0025235618803 bend   8   13    9
  16 k  0.4082482904639 tors  15    1    2    3 val=  60.08341
        0.4082482904639 tors  15    1    2    4
        0.4082482904639 tors  17    1    2    3
        0.4082482904639 tors  17    1    2    4
        0.4082482904639 tors  16    1    2    3
        0.4082482904639 tors  16    1    2    4
  17 k  1.0000000000000 stre   1   15           val=   2.06078
  18 k  1.0000000000000 stre   1   17           val=   2.06078
  19 k  1.0000000000000 stre   1   16           val=   2.06115
  20 k -0.4046375086792 bend  17   15    1      val=   2.02045
       -0.3886050530380 bend  16   15    1
       -0.3883378506846 bend  16   17    1
        0.4217501517051 bend   2   15    1
        0.4218069416704 bend   2   17    1
        0.4226748473050 bend   2   16    1
  21 k -0.7454837791821 bend  17   15    1      val=   0.66985
        0.3654508201764 bend  16   15    1
        0.4017940094667 bend  16   17    1
       -0.1681779184551 bend   2   15    1
       -0.1532603546040 bend   2   17    1
        0.3122317383229 bend   2   16    1
  22 k -0.0208186475729 bend  17   15    1      val=   0.01832
        0.6644914665887 bend  16   15    1
       -0.6433424584410 bend  16   17    1
        0.2639486028318 bend   2   15    1
       -0.2727328546372 bend   2   17    1
        0.0087224409219 bend   2   16    1
  23 k -0.3130726839741 bend  17   15    1      val=   0.86878
        0.1603511438823 bend  16   15    1
        0.1597040123252 bend  16   17    1
        0.3743969496725 bend   2   15    1
        0.3760691553354 bend   2   17    1
       -0.7544312746257 bend   2   16    1
  24 k -0.0003846895255 bend  17   15    1      val=   0.00308
       -0.2682268991739 bend  16   15    1
        0.2686614544847 bend  16   17    1
        0.6546295793308 bend   2   15    1
       -0.6537081750574 bend   2   17    1
       -0.0009701422374 bend   2   16    1
  25 k  1.0000000000000 stre   2    1           val=   3.43126
  26 k  0.7069526083589 bend   4    1    2      val= 101.60170
        0.7072609204067 bend   3    1    2
  27 k  0.7072609204067 bend   4    1    2      val=   0.02542
       -0.7069526083589 bend   3    1    2
  28 k  1.0000000000000 stre   8    9           val=   3.43126
  29 k  0.7073880277496 bend   7    9    8      val= 101.60161
        0.7068254227152 bend  11    9    8
  30 k -0.7068254227152 bend   7    9    8      val=   0.04324
        0.7073880277496 bend  11    9    8
  31 k  1.0000000000000 stre   5   11           val=   4.78551
  32 k  1.0000000000000 stre  11    8           val=   2.89651
  33 k  1.0000000000000 stre   8    7           val=   2.89688
  34 k  1.0000000000000 stre   7    5           val=   4.78288
  35 k -0.5000000000000 bend   5    8   11      val=  -7.40129
        0.5000000000000 bend  11    7    8
       -0.5000000000000 bend   8    5    7
        0.5000000000000 bend   7   11    5
  36 k -0.5000000000000 tors  11    8    7    5 val=   6.47959
        0.5000000000000 tors   8    7    5   11
       -0.5000000000000 tors   7    5   11    8
        0.5000000000000 tors   5   11    8    7
  37 k  1.0000000000000 stre   5    3           val=   4.78249
  38 k  1.0000000000000 stre   3    2           val=   2.89690
  39 k  1.0000000000000 stre   2    4           val=   2.89649
  40 k  1.0000000000000 stre   4    5           val=   4.78588
  41 k -0.5000000000000 bend   5    2    3      val=  -7.40127
        0.5000000000000 bend   3    4    2
       -0.5000000000000 bend   2    5    4
        0.5000000000000 bend   4    3    5
  42 k -0.5000000000000 tors   3    2    4    5 val=   6.48018
        0.5000000000000 tors   2    4    5    3
       -0.5000000000000 tors   4    5    3    2
        0.5000000000000 tors   5    3    2    4
  43 k  0.7071067812029 bend   3   11    5      val=  -0.03517
       -0.7071067811702 bend   4    7    5
  44 k  0.4995638113978 outp   7   11    3    5 val=  -0.00093
        0.5004351405824 outp   4    7   11    5
       -0.4996797801459 outp   4    3   11    5
       -0.5003206828878 outp   7    4    3    5
  45 k  0.5004363787831 outp   7   11    3    5 val=  -0.00302
       -0.4995639046298 outp   4    7   11    5
        0.5003205877820 outp   4    3   11    5
       -0.4996785420877 outp   7    4    3    5
        45 non zero eigenvalues  of BmBt
           1           4.510895952    1    0
         1
           2           4.147432268    2    0
         2
           3           3.567889268    3    0
         3
           4           3.386649442    4    0
         4
           5           3.374412091    5    0
         5
           6           3.365761655    6    0
         6
           7           3.194363242    7    0
         7
           8           3.193203784    8    0
         8
           9           2.752873779    9    0
         9
          10           2.676022004   10    0
        10
          11           2.317939494   11    0
        11
          12           1.958780743   12    0
        12
          13           1.874777217   13    0
        13
          14           1.852821434   14    0
        14
          15           1.819101204   15    0
        15
          16           1.541820050   16    0
        16
          17           1.262540299   17    0
        17
          18           1.000000133   18    0
        18
          19           0.908969844   19    0
        19
          20           0.902479961   20    0
        20
          21           0.857840113   21    0
        21
          22           0.828385476   22    0
        22
          23           0.724371261   23    0
        23
          24           0.724339083   24    0
        24
          25           0.724053007   25    0
        25
          26           0.723129470   26    0
        26
          27           0.524055717   27    0
        27
          28           0.522694311   28    0
        28
          29           0.464406736   29    0
        29
          30           0.419217135   30    0
        30
          31           0.415267721   31    0
        31
          32           0.394391848   32    0
        32
          33           0.353534859   33    0
        33
          34           0.280452196   34    0
        34
          35           0.243697756   35    0
        35
          36           0.240742757   36    0
        36
          37           0.237318288   37    0
        37
          38           0.188830346   38    0
        38
          39           0.151309682   39    0
        39
          40           0.120807286   40    0
        40
          41           0.065491262   41    0
        41
          42           0.062104397   42    0
        42
          43           0.015408422   43    0
        43
          44           0.011823144   44    0
        44
          45           0.010738542   45    0
        45
$end
