$dipgrad          cartesian dipole gradients
  0.64675775293577D-01  0.86940125815421D-03  -.17208100968260D-02
  -.35101716794788D-03  -.10769109109301D+00  0.26908332844738D-01
  -.14303248553492D-02  0.28485603047367D+00  -.49834848583474D+00
  0.12804378845444D+01  -.24316244205148D-02  -.16096725874904D-02
  -.86359260533183D-03  0.14579941099808D+01  -.33165223737670D+00
  -.13603072898329D-02  -.23733544577542D+00  0.80764884012138D+00
  -.99993975796585D+00  0.27532865798871D+00  -.18240293940294D+00
  0.32822328562984D+00  -.15186535093468D+01  0.92599536666413D-01
  0.43623379984111D-01  -.18789415905400D+00  -.41466378490527D+00
  -.10008822515441D+01  -.27900522191123D+00  0.18828138789634D+00
  -.32905082104124D+00  -.15119074569634D+01  0.93903834930192D-01
  -.39582195981603D-01  -.18427355310019D+00  -.41521929038774D+00
  0.11388646685423D+01  0.29590843624209D-02  0.78300916219367D-02
  -.11617325172442D-02  0.35670729738811D+01  -.47658895461900D+00
  0.94806813423344D-02  -.32753901813994D+00  0.32374849475905D+01
  -.38335743255725D+00  0.26902743372469D-02  -.70604277003901D-02
  0.20020100108379D-02  -.67819551677612D+00  0.31824915916390D+00
  -.68289790508417D-02  0.40044291248697D+00  -.16820445136560D+01
  -.10004367679300D+01  0.27571054539658D+00  -.18260726920002D+00
  0.32833561625073D+00  -.15179767191313D+01  0.92498723840370D-01
  0.43577430655717D-01  -.18786665943491D+00  -.41464529886943D+00
  0.12804410210007D+01  -.20031630682960D-02  -.12652090384217D-02
  -.72845056909440D-03  0.14580141465990D+01  -.33164271037029D+00
  -.10617299798034D-02  -.23731883810378D+00  0.80763898243144D+00
  0.64677059042696D-01  0.89573030160674D-03  -.15378570786821D-02
  -.25825485550653D-03  -.10769512033384D+00  0.26921416568953D-01
  -.14748415108758D-02  0.28487431582540D+00  -.49833983585946D+00
  -.38336122297953D+00  0.26636881550830D-02  -.70007529745084D-02
  0.19300961480007D-02  -.67818073962943D+00  0.31823002328173D+00
  -.64379558734282D-02  0.40044819057268D+00  -.16820799091763D+01
  -.10003854396775D+01  -.27864547349955D+00  0.18805357828271D+00
  -.32894029374206D+00  -.15125870658845D+01  0.93957955181705D-01
  -.39662374212346D-01  -.18435258410639D+00  -.41522443064635D+00
  -.46127331226295D-01  0.11656804240280D+00  -.32513107162733D-01
  0.68674190030889D-01  -.17463057611972D-01  0.42927022401103D-01
  0.68013559769485D-02  0.27996211247358D-01  0.46349889752962D-01
  0.62377488797838D-01  0.11929937711605D-03  -.25497708545690D-03
  -.14424607339863D-03  0.10895290526717D+00  -.47839850164086D-01
  -.17093726298072D-03  0.31314142871402D-01  -.85294990011412D-02
  -.46617119538960D-01  -.11624513934541D+00  0.33270623752547D-01
  -.68131704517031D-01  -.16594409388140D-01  0.43219653624706D-01
  -.60997502965623D-02  0.28668884917587D-01  0.46077230696263D-01
  -.46729135227515D-01  -.11620953651061D+00  0.33318874631630D-01
  -.68090551738943D-01  -.16453799575455D-01  0.43216696665647D-01
  -.60532035438134D-02  0.28705775310917D-01  0.46062283931900D-01
  0.62376923400608D-01  0.13479947214256D-03  -.31026061793460D-03
  -.15928869323232D-03  0.10896544693103D+00  -.47841890080931D-01
  -.16324348611990D-03  0.31312245770721D-01  -.85274637824634D-02
  -.46014361990952D-01  0.11660063570361D+00  -.32471273239773D-01
  0.68714755450818D-01  -.17601096943847D-01  0.42933287441281D-01
  0.68429953843875D-02  0.27961548237423D-01  0.46360337578721D-01
$end
