$energy      SCF               SCFKIN            SCFPOT
     1 -1841.639295929      1487.368551183     -3329.007847112
     2 -1841.640134331      1487.220861346     -3328.860995676
     3 -1841.640212865      1487.192527282     -3328.832740147
     4 -1841.640250952      1487.184167661     -3328.824418613
     5 -1841.640264987      1487.189922912     -3328.830187899
     6 -1841.640278795      1487.195409659     -3328.835688454
     7 -1841.640284824      1487.193636871     -3328.833921695
     8 -1841.640285436      1487.189759503     -3328.830044939
     9 -1841.640285812      1487.189441556     -3328.829727368
    10 -1841.640285881      1487.189525924     -3328.829811805
$end
