$grad          cartesian gradients
  cycle =      1    SCF energy =    -1841.6392959290   |dE/dxyz| =  0.025705
   -0.00109622714920      7.15404902476315     -2.22805288855047      c
    0.01070236325146      5.79247839240179      0.92349193458293      s
    2.33166128570676      4.06708451535367      0.79848721868664      o
   -2.31681161504737      4.07460541027824      0.81854178263043      o
   -0.00251584246381     -0.00005245390103     -0.00011421968707      np
   -0.01259082273972      0.70980082004127     -3.24769045669713      o
   -2.33176691316977     -4.07063216301361     -0.80071783710312      o
   -0.00823715789229     -5.79263705548264     -0.92347939379121      s
    0.00280326249262     -7.15393693779000      2.22818617487100      c
    0.00632091277340     -0.70990269981923      3.24746532705216      o
    2.31672669427479     -4.07134450267126     -0.81657072494479      o
    1.70272843838638     -8.30092106936663      2.43196158451845      h
    0.00097494651410     -5.57341065309644      3.55094831476929      h
   -1.68882379258009     -8.31173939330003      2.43994734598598      h
    1.69658759086222      8.30210511016983     -2.44418736144077      h
   -0.01172593814601      5.57363481463620     -3.55090869242073      h
   -1.69493718507348      8.31081884079681     -2.42730810846164      h
  -.88506326134663D-05  -.34838684121574D-04  -.33761407258304D-04
  0.65235282196818D-04  -.14310355138321D-02  0.30452804795544D-03
  -.94587227452791D-03  -.14638380405589D-02  0.37021369458046D-04
  0.95518869856903D-03  -.15893850239426D-02  0.12466806895883D-03
  0.30687192118073D-04  0.15099951298225D-05  0.14462156627815D-06
  0.98222783154078D-04  -.54765098226408D-02  0.17079024405880D-01
  0.94694638839965D-03  0.14571656947191D-02  -.40418424371969D-04
  -.88017214125102D-04  0.14307168209307D-02  -.30380258947993D-03
  0.13139620025582D-04  0.34834973184239D-04  0.33991462415450D-04
  -.10661351817642D-03  0.54763881474846D-02  -.17080523893830D-01
  -.95407887519450D-03  0.15949465666587D-02  -.12068251433472D-03
  0.16021423041468D-04  0.41337995145829D-05  0.19628696549701D-04
  -.12910786637843D-04  -.12944275584381D-03  -.36782775980626D-05
  0.16371235607160D-05  -.13922541573397D-04  0.16334639266979D-04
  0.60748346693007D-05  0.34518772689118D-05  -.20367789012155D-04
  -.85674323966611D-05  0.12950691564972D-03  0.34919967064617D-05
  -.82426127994140D-05  0.63175029270113D-05  -.15598407397732D-04
  cycle =      2    SCF energy =    -1841.6401343310   |dE/dxyz| =  0.004421
   -0.00126826052277      7.15470118331961     -2.23078427000482      c
    0.00825068079602      5.80219472474420      0.92425946499903      s
    2.32770397122149      4.07354709305371      0.80317119233012      o
   -2.31667975271146      4.07996361712857      0.81949490544318      o
   -0.00264935231953     -0.00004370311742     -0.00008885593290      np
   -0.01398265857256      0.74920818795447     -3.27544052668855      o
   -2.32815603213548     -4.07701865372521     -0.80510063025338      o
   -0.00617434237869     -5.80232224209252     -0.92424768223464      s
    0.00302317198181     -7.15461026976938      2.23089158011157      c
    0.00831035498635     -0.74928618889572      3.27526827255915      o
    2.31624392079789     -4.07672378158451     -0.81778394546988      o
    1.69740134452166     -8.30966053170889      2.43503659407740      h
    0.01154270205512     -5.56974287880871      3.54876114036657      h
   -1.69420654556569     -8.30302984965802      2.44864555561046      h
    1.69665778452246      8.30197740251685     -2.44894540228094      h
   -0.01107647055135      5.56992655463697     -3.54875726810243      h
   -1.69494051612529      8.31091933600609     -2.43438012452999      h
  -.42693123714077D-05  -.89355193098495D-04  -.73353475276594D-04
  0.53126955097738D-04  -.67178756332353D-03  0.86059215755441D-03
  -.91478009395018D-03  -.76665282181132D-03  -.18889385058940D-03
  0.94063984106540D-03  -.88688562330574D-03  -.13832038035022D-03
  0.23606439985002D-05  0.82953754443338D-06  -.82311990645678D-06
  0.37267047685141D-04  -.15225530808645D-02  0.17483324096457D-02
  0.91190158963350D-03  0.74540917163812D-03  0.17989065993751D-03
  -.52701695542723D-04  0.67164871968828D-03  -.85952001986733D-03
  0.63493621027533D-06  0.89400035134801D-04  0.73710635645874D-04
  -.26388551028544D-04  0.15225080731500D-02  -.17485298103601D-02
  -.94304606836282D-03  0.90723523892677D-03  0.14715614593586D-03
  0.14009644146995D-05  0.38195431152577D-04  0.22178722286048D-04
  0.16154033177007D-04  -.15065410494497D-03  0.98627735132695D-04
  -.15395049006273D-04  0.28193075087390D-04  0.45507117957921D-04
  0.83673276904950D-05  -.34804995310722D-04  -.40356421523335D-04
  -.68220415353204D-05  0.15064211138061D-03  -.98824410362575D-04
  -.84505277211377D-05  -.31368055052550D-04  -.27374096632005D-04
  cycle =      3    SCF energy =    -1841.6402128650   |dE/dxyz| =  0.002530
   -0.00097047179861      7.15410988702401     -2.23313912756980      c
    0.00792582687016      5.80615815551804      0.92290212971793      s
    2.32780731875351      4.07668212560125      0.80577290229436      o
   -2.31732409983682      4.08314599291812      0.82125621917628      o
   -0.00256884025164     -0.00002853384203     -0.00005697862690      np
   -0.01670374341027      0.77690604687437     -3.27544019832831      o
   -2.32828910890773     -4.07999984247895     -0.80744056055173      o
   -0.00596755003050     -5.80624562136774     -0.92289332565810      s
    0.00288813236251     -7.15404997131737      2.23321186831230      c
    0.01046456010823     -0.77695157676342      3.27533609511073      o
    2.31685557170831     -4.07998278521090     -0.81975097990507      o
    1.69807809949463     -8.30760386904037      2.43959494810422      h
    0.00955716938553     -5.56619123711731      3.54769028433621      h
   -1.69362047678417     -8.30340900351680      2.45158354965456      h
    1.69717349100874      8.30087318902214     -2.45251536194247      h
   -0.01079908272302      5.56631694149183     -3.54767755715725      h
   -1.69450679594885      8.31027010220522     -2.43843390696700      h
  -.25467466597817D-05  0.23622915836796D-05  0.36704509577490D-04
  0.46133562961570D-04  -.39858024655359D-03  0.65414879640002D-03
  -.65140153807164D-03  -.58313877957250D-03  -.28576804869207D-03
  0.68378186674423D-03  -.69951760789699D-03  -.26779736094884D-03
  0.24005899350588D-04  0.36464872010811D-06  -.70757921388775D-06
  -.14901058406069D-05  -.42948157935463D-03  -.73151049292619D-03
  0.64489607110474D-03  0.57204387551346D-03  0.27859693705112D-03
  -.44843893882707D-04  0.39844848355486D-03  -.65218072525752D-03
  -.56357004054597D-05  -.28333995292229D-05  -.36549036333433D-04
  -.10687426929001D-04  0.42965486133895D-03  0.73136665968931D-03
  -.68997825250072D-03  0.71071560896563D-03  0.27391069906058D-03
  0.21193014904108D-04  0.17431727642903D-04  0.30059290989870D-04
  0.62733298031858D-05  -.69730593436290D-04  0.71798754599062D-04
  -.15444213559368D-04  0.21987639839960D-04  0.46951991160893D-04
  0.18450434497552D-04  -.22271281233888D-04  -.46623249559723D-04
  -.45411766356890D-05  0.69842174789336D-04  -.72027777914707D-04
  -.18165123455649D-04  -.17297826646612D-04  -.30373370996151D-04
  cycle =      4    SCF energy =    -1841.6402509520   |dE/dxyz| =  0.002319
   -0.00088723324673      7.14922763553571     -2.23543348207551      c
    0.00713950132636      5.81039460732674      0.92342998467405      s
    2.32788408359581      4.08032667230595      0.81233892032765      o
   -2.31872841308207      4.08675322781628      0.82665515364531      o
   -0.00253774784156     -0.00001706567916     -0.00001567386821      np
   -0.01836412958391      0.80859023367440     -3.26879767523110      o
   -2.32857035070652     -4.08343059160070     -0.81369493295106      o
   -0.00553636128426     -5.81044381093237     -0.92343212465717      s
    0.00267793493561     -7.14919270533687      2.23546642100870      c
    0.01335303751083     -0.80861625186276      3.26877175949223      o
    2.31805256598913     -4.08373409545984     -0.82539737259308      o
    1.69739166454926     -8.30287193697598      2.44472762220554      h
    0.00974604553242     -5.55651199432050      3.54417241351130      h
   -1.69422660594709     -8.29744837000596      2.45633884807951      h
    1.69726198444815      8.29551618652864     -2.45699842666556      h
   -0.01031277816052      5.55658178470814     -3.54416687444817      h
   -1.69434319803490      8.30487647427837     -2.44396456045446      h
  -.16509276212773D-06  0.19554852746850D-04  0.10717044101582D-03
  0.20606450928717D-04  -.39965410479681D-04  0.48532307398030D-03
  -.33792416088829D-03  -.46867063727163D-03  -.42595894397657D-03
  0.38680404108860D-03  -.55559103200764D-03  -.43284851474401D-03
  -.14514863161619D-04  0.37602254820968D-06  -.63207015088551D-06
  -.97271336372273D-05  0.29922645198877D-03  -.10883776535913D-02
  0.33786596678809D-03  0.45334548158937D-03  0.41790824823273D-03
  -.29414020941143D-04  0.39500254423785D-04  -.48435354824505D-03
  -.12291447583079D-05  -.19423891480130D-04  -.10699869891173D-03
  0.31220789179942D-04  -.29928484224606D-03  0.10886700923010D-02
  -.38661821434616D-03  0.57080343581362D-03  0.44022658600262D-03
  0.10805089012189D-04  0.10689984764056D-04  0.12697776800574D-04
  0.42685738930737D-05  0.18506828088460D-04  0.31400081932809D-04
  -.98301368005593D-05  0.17216868276826D-04  0.29691603975701D-04
  0.11026762313904D-04  -.16113303705989D-04  -.29645652286581D-04
  -.35073720489887D-05  -.18459624233635D-04  -.31288863953982D-04
  -.96675303860039D-05  -.11711452682750D-04  -.12983950227419D-04
  cycle =      5    SCF energy =    -1841.6402649870   |dE/dxyz| =  0.001391
   -0.00079127078944      7.14731349842760     -2.23689213044027      c
    0.00701769580526      5.81309649677365      0.92363284629542      s
    2.32839372979169      4.08301957158382      0.81713414011792      o
   -2.31945465586246      4.08956382529381      0.83117391610615      o
   -0.00227028114568     -0.00000171487751      0.00001752914433      np
   -0.01937016585802      0.81965732776969     -3.26367469172115      o
   -2.32892884947848     -4.08584630398679     -0.81818681334645      o
   -0.00544564788743     -5.81310360879359     -0.92364048364581      s
    0.00271244227804     -7.14730983758915      2.23688797220156      c
    0.01326797610556     -0.81965352527258      3.26372231862668      o
    2.31892854935700     -4.08674331908877     -0.83015803220436      o
    1.69733672189164     -8.30088172982504      2.44728307232098      h
    0.00969975831976     -5.55256610119576      3.54288380413288      h
   -1.69411366186429     -8.29548657055322      2.45867708138465      h
    1.69729774868103      8.29349158588868     -2.45934751653895      h
   -0.01014021685874      5.55257409950381     -3.54287874610823      h
   -1.69413987248541      8.30287630594144     -2.44663426632539      h
  -.21161108478829D-05  0.61641202462326D-04  0.97922849367826D-04
  0.18689784047510D-04  0.25839063756194D-04  0.21623327168108D-03
  -.13825292670511D-03  -.41378946137627D-03  -.36259638598191D-03
  0.18418403517728D-03  -.48712504232951D-03  -.37855888113736D-03
  0.39223100713581D-04  -.13864069003944D-07  -.14713894991303D-07
  -.36814469338065D-04  0.34043812350548D-03  -.22202705104313D-03
  0.13045611364326D-03  0.40836335457595D-03  0.36139465903096D-03
  -.10602093425405D-04  -.26042100905954D-04  -.21493310041976D-03
  0.14846360262277D-05  -.61711259879971D-04  -.97862400871840D-04
  0.46669665725307D-05  -.34016129572256D-03  0.22214347927019D-03
  -.19190703357452D-03  0.49269858325296D-03  0.37844809080578D-03
  0.16240225133579D-05  -.49715253531701D-05  0.36398959492034D-05
  0.49223228781314D-05  0.40673321829221D-04  -.40279995428438D-04
  -.27454234237112D-05  -.80784824252333D-06  0.16003907817974D-04
  0.25751571754995D-05  0.24582139279694D-06  -.16227753313891D-04
  -.36188211641752D-05  -.40714247237283D-04  0.40257810282274D-04
  -.17692627356514D-05  0.54371161444244D-05  -.35436601077965D-05
  cycle =      6    SCF energy =    -1841.6402787950   |dE/dxyz| =  0.001031
   -0.00132392828667      7.14613319582074     -2.23770659251384      c
    0.00672526384645      5.81744934392329      0.92544555582511      s
    2.32808408471096      4.08717498110453      0.82382231889174      o
   -2.31989923170814      4.09407526871606      0.83835146698744      o
   -0.00231546886717      0.00000659002793      0.00004631825754      np
   -0.01570898928811      0.81458758263760     -3.26253143993406      o
   -2.32906860466463     -4.08968009828078     -0.82481042213644      o
   -0.00584494895217     -5.81742877461684     -0.92546090977715      s
    0.00236025260308     -7.14614559590575      2.23767651313764      c
    0.01495742052774     -0.81458247054019      3.26260746469156      o
    2.31892460980022     -4.09152781218931     -0.83734036218923      o
    1.69670486384620     -8.29997840508440      2.44860282068956      h
    0.00956409516913     -5.55033729646518      3.54211498995671      h
   -1.69439411447368     -8.29425323578223      2.46008963820396      h
    1.69683776394882      8.29198404074241     -2.46103772314611      h
   -0.01135853725081      5.55031336366210     -3.54211213302849      h
   -1.69424453096120      8.30220932223012     -2.44775750391597      h
  0.17200079305280D-05  0.48724888532803D-04  -.16565681081993D-04
  -.15167377844794D-04  0.64505733247344D-04  0.31513578442777D-04
  -.43814041202239D-04  -.31160382372342D-03  -.15322291217501D-03
  0.11721749311278D-03  -.33121216861520D-03  -.13465628882070D-03
  -.15797842151599D-03  -.18933245833352D-05  -.33482197636658D-06
  0.90890544228284D-04  -.14575492204560D-03  0.45848987620190D-03
  0.68738409879643D-04  0.28020704108611D-03  0.13848938820660D-03
  -.38599359164948D-04  -.64989385830216D-04  -.31675915618479D-04
  0.67967484209674D-05  -.48190601540377D-04  0.16759508731035D-04
  0.66830395901718D-04  0.14536642670304D-03  -.45804452092213D-03
  -.93361232046618D-04  0.36483466709969D-03  0.14939700785099D-03
  -.15507740390497D-04  -.15580623554445D-04  -.28639261957730D-04
  0.43083193271842D-05  0.13627394574778D-04  -.74054680877733D-04
  0.15938389377634D-04  -.93130656861895D-05  -.21736332871169D-04
  -.13329189868294D-04  0.13005486425133D-04  0.20933624821584D-04
  -.12686237804593D-04  -.13657427505143D-04  0.74250668352871D-04
  0.18003292132196D-04  0.11923820845361D-04  0.29096766727577D-04
  cycle =      7    SCF energy =    -1841.6402848240   |dE/dxyz| =  0.000701
   -0.00086031214076      7.14043692418733     -2.23839301456046      c
    0.00688838289537      5.82186699254723      0.92919772172327      s
    2.32844108963916      4.09153844038658      0.83347768518877      o
   -2.31993344447562      4.09853376390876      0.84799823063319      o
   -0.00145294022151      0.00002106452011      0.00007393059864      np
   -0.01963316093136      0.82146513059745     -3.26039420185720      o
   -2.32862050621707     -4.09344162980357     -0.83395624786176      o
   -0.00561151300223     -5.82180816656536     -0.92922329818443      s
    0.00251540093979     -7.14047649265159      2.23832516239866      c
    0.01338810416688     -0.82143903908620      3.26055626418072      o
    2.31976272733028     -4.09652070607493     -0.84743931563236      o
    1.69667178898764     -8.29408526246228      2.45184976180940      h
    0.00976633269440     -5.54148898029526      3.53883112655987      h
   -1.69420451381196     -8.28816339064340      2.46320138688682      h
    1.69642679139822      8.28722300377951     -2.46350595071095      h
   -0.00909987206125      5.54140804921171     -3.53884194788778      h
   -1.69444435518996      8.29493029844404     -2.45175729328443      h
  0.15807824782499D-06  -.37794695844973D-04  -.94801525960975D-04
  0.23448566742967D-04  0.13681771600460D-03  0.84814689144785D-04
  0.24015599795035D-04  -.67908129617322D-04  -.71351206221593D-04
  -.66834678058569D-05  -.10383419363924D-03  -.67970667299466D-04
  0.97676961280158D-04  0.72123726369000D-06  0.14354824173779D-05
  -.53155384482917D-04  -.64792016144288D-04  0.40340937898620D-03
  -.38763005161258D-04  0.70534818545021D-04  0.79167516026768D-04
  0.41145038753854D-05  -.13708235866972D-03  -.85356799342406D-04
  -.20567972272012D-05  0.38276154902483D-04  0.94792265836752D-04
  -.38337031657454D-04  0.64546613906646D-04  -.40417264546910D-03
  -.83917531998878D-05  0.10061053723209D-03  0.59940688327487D-04
  -.23992476958057D-04  -.10002912427254D-04  -.55953597100311D-04
  0.69926187804825D-05  0.15376407922929D-04  -.45182741119199D-04
  0.18940994609196D-04  -.13003813994050D-04  -.48541707820537D-04
  -.22315170555953D-04  0.10352879329600D-04  0.49021669458527D-04
  -.23771534559125D-05  -.15482557620849D-04  0.45411312227905D-04
  0.20724914133075D-04  0.12664339050783D-04  0.55337892388763D-04
  cycle =      8    SCF energy =    -1841.6402854360   |dE/dxyz| =  0.000235
   -0.00104391584332      7.13955284404491     -2.23864751541186      c
    0.00650822469818      5.82263987229029      0.92973237584909      s
    2.32828745164043      4.09258031092679      0.83574995228497      o
   -2.32044213411379      4.09949923859237      0.85001800535670      o
   -0.00142932610387      0.00002579598408      0.00007819668875      np
   -0.01893155412058      0.82446736190458     -3.26044562599810      o
   -2.32860082364527     -4.09432587546654     -0.83623780453526      o
   -0.00547640401151     -5.82256939581228     -0.92975518396450      s
    0.00235927750263     -7.13960359869015      2.23857355500098      c
    0.01460507885861     -0.82442393143507      3.26061009556645      o
    2.32013924847806     -4.09762363244105     -0.84943162638347      o
    1.69634090499250     -8.29340804992151      2.45286289708300      h
    0.00985563742851     -5.54012261693383      3.53850417760673      h
   -1.69461086659544     -8.28685180644990      2.46413406839378      h
    1.69668442423318      8.28558830065751     -2.46464389304579      h
   -0.00998652907606      5.54002457965594     -3.53851087797820      h
   -1.69425869432222      8.29455060309398     -2.45259079651331      h
  0.25385757562724D-05  -.19657479025437D-04  -.68189308091826D-04
  0.13657236349829D-04  0.39404220849804D-04  0.30870220660617D-04
  0.66249001537955D-04  0.31313414993406D-04  -.30187696422157D-04
  -.41762660991651D-04  0.14401694938826D-05  -.24293640326523D-04
  0.36835408636193D-04  0.40884096108584D-06  0.40626209063532D-06
  -.27985492769833D-04  0.54198448840026D-04  0.46880293067986D-04
  -.72108330874343D-04  -.34055953681111D-04  0.32895631334295D-04
  -.41122746861078D-05  -.39002504351515D-04  -.30692350463823D-04
  -.26292959462992D-05  0.19578724481661D-04  0.68063294522247D-04
  -.54652085150764D-05  -.54201463754566D-04  -.46523845391278D-04
  0.36283971795115D-04  0.64080117034848D-06  0.20744373402160D-04
  -.10169472890453D-04  -.16180902291829D-04  -.40833586495537D-04
  0.57145845782369D-05  0.15146638893349D-04  -.35952462197786D-04
  0.67995700223644D-05  -.15439688910934D-04  -.32520733895591D-04
  -.78630947113467D-05  0.14893116392134D-04  0.32461538671369D-04
  -.51684902925286D-05  -.15202281366422D-04  0.35986814527655D-04
  0.91859726647492D-05  0.16715933832678D-04  0.40885212811759D-04
  cycle =      9    SCF energy =    -1841.6402858120   |dE/dxyz| =  0.000135
   -0.00115411583931      7.13992697497419     -2.23844386633348      c
    0.00641680991691      5.82244786966644      0.92978555875163      s
    2.32809741085997      4.09239694170563      0.83561291965413      o
   -2.32041601971129      4.09928967751848      0.84985111398557      o
   -0.00142127399418      0.00002128993485      0.00006696080327      np
   -0.01834822017754      0.82255404205063     -3.26108804098897      o
   -2.32845636466693     -4.09409778959781     -0.83615851489346      o
   -0.00547304996566     -5.82239140139265     -0.92980670036949      s
    0.00231140567651     -7.13996820986111      2.23838167702790      c
    0.01484789959437     -0.82251995501561      3.26122499135778      o
    2.32006581888488     -4.09748289435822     -0.84922224345303      o
    1.69619002588773     -8.29394805655837      2.45265829877260      h
    0.01006193851655     -5.54086602155465      3.53880550538622      h
   -1.69482613160340     -8.28695454850037      2.46407968815017      h
    1.69673348754688      8.28571197706424     -2.46459492126276      h
   -0.01035603010767      5.54078800079674     -3.53881301436579      h
   -1.69427359081780      8.29509210312770     -2.45233941222233      h
  0.23118182552739D-05  -.67996310479934D-05  -.44333639550365D-04
  0.10879906824357D-04  0.53002483078046D-05  0.35006832121987D-04
  0.37595900870713D-04  0.29536921752005D-04  -.15636914548978D-04
  -.10239952793256D-04  0.46279428138618D-05  -.58392206563340D-05
  0.92043026178601D-05  0.54010146754990D-06  0.69420319448454D-06
  -.90088141693201D-05  -.91810331812603D-05  -.20623584173762D-04
  -.39297699824914D-04  -.37211066581833D-04  0.14644072003245D-04
  -.11929733751970D-04  -.54372522200197D-05  -.35165087860278D-04
  -.15764494445403D-05  0.69869629788499D-05  0.44240345477675D-04
  0.35577174213319D-05  0.90750590153732D-05  0.20526660463815D-04
  0.87525008574119D-05  0.25690848479698D-05  0.64591459443264D-05
  -.47709138686347D-05  -.13123037805318D-04  -.28675779378373D-04
  0.58129885851521D-05  0.45278283935524D-05  -.21878089764726D-04
  0.28431043888055D-05  -.97478642584470D-05  -.20238607613798D-04
  -.28536684683056D-05  0.10171745336351D-04  0.19893391564996D-04
  -.60750252227626D-05  -.45477893930723D-05  0.21895243890624D-04
  0.47940182350548D-05  0.12711774350471D-04  0.29031026001491D-04
$end
