$hessian (projected)
 1  1   0.5653188198   0.0002278824  -0.0005014486  -0.0374013057   0.0000772954
 1  2  -0.0003653717  -0.0089643099   0.0183855146  -0.0217790523  -0.0089342700
 1  3  -0.0184125554   0.0219869211  -0.0031274847  -0.0000208815   0.0000099277
 1  4   0.0005199817  -0.0000222027  -0.0000036462   0.0000993890   0.0001150747
 1  5  -0.0000693042   0.0000300576  -0.0000022714  -0.0000131279  -0.0000074049
 1  6   0.0000020878  -0.0000001965   0.0009163328   0.0000482847   0.0000072066
 1  7   0.0001000908  -0.0000893194   0.0000619087  -0.0000026035  -0.0000051384
 1  8  -0.0000022736  -0.0000091769  -0.0000014656   0.0000007054  -0.0000020911
 1  9   0.0000054994   0.0000012145  -0.2319097884  -0.1267891536   0.0263719265
 1 10  -0.0457721593  -0.0009565592  -0.0007822037  -0.2308540774   0.1274379082
 1 11  -0.0249231858
 2  1   0.0002278824   0.5384017857   0.0791091493  -0.0000458892  -0.0474649691
 2  2  -0.0221292069   0.0086442477  -0.0096515390   0.0262751909  -0.0084928225
 2  3  -0.0096101564   0.0262682618  -0.0000003013   0.0004845120   0.0017853524
 2  4   0.0000218096  -0.0005634724  -0.0001006068  -0.0000229266  -0.0003174011
 2  5  -0.0000661158  -0.0000213533   0.0002086586  -0.0000166426   0.0000020691
 2  6  -0.0000225120   0.0000347873  -0.0000152588  -0.0003368724   0.0003177827
 2  7   0.0000269996  -0.0002795691  -0.0000849684   0.0000086286  -0.0000094417
 2  8   0.0000018406   0.0000001074   0.0000281789  -0.0000080041  -0.0000074068
 2  9  -0.0000090065   0.0000007424  -0.1260590694  -0.1293113306   0.0161533643
 2 10  -0.0009848036  -0.2108396641  -0.1429244874   0.1267180872  -0.1307072007
 2 11   0.0153835603
 3  1  -0.0005014486   0.0791091493   0.3655944949  -0.0002907680   0.0246651328
 3  2  -0.1454556327  -0.0039839046   0.0032314735   0.0092868461   0.0041205215
 3  3   0.0032991596   0.0091355030  -0.0000159108  -0.0024120433  -0.0007292563
 3  4   0.0000287876   0.0011945417   0.0021046775   0.0000450959   0.0005144808
 3  5   0.0001571116  -0.0000097220  -0.0003893288  -0.0000375118  -0.0000001424
 3  6   0.0000347820  -0.0000553686  -0.0000084669   0.0004426143  -0.0004103326
 3  7  -0.0000418113   0.0005294232   0.0001483710  -0.0000161429   0.0000150498
 3  8  -0.0000039259   0.0000002905  -0.0000656571   0.0000173061   0.0000166578
 3  9   0.0000151622  -0.0000043667   0.0237715491   0.0139562657  -0.0446095332
 3 10  -0.0007714684  -0.1373126504  -0.1508854168  -0.0223431165   0.0131724446
 3 11  -0.0442529656
 4  1  -0.0374013057  -0.0000458892  -0.0002907680   0.5202717932   0.0002634113
 4  2  -0.0007922850  -0.2469152954   0.1571862543   0.0212598167  -0.2480814760
 4  3  -0.1572835148  -0.0202066510   0.0260784440   0.0001496839   0.0000080224
 4  4  -0.0033190795   0.0002824661   0.0000958805  -0.0009942148  -0.0019946318
 4  5   0.0005587270  -0.0006097960   0.0000012858   0.0001204600   0.0000300230
 4  6  -0.0000218888  -0.0000099000  -0.0043171872  -0.0003499023  -0.0001995446
 4  7  -0.0010096406   0.0017929925  -0.0004533637   0.0000150085   0.0000516473
 4  8   0.0000366189   0.0000965757   0.0000117228  -0.0000073774   0.0000123594
 4  9  -0.0000552107  -0.0000261619  -0.0022364283  -0.0080922445   0.0189830262
 4 10   0.0007081646   0.0000533151  -0.0001593350  -0.0023279449   0.0080505029
 4 11  -0.0189171651
 5  1   0.0000772954  -0.0474649691   0.0246651328   0.0002634113   0.4790320899
 5  2   0.0404123115   0.1415402728  -0.1968595275  -0.0315426432  -0.1418318361
 5  3  -0.1961796232  -0.0305344930  -0.0001152097  -0.0399608528  -0.0125403500
 5  4   0.0000875852  -0.0013237746   0.0096335119   0.0005998004   0.0028929563
 5  5   0.0006934827   0.0000051040  -0.0023498526   0.0000075989  -0.0000021969
 5  6   0.0002086723  -0.0003893255  -0.0000381848   0.0032891191  -0.0032756517
 5  7  -0.0005862330   0.0028776571   0.0006841700  -0.0000815517   0.0001038706
 5  8  -0.0000079248  -0.0000003109  -0.0003372184   0.0000936841   0.0000818429
 5  9   0.0001030464  -0.0000080912   0.0009434004  -0.0063374295   0.0102818908
 5 10  -0.0000473143   0.0086799631  -0.0185770539  -0.0008958750  -0.0063741272
 5 11   0.0104037507
 6  1  -0.0003653717  -0.0221292069  -0.1454556327  -0.0007922850   0.0404123115
 6  2   0.2916777016   0.0061741567  -0.0126007355  -0.0608396724  -0.0050090457
 6  3  -0.0113298882  -0.0606891161  -0.0000130699  -0.0031187307   0.0112774575
 6  4  -0.0001054374   0.0035392300  -0.0052637912   0.0000140218  -0.0001913118
 6  5  -0.0002879704   0.0001195216   0.0000077598   0.0000842989  -0.0000128104
 6  6  -0.0000166434  -0.0000374542   0.0000663422  -0.0006381875  -0.0023812051
 6  7  -0.0000222378  -0.0003897254  -0.0001834249   0.0000054296  -0.0000069096
 6  8  -0.0000107244  -0.0000001959   0.0000623484  -0.0000063648  -0.0000124396
 6  9  -0.0000078561  -0.0000056074  -0.0012456228  -0.0028842011   0.0031746757
 6 10  -0.0000797500   0.0122494166  -0.0343787222   0.0012787943  -0.0029576701
 6 11   0.0033255523
 7  1  -0.0089643099   0.0086442477  -0.0039839046  -0.2469152954   0.1415402728
 7  2   0.0061741567   0.3024237770  -0.1538836830   0.0043260054  -0.0331247137
 7  3   0.0139186136   0.0009464114  -0.0204447013  -0.0110989723  -0.0047874861
 7  4   0.0020158637  -0.0009985495  -0.0011611445   0.0003044015  -0.0010768721
 7  5  -0.0001414907  -0.0009999426   0.0006006017   0.0000135101   0.0000997509
 7  6  -0.0000229769   0.0000453756   0.0021009765  -0.0001751073   0.0028382167
 7  7   0.0017973365  -0.0003617287  -0.0001098110   0.0000151302  -0.0000673993
 7  8   0.0000095239  -0.0000757574   0.0000247602  -0.0000095586   0.0000175639
 7  9   0.0000340852  -0.0000041876   0.0010219447   0.0021599125  -0.0011621345
 7 10  -0.0007147982  -0.0005964895  -0.0000837175   0.0014427735   0.0013592847
 7 11  -0.0029097649
 8  1   0.0183855146  -0.0096515390   0.0032314735   0.1571862543  -0.1968595275
 8  2  -0.0126007355  -0.1538836830   0.1902952455  -0.0011759028  -0.0136228856
 8  3   0.0365556857   0.0081411019  -0.0014608315  -0.0134238007   0.0030195557
 8  4  -0.0014091605   0.0051067282  -0.0129929396  -0.0010689939  -0.0077008490
 8  5  -0.0005739190  -0.0019958583   0.0028904601  -0.0001903067   0.0001148758
 8  6  -0.0003177809   0.0005143752  -0.0024465466  -0.0043554337   0.0083643532
 8  7   0.0003575198  -0.0017241284  -0.0010698763   0.0001314879  -0.0001152472
 8  8   0.0000851773   0.0000295352   0.0003960776  -0.0000947477  -0.0000735698
 8  9  -0.0001416333  -0.0000055377   0.0001724830   0.0005706801  -0.0015491312
 8 10  -0.0002210120  -0.0005528686   0.0010984445  -0.0001951296  -0.0009720687
 8 11   0.0057986149
 9  1  -0.0217790523   0.0262751909   0.0092868461   0.0212598167  -0.0315426432
 9  2  -0.0608396724   0.0043260054  -0.0011759028   0.0477438419  -0.0006857438
 9  3   0.0080198912   0.0134699531  -0.0006010966   0.0011738169  -0.0168913616
 9  4  -0.0045535754  -0.0054990613  -0.0001534240  -0.0001410167  -0.0005738649
 9  5  -0.0001965417   0.0005574944   0.0006941883  -0.0002892038  -0.0000694148
 9  6  -0.0000660638   0.0001569214   0.0022182268   0.0027700114   0.0064020006
 9  7   0.0000915739  -0.0010186492   0.0002292462   0.0000002517  -0.0000130421
 9  8   0.0000068318  -0.0000053223  -0.0000048966   0.0000025137  -0.0000315084
 9  9  -0.0000273654   0.0000343728  -0.0002842315  -0.0005555348   0.0007960934
 9 10   0.0003750143  -0.0026954437   0.0073879003  -0.0006774215   0.0042393690
 9 11  -0.0071463179
10  1  -0.0089342700  -0.0084928225   0.0041205215  -0.2480814760  -0.1418318361
10  2  -0.0050090457  -0.0331247137  -0.0136228856  -0.0006857438   0.3034382429
10  3   0.1537805204  -0.0057861993  -0.0204167926   0.0110266809   0.0047536061
10  4   0.0021733315   0.0008724177   0.0010237966   0.0017950325   0.0003609559
10  5   0.0000913070  -0.0010041694  -0.0005854745  -0.0000229532   0.0000997977
10  6   0.0000269788  -0.0000415080   0.0020279592   0.0003125448  -0.0027483715
10  7   0.0003147900   0.0010721535   0.0001266067   0.0000178465  -0.0000346875
10  8   0.0000034274  -0.0000762752  -0.0000251845   0.0000107765   0.0000150716
10  9   0.0000671653  -0.0000106781   0.0014572075  -0.0013488838   0.0028892334
10 10  -0.0007180007   0.0005842939   0.0001359544   0.0010164182  -0.0021619368
10 11   0.0011492700
11  1  -0.0184125554  -0.0096101564   0.0032991596  -0.1572835148  -0.1961796232
11  2  -0.0113298882   0.0139186136   0.0365556857   0.0080198912   0.1537805204
11  3   0.1892730874  -0.0020263168   0.0015454514  -0.0136558154   0.0028979641
11  4   0.0014766152   0.0046430421  -0.0131939467  -0.0003651970  -0.0017241881
11  5  -0.0010200732   0.0017915387   0.0028801122  -0.0003903414  -0.0000894643
11  6  -0.0002792331   0.0005294823   0.0023571710  -0.0037574614   0.0086578780
11  7   0.0010797308  -0.0073310838  -0.0007643772   0.0000772220  -0.0001412745
11  8  -0.0000098615  -0.0000284078   0.0003764979  -0.0000824678  -0.0001232874
11  9  -0.0001106458   0.0000709328   0.0002266428  -0.0009811243   0.0058068500
11 10   0.0002318910  -0.0005343700   0.0010776604  -0.0001829702   0.0005765507
11 11  -0.0015425459
12  1   0.0219869211   0.0262682618   0.0091355030  -0.0202066510  -0.0305344930
12  2  -0.0606891161   0.0009464114   0.0081411019   0.0134699531  -0.0057861993
12  3  -0.0020263168   0.0476188104   0.0004560888   0.0012415655  -0.0168688467
12  4   0.0044254102  -0.0053036490   0.0000502934  -0.0001093804  -0.0010709293
12  5   0.0002295716  -0.0004541914   0.0006834305  -0.0001822049   0.0000617252
12  6  -0.0000850065   0.0001485297  -0.0020545684   0.0024776726   0.0061401489
12  7   0.0001272023  -0.0007644397  -0.0001089184   0.0000296132  -0.0000272777
12  8   0.0000367478   0.0000061696   0.0000040431  -0.0000022967  -0.0000043100
12  9  -0.0000144980   0.0000137528   0.0006375689   0.0042524048  -0.0071634966
12 10  -0.0003390388  -0.0027095892   0.0074066045   0.0002772287  -0.0005322809
12 11   0.0007649644
13  1  -0.0031274847  -0.0000003013  -0.0000159108   0.0260784440  -0.0001152097
13  2  -0.0000130699  -0.0204447013  -0.0014608315  -0.0006010966  -0.0204167926
13  3   0.0015454514   0.0004560888   0.0983413240  -0.0011071648   0.0043565824
13  4  -0.0315347413   0.0005169063  -0.0019859227  -0.0204329629  -0.0014409938
13  5  -0.0006016000   0.0260804425  -0.0000741950  -0.0000054275  -0.0031277946
13  6  -0.0000033819  -0.0000161599  -0.0315329504   0.0005279342  -0.0020018977
13  7  -0.0204286629   0.0015615957   0.0004574504  -0.0001963593   0.0007333249
13  8  -0.0006419557   0.0006635721   0.0000301779  -0.0000085884  -0.0001943469
13  9  -0.0007389276   0.0006364175  -0.0001944697  -0.0007385355   0.0006358900
13 10   0.0006635954   0.0000304890  -0.0000084058  -0.0001961112   0.0007336615
13 11  -0.0006423941
14  1  -0.0000208815   0.0004845120  -0.0024120433   0.0001496839  -0.0399608528
14  2  -0.0031187307  -0.0110989723  -0.0134238007   0.0011738169   0.0110266809
14  3  -0.0136558154   0.0012415655  -0.0011071648   0.2700302912  -0.1844698781
14  4   0.0004791372  -0.0686100503   0.0952757047  -0.0110881159  -0.0134128287
14  5   0.0011764568   0.0001833095  -0.0399600771  -0.0031198685  -0.0000200489
14  6   0.0004845689  -0.0024120119   0.0004798917  -0.0686107646   0.0952752772
14  7   0.0110373251  -0.0136669163   0.0012391110  -0.0004190150   0.0006285536
14  8  -0.0004712658   0.0000014348  -0.0011032272   0.0010116212   0.0004072497
14  9   0.0006255479  -0.0004650094   0.0004074647   0.0006255152  -0.0004653262
14 10   0.0000008328  -0.0011031969   0.0010116162  -0.0004188120   0.0006285410
14 11  -0.0004710358
15  1   0.0000099277   0.0017853524  -0.0007292563   0.0000080224  -0.0125403500
15  2   0.0112774575  -0.0047874861   0.0030195557  -0.0168913616   0.0047536061
15  3   0.0028979641  -0.0168688467   0.0043565824  -0.1844698781   0.8744783218
15  4  -0.0021526269   0.0926044163  -0.4098623000  -0.0047864850   0.0030191248
15  5  -0.0168958510   0.0000201767  -0.0125418069   0.0112769681   0.0000044415
15  6   0.0017855620  -0.0007291771  -0.0021528619   0.0926043285  -0.4098613703
15  7   0.0047547442   0.0028980306  -0.0168637801   0.0000254876  -0.0004775017
15  8  -0.0013184794  -0.0000026332   0.0054186526  -0.0015338136  -0.0000377365
15  9  -0.0004724506  -0.0013130266  -0.0000380341  -0.0004723019  -0.0013127246
15 10  -0.0000003545   0.0054191166  -0.0015339820   0.0000252296  -0.0004778145
15 11  -0.0013187780
16  1   0.0005199817   0.0000218096   0.0000287876  -0.0033190795   0.0000875852
16  2  -0.0001054374   0.0020158637  -0.0014091605  -0.0045535754   0.0021733315
16  3   0.0014766152   0.0044254102  -0.0315347413   0.0004791372  -0.0021526269
16  4   0.0205296842  -0.0002056860   0.0022919896   0.0021025130  -0.0024456849
16  5   0.0022166475  -0.0043170520  -0.0000429941   0.0000667960   0.0009163237
16  6  -0.0000146315  -0.0000086057   0.0098098092  -0.0002754787  -0.0001582840
16  7   0.0020264397   0.0023580931  -0.0020561146   0.0000548233  -0.0001169681
16  8   0.0002239552   0.0000187525   0.0000002584  -0.0000025836   0.0000541310
16  9   0.0001184012  -0.0002151842  -0.0000118027   0.0003200212   0.0002996411
16 10  -0.0010209277  -0.0000330303   0.0000065250  -0.0000180502  -0.0003182871
16 11  -0.0003073405
17  1  -0.0000222027  -0.0005634724   0.0011945417   0.0002824661  -0.0013237746
17  2   0.0035392300  -0.0009985495   0.0051067282  -0.0054990613   0.0008724177
17  3   0.0046430421  -0.0053036490   0.0005169063  -0.0686100503   0.0926044163
17  4  -0.0002056860   0.0555550555  -0.0901009915  -0.0001707657  -0.0043556620
17  5   0.0027701911  -0.0003529117   0.0032890130  -0.0006374751   0.0000482257
17  6  -0.0003370150   0.0004425291  -0.0002769703   0.0110634194   0.0013644827
17  7   0.0003164814  -0.0037579641   0.0024780200   0.0001152276  -0.0001062040
17  8   0.0000948363   0.0000007796   0.0001238742  -0.0000593498  -0.0000954559
17  9  -0.0000999179   0.0000724125  -0.0000321231  -0.0006052234  -0.0007512281
17 10  -0.0000050323   0.0005784303  -0.0014447654   0.0000071928  -0.0006002789
17 11  -0.0007641394
18  1  -0.0000036462  -0.0001006068   0.0021046775   0.0000958805   0.0096335119
18  2  -0.0052637912  -0.0011611445  -0.0129929396  -0.0001534240   0.0010237966
18  3  -0.0131939467   0.0000502934  -0.0019859227   0.0952757047  -0.4098623000
18  4   0.0022919896  -0.0901009915   0.3976651694   0.0028310856   0.0083625756
18  5   0.0064031505  -0.0002017035  -0.0032755882  -0.0023813606   0.0000098987
18  6   0.0003177735  -0.0004103462  -0.0001543594   0.0013656742   0.0035383685
18  7  -0.0027555521   0.0086598043   0.0061394547  -0.0000975545   0.0001904821
18  8   0.0000917479   0.0000012387  -0.0011135744   0.0003505716   0.0001129410
18  9   0.0001898253   0.0000855523   0.0000044256   0.0002791031   0.0007750362
18 10  -0.0000034858  -0.0037791560   0.0000885248  -0.0000078876   0.0002823484
18 11   0.0007786753
19  1   0.0000993890  -0.0000229266   0.0000450959  -0.0009942148   0.0005998004
19  2   0.0000140218   0.0003044015  -0.0010689939  -0.0001410167   0.0017950325
19  3  -0.0003651970  -0.0001093804  -0.0204329629  -0.0110881159  -0.0047864850
19  4   0.0021025130  -0.0001707657   0.0028310856   0.3026617915  -0.1538280809
19  5   0.0043836933  -0.2471585234   0.1415238927   0.0061428251  -0.0089771961
19  6   0.0086384662  -0.0039908616   0.0020180347  -0.0009997894  -0.0011534779
19  7  -0.0331248238   0.0138659607   0.0009277720   0.0014429509   0.0013601141
19  8  -0.0029117891  -0.0007140666  -0.0005961615  -0.0000865116   0.0010208454
19  9   0.0021604644  -0.0011608667   0.0000175558   0.0000341176  -0.0000041209
19 10  -0.0000757355   0.0000244939  -0.0000094272   0.0000150087  -0.0000672792
19 11   0.0000094434
20  1   0.0001150747  -0.0003174011   0.0005144808  -0.0019946318   0.0028929563
20  2  -0.0001913118  -0.0010768721  -0.0077008490  -0.0005738649   0.0003609559
20  3  -0.0017241881  -0.0010709293  -0.0014409938  -0.0134128287   0.0030191248
20  4  -0.0024456849  -0.0043556620   0.0083625756  -0.1538280809   0.1900547173
20  5  -0.0012145645   0.1571645847  -0.1966490343  -0.0125616783   0.0183855272
20  6  -0.0096325445   0.0032331808  -0.0014089928   0.0051016638  -0.0129848584
20  7  -0.0136751670   0.0365563148   0.0081383995  -0.0001949057  -0.0009712614
20  8   0.0057963774  -0.0002215697  -0.0005532984   0.0010984341   0.0001732623
20  9   0.0005724450  -0.0015501355  -0.0000736018  -0.0001415302  -0.0000056641
20 10   0.0000296814   0.0003958506  -0.0000946461   0.0001314144  -0.0001153499
20 11   0.0000850800
21  1  -0.0000693042  -0.0000661158   0.0001571116   0.0005587270   0.0006934827
21  2  -0.0002879704  -0.0001414907  -0.0005739190  -0.0001965417   0.0000913070
21  3  -0.0010200732   0.0002295716  -0.0006016000   0.0011764568  -0.0168958510
21  4   0.0022166475   0.0027701911   0.0064031505   0.0043836933  -0.0012145645
21  5   0.0477451960   0.0212434979  -0.0314950661  -0.0608352510  -0.0218035001
21  6   0.0262617490   0.0092808708  -0.0045489459  -0.0054995376  -0.0001515842
21  7  -0.0007052656   0.0080233948   0.0134707256  -0.0006781799   0.0042395601
21  8  -0.0071472141   0.0003748169  -0.0026953049   0.0073882550  -0.0002838313
21  9  -0.0005552764   0.0007958485  -0.0000315004  -0.0000273067   0.0000344655
21 10  -0.0000052986  -0.0000046534   0.0000023650   0.0000002272  -0.0000130169
21 11   0.0000068524
22  1   0.0000300576  -0.0000213533  -0.0000097220  -0.0006097960   0.0000051040
22  2   0.0001195216  -0.0009999426  -0.0019958583   0.0005574944  -0.0010041694
22  3   0.0017915387  -0.0004541914   0.0260804425   0.0001833095   0.0000201767
22  4  -0.0043170520  -0.0003529117  -0.0002017035  -0.2471585234   0.1571645847
22  5   0.0212434979   0.5202706714   0.0002649743  -0.0007676884  -0.0374009201
22  6  -0.0000311691  -0.0002815142  -0.0033200685   0.0002770985   0.0000955436
22  7  -0.2478385485  -0.1573027247  -0.0202357116  -0.0023281253   0.0080543139
22  8  -0.0189256933   0.0007082342   0.0000448615  -0.0001368072  -0.0022362077
22  9  -0.0080895726   0.0189739250   0.0000123302  -0.0000553397  -0.0000263476
22 10   0.0000965925   0.0000116361  -0.0000072428   0.0000150251   0.0000515083
22 11   0.0000364629
23  1  -0.0000022714   0.0002086586  -0.0003893288   0.0000012858  -0.0023498526
23  2   0.0000077598   0.0006006017   0.0028904601   0.0006941883  -0.0005854745
23  3   0.0028801122   0.0006834305  -0.0000741950  -0.0399600771  -0.0125418069
23  4  -0.0000429941   0.0032890130  -0.0032755882   0.1415238927  -0.1966490343
23  5  -0.0314950661   0.0002649743   0.4790292850   0.0404183247   0.0000797441
23  6  -0.0474648249   0.0246682343   0.0000838804  -0.0013237529   0.0096335979
23  7  -0.1418491244  -0.1963876737  -0.0305903873  -0.0008958669  -0.0063691297
23  8   0.0103894688  -0.0000480858   0.0086800090  -0.0185759837   0.0009435895
23  9  -0.0063428573   0.0102954725   0.0000819113   0.0001029232  -0.0000081272
23 10  -0.0000003784  -0.0003372430   0.0000936900  -0.0000814895   0.0001039842
23 11  -0.0000078789
24  1  -0.0000131279  -0.0000166426  -0.0000375118   0.0001204600   0.0000075989
24  2   0.0000842989   0.0000135101  -0.0001903067  -0.0002892038  -0.0000229532
24  3  -0.0003903414  -0.0001822049  -0.0000054275  -0.0031198685   0.0112769681
24  4   0.0000667960  -0.0006374751  -0.0023813606   0.0061428251  -0.0125616783
24  5  -0.0608352510  -0.0007676884   0.0404183247   0.2916800246  -0.0003213576
24  6  -0.0221264640  -0.1454555764  -0.0001093348   0.0035385621  -0.0052641106
24  7  -0.0050517093  -0.0113776056  -0.0606952068   0.0012794317  -0.0029553319
24  8   0.0033220427  -0.0000792420   0.0122507836  -0.0343789812  -0.0012449296
24  9  -0.0028871717   0.0031787892  -0.0000124829  -0.0000078131  -0.0000055132
24 10  -0.0000001478   0.0000623696  -0.0000063765   0.0000053783  -0.0000069400
24 11  -0.0000108267
25  1  -0.0000074049   0.0000020691  -0.0000001424   0.0000300230  -0.0000021969
25  2  -0.0000128104   0.0000997509   0.0001148758  -0.0000694148   0.0000997977
25  3  -0.0000894643   0.0000617252  -0.0031277946  -0.0000200489   0.0000044415
25  4   0.0009163237   0.0000482257   0.0000098987  -0.0089771961   0.0183855272
25  5  -0.0218035001  -0.0374009201   0.0000797441  -0.0003213576   0.5653190198
25  6   0.0002221271  -0.0005031665   0.0005200196  -0.0000228969  -0.0000018250
25  7  -0.0089217695  -0.0184146085   0.0219615179  -0.2310216089   0.1273656040
25  8  -0.0249784584  -0.0457704519  -0.0008033433  -0.0006548475  -0.2317439244
25  9  -0.1268646126   0.0263083574  -0.0000020705   0.0000055027   0.0000012094
25 10  -0.0000091776  -0.0000013655   0.0000006484  -0.0000026161  -0.0000051388
25 11  -0.0000022757
26  1   0.0000020878  -0.0000225120   0.0000347820  -0.0000218888   0.0002086723
26  2  -0.0000166434  -0.0000229769  -0.0003177809  -0.0000660638   0.0000269788
26  3  -0.0002792331  -0.0000850065  -0.0000033819   0.0004845689   0.0017855620
26  4  -0.0000146315  -0.0003370150   0.0003177735   0.0086384662  -0.0096325445
26  5   0.0262617490  -0.0000311691  -0.0474648249  -0.0221264640   0.0002221271
26  6   0.5383967964   0.0791140159   0.0000228909  -0.0005631245  -0.0001007321
26  7  -0.0084991619  -0.0096312190   0.0262806924   0.1266447753  -0.1305301845
26  8   0.0153959739  -0.0008300071  -0.2108321076  -0.1429271837  -0.1261354472
26  9  -0.1294892185   0.0161369637  -0.0000074026  -0.0000089811   0.0000007401
26 10   0.0000001092   0.0000281777  -0.0000080027   0.0000086319  -0.0000094697
26 11   0.0000018435
27  1  -0.0000001965   0.0000347873  -0.0000553686  -0.0000099000  -0.0003893255
27  2  -0.0000374542   0.0000453756   0.0005143752   0.0001569214  -0.0000415080
27  3   0.0005294823   0.0001485297  -0.0000161599  -0.0024120119  -0.0007291771
27  4  -0.0000086057   0.0004425291  -0.0004103462  -0.0039908616   0.0032331808
27  5   0.0092808708  -0.0002815142   0.0246682343  -0.1454555764  -0.0005031665
27  6   0.0791140159   0.3655993354   0.0000283242   0.0011945380   0.0021046201
27  7   0.0041130657   0.0032962956   0.0091433121  -0.0223970239   0.0131869925
27  8  -0.0442647050  -0.0006478917  -0.1373152557  -0.1508945960   0.0237092169
27  9   0.0139375968  -0.0445953658   0.0000166721   0.0000151527  -0.0000043614
27 10   0.0000003004  -0.0000656504   0.0000173012  -0.0000161270   0.0000150630
27 11  -0.0000039400
28  1   0.0009163328  -0.0000152588  -0.0000084669  -0.0043171872  -0.0000381848
28  2   0.0000663422   0.0021009765  -0.0024465466   0.0022182268   0.0020279592
28  3   0.0023571710  -0.0020545684  -0.0315329504   0.0004798917  -0.0021528619
28  4   0.0098098092  -0.0002769703  -0.0001543594   0.0020180347  -0.0014089928
28  5  -0.0045489459  -0.0033200685   0.0000838804  -0.0001093348   0.0005200196
28  6   0.0000228909   0.0000283242   0.0205285705  -0.0002061160   0.0022808704
28  7   0.0021714401   0.0014781455   0.0044290754  -0.0000178039  -0.0003180011
28  8  -0.0003070595  -0.0010208510  -0.0000335595   0.0000068416  -0.0000119920
28  9   0.0003202763   0.0002998270   0.0000541625   0.0001183618  -0.0002152004
28 10   0.0000187566   0.0000000121  -0.0000026677   0.0000547911  -0.0001169998
28 11   0.0002239573
29  1   0.0000482847  -0.0003368724   0.0004426143  -0.0003499023   0.0032891191
29  2  -0.0006381875  -0.0001751073  -0.0043554337   0.0027700114   0.0003125448
29  3  -0.0037574614   0.0024776726   0.0005279342  -0.0686107646   0.0926043285
29  4  -0.0002754787   0.0110634194   0.0013656742  -0.0009997894   0.0051016638
29  5  -0.0054995376   0.0002770985  -0.0013237529   0.0035385621  -0.0000228969
29  6  -0.0005631245   0.0011945380  -0.0002061160   0.0555537367  -0.0901006032
29  7   0.0008713283   0.0046486120  -0.0053029960   0.0000077839  -0.0006003193
29  8  -0.0007640173  -0.0000048453   0.0005785366  -0.0014446044  -0.0000315175
29  9  -0.0006050345  -0.0007513383  -0.0000954297  -0.0000998726   0.0000725779
29 10   0.0000008670   0.0001238037  -0.0000593052   0.0001152417  -0.0001062555
29 11   0.0000946107
30  1   0.0000072066   0.0003177827  -0.0004103326  -0.0001995446  -0.0032756517
30  2  -0.0023812051   0.0028382167   0.0083643532   0.0064020006  -0.0027483715
30  3   0.0086578780   0.0061401489  -0.0020018977   0.0952752772  -0.4098613703
30  4  -0.0001582840   0.0013644827   0.0035383685  -0.0011534779  -0.0129848584
30  5  -0.0001515842   0.0000955436   0.0096335979  -0.0052641106  -0.0000018250
30  6  -0.0001007321   0.0021046201   0.0022808704  -0.0901006032   0.3976664196
30  7   0.0010316554  -0.0132006272   0.0000470745  -0.0000081710   0.0002821857
30  8   0.0007781315  -0.0000020068  -0.0037788883   0.0000885036   0.0000041386
30  9   0.0002791480   0.0007754324   0.0001129157   0.0001896418   0.0000854664
30 10   0.0000006175  -0.0011136738   0.0003506097  -0.0000975860   0.0001906872
30 11   0.0000918272
31  1   0.0001000908   0.0000269996  -0.0000418113  -0.0010096406  -0.0005862330
31  2  -0.0000222378   0.0017973365   0.0003575198   0.0000915739   0.0003147900
31  3   0.0010797308   0.0001272023  -0.0204286629   0.0110373251   0.0047547442
31  4   0.0020264397   0.0003164814  -0.0027555521  -0.0331248238  -0.0136751670
31  5  -0.0007052656  -0.2478385485  -0.1418491244  -0.0050517093  -0.0089217695
31  6  -0.0084991619   0.0041130657   0.0021714401   0.0008713283   0.0010316554
31  7   0.3032008321   0.1538380811  -0.0057161001   0.0010175452  -0.0021614799
31  8   0.0011503933  -0.0007187591   0.0005847815   0.0001332073   0.0014570100
31  9  -0.0013482659   0.0028871890   0.0000151822   0.0000672758  -0.0000107526
31 10  -0.0000763079  -0.0000254421   0.0000109017   0.0000178457  -0.0000346493
31 11   0.0000034962
32  1  -0.0000893194  -0.0002795691   0.0005294232   0.0017929925   0.0028776571
32  2  -0.0003897254  -0.0003617287  -0.0017241284  -0.0010186492   0.0010721535
32  3  -0.0073310838  -0.0007644397   0.0015615957  -0.0136669163   0.0028980306
32  4   0.0023580931  -0.0037579641   0.0086598043   0.0138659607   0.0365563148
32  5   0.0080233948  -0.1573027247  -0.1963876737  -0.0113776056  -0.0184146085
32  6  -0.0096312190   0.0032962956   0.0014781455   0.0046486120  -0.0132006272
32  7   0.1538380811   0.1895123422  -0.0019798016  -0.0001822818   0.0005749127
32  8  -0.0015417120   0.0002313016  -0.0005335183   0.0010772744   0.0002267565
32  9  -0.0009825680   0.0058096400  -0.0001233492  -0.0001105623   0.0000710441
32 10  -0.0000282765   0.0003767483  -0.0000825758   0.0000772086  -0.0001413841
32 11  -0.0000097705
33  1   0.0000619087  -0.0000849684   0.0001483710  -0.0004533637   0.0006841700
33  2  -0.0001834249  -0.0001098110  -0.0010698763   0.0002292462   0.0001266067
33  3  -0.0007643772  -0.0001089184   0.0004574504   0.0012391110  -0.0168637801
33  4  -0.0020561146   0.0024780200   0.0061394547   0.0009277720   0.0081383995
33  5   0.0134707256  -0.0202357116  -0.0305903873  -0.0606952068   0.0219615179
33  6   0.0262806924   0.0091433121   0.0044290754  -0.0053029960   0.0000470745
33  7  -0.0057161001  -0.0019798016   0.0476154574   0.0002776416  -0.0005325693
33  8   0.0007651234  -0.0003392287  -0.0027100018   0.0074062608   0.0006368627
33  9   0.0042526183  -0.0071619353  -0.0000043351  -0.0000145244   0.0000137200
33 10   0.0000062021   0.0000038374  -0.0000021619   0.0000296274  -0.0000273463
33 11   0.0000366818
34  1  -0.0000026035   0.0000086286  -0.0000161429   0.0000150085  -0.0000815517
34  2   0.0000054296   0.0000151302   0.0001314879   0.0000002517   0.0000178465
34  3   0.0000772220   0.0000296132  -0.0001963593  -0.0004190150   0.0000254876
34  4   0.0000548233   0.0001152276  -0.0000975545   0.0014429509  -0.0001949057
34  5  -0.0006781799  -0.0023281253  -0.0008958669   0.0012794317  -0.2310216089
34  6   0.1266447753  -0.0223970239  -0.0000178039   0.0000077839  -0.0000081710
34  7   0.0010175452  -0.0001822818   0.0002776416   0.2473995133  -0.1382587564
34  8   0.0250432223   0.0011622018  -0.0020376153   0.0000496510  -0.0175549468
34  9   0.0150880983  -0.0035134722   0.0000027691   0.0000041942  -0.0000010497
34 10  -0.0000015632  -0.0000099890   0.0000021140  -0.0000047779   0.0000025642
34 11  -0.0000012485
35  1  -0.0000051384  -0.0000094417   0.0000150498   0.0000516473   0.0001038706
35  2  -0.0000069096  -0.0000673993  -0.0001152472  -0.0000130421  -0.0000346875
35  3  -0.0001412745  -0.0000272777   0.0007333249   0.0006285536  -0.0004775017
35  4  -0.0001169681  -0.0001062040   0.0001904821   0.0013601141  -0.0009712614
35  5   0.0042395601   0.0080543139  -0.0063691297  -0.0029553319   0.1273656040
35  6  -0.1305301845   0.0131869925  -0.0003180011  -0.0006003193   0.0002821857
35  7  -0.0021614799   0.0005749127  -0.0005325693  -0.1382587564   0.1364799283
35  8  -0.0164790018   0.0183864147  -0.0099843416   0.0058200191  -0.0149907203
35  9   0.0110352178  -0.0032413936  -0.0000042063  -0.0000065754   0.0000015143
35 10   0.0000033798   0.0000130753  -0.0000030689   0.0000025586  -0.0000015790
35 11   0.0000002931
36  1  -0.0000022736   0.0000018406  -0.0000039259   0.0000366189  -0.0000079248
36  2  -0.0000107244   0.0000095239   0.0000851773   0.0000068318   0.0000034274
36  3  -0.0000098615   0.0000367478  -0.0006419557  -0.0004712658  -0.0013184794
36  4   0.0002239552   0.0000948363   0.0000917479  -0.0029117891   0.0057963774
36  5  -0.0071472141  -0.0189256933   0.0103894688   0.0033220427  -0.0249784584
36  6   0.0153959739  -0.0442647050  -0.0003070595  -0.0007640173   0.0007781315
36  7   0.0011503933  -0.0015417120   0.0007651234   0.0250432223  -0.0164790018
36  8   0.0442899275   0.0176883920  -0.0091264539   0.0040399336   0.0036142802
36  9  -0.0033579899  -0.0005885835   0.0000007828   0.0000015011   0.0000024996
36 10  -0.0000021201  -0.0000072450   0.0000018751  -0.0000012463   0.0000002965
36 11  -0.0000012284
37  1  -0.0000091769   0.0000001074   0.0000002905   0.0000965757  -0.0000003109
37  2  -0.0000001959  -0.0000757574   0.0000295352  -0.0000053223  -0.0000762752
37  3  -0.0000284078   0.0000061696   0.0006635721   0.0000014348  -0.0000026332
37  4   0.0000187525   0.0000007796   0.0000012387  -0.0007140666  -0.0002215697
37  5   0.0003748169   0.0007082342  -0.0000480858  -0.0000792420  -0.0457704519
37  6  -0.0008300071  -0.0006478917  -0.0010208510  -0.0000048453  -0.0000020068
37  7  -0.0007187591   0.0002313016  -0.0003392287   0.0011622018   0.0183864147
37  8   0.0176883920   0.0447604846   0.0008690222   0.0007102081   0.0009760294
37  9  -0.0183853635  -0.0177046252  -0.0000015201  -0.0000033746   0.0000021643
37 10   0.0000025746  -0.0000000053  -0.0000000137  -0.0000015669   0.0000033745
37 11  -0.0000021205
38  1  -0.0000014656   0.0000281789  -0.0000656571   0.0000117228  -0.0003372184
38  2   0.0000623484   0.0000247602   0.0003960776  -0.0000048966  -0.0000251845
38  3   0.0003764979   0.0000040431   0.0000301779  -0.0011032272   0.0054186526
38  4   0.0000002584   0.0001238742  -0.0011135744  -0.0005961615  -0.0005532984
38  5  -0.0026953049   0.0000448615   0.0086800090   0.0122507836  -0.0008033433
38  6  -0.2108321076  -0.1373152557  -0.0000335595   0.0005785366  -0.0037788883
38  7   0.0005847815  -0.0005335183  -0.0027100018  -0.0020376153  -0.0099843416
38  8  -0.0091264539   0.0008690222   0.2230744679   0.1481490914   0.0019324157
38  9  -0.0099121412  -0.0090645928   0.0000093510   0.0000127845  -0.0000067079
38 10  -0.0000000281  -0.0000276564   0.0000036566  -0.0000099934   0.0000130823
38 11  -0.0000072424
39  1   0.0000007054  -0.0000080041   0.0000173061  -0.0000073774   0.0000936841
39  2  -0.0000063648  -0.0000095586  -0.0000947477   0.0000025137   0.0000107765
39  3  -0.0000824678  -0.0000022967  -0.0000085884   0.0010116212  -0.0015338136
39  4  -0.0000025836  -0.0000593498   0.0003505716  -0.0000865116   0.0010984341
39  5   0.0073882550  -0.0001368072  -0.0185759837  -0.0343789812  -0.0006548475
39  6  -0.1429271837  -0.1508945960   0.0000068416  -0.0014446044   0.0000885036
39  7   0.0001332073   0.0010772744   0.0074062608   0.0000496510   0.0058200191
39  8   0.0040399336   0.0007102081   0.1481490914   0.1633641515  -0.0000055117
39  9   0.0059445173   0.0041600512  -0.0000017304  -0.0000028893   0.0000015149
39 10  -0.0000000006   0.0000036591  -0.0000048851   0.0000021272  -0.0000030702
39 11   0.0000018755
40  1  -0.0000020911  -0.0000074068   0.0000166578   0.0000123594   0.0000818429
40  2  -0.0000124396   0.0000175639  -0.0000735698  -0.0000315084   0.0000150716
40  3  -0.0001232874  -0.0000043100  -0.0001943469   0.0004072497  -0.0000377365
40  4   0.0000541310  -0.0000954559   0.0001129410   0.0010208454   0.0001732623
40  5  -0.0002838313  -0.0022362077   0.0009435895  -0.0012449296  -0.2317439244
40  6  -0.1261354472   0.0237092169  -0.0000119920  -0.0000315175   0.0000041386
40  7   0.0014570100   0.0002267565   0.0006368627  -0.0175549468  -0.0149907203
40  8   0.0036142802   0.0009760294   0.0019324157  -0.0000055117   0.2481938910
40  9   0.1376896008  -0.0264737826  -0.0000046279  -0.0000024681   0.0000009170
40 10  -0.0000015234   0.0000093609  -0.0000017451   0.0000027584  -0.0000042053
40 11   0.0000007808
41  1   0.0000054994  -0.0000090065   0.0000151622  -0.0000552107   0.0001030464
41  2  -0.0000078561   0.0000340852  -0.0001416333  -0.0000273654   0.0000671653
41  3  -0.0001106458  -0.0000144980  -0.0007389276   0.0006255479  -0.0004724506
41  4   0.0001184012  -0.0000999179   0.0001898253   0.0021604644   0.0005724450
41  5  -0.0005552764  -0.0080895726  -0.0063428573  -0.0028871717  -0.1268646126
41  6  -0.1294892185   0.0139375968   0.0003202763  -0.0006050345   0.0002791480
41  7  -0.0013482659  -0.0009825680   0.0042526183   0.0150880983   0.0110352178
41  8  -0.0033579899  -0.0183853635  -0.0099121412   0.0059445173   0.1376896008
41  9   0.1353519722  -0.0172950461  -0.0000024734  -0.0000014137   0.0000001779
41 10  -0.0000033655   0.0000127887  -0.0000028931   0.0000042008  -0.0000065813
41 11   0.0000015013
42  1   0.0000012145   0.0000007424  -0.0000043667  -0.0000261619  -0.0000080912
42  2  -0.0000056074  -0.0000041876  -0.0000055377   0.0000343728  -0.0000106781
42  3   0.0000709328   0.0000137528   0.0006364175  -0.0004650094  -0.0013130266
42  4  -0.0002151842   0.0000724125   0.0000855523  -0.0011608667  -0.0015501355
42  5   0.0007958485   0.0189739250   0.0102954725   0.0031787892   0.0263083574
42  6   0.0161369637  -0.0445953658   0.0002998270  -0.0007513383   0.0007754324
42  7   0.0028871890   0.0058096400  -0.0071619353  -0.0035134722  -0.0032413936
42  8  -0.0005885835  -0.0177046252  -0.0090645928   0.0041600512  -0.0264737826
42  9  -0.0172950461   0.0446218086   0.0000009182   0.0000001742  -0.0000007160
42 10   0.0000021628  -0.0000067079   0.0000015050  -0.0000010530   0.0000015142
42 11   0.0000024884
43  1  -0.2319097884  -0.1260590694   0.0237715491  -0.0022364283   0.0009434004
43  2  -0.0012456228   0.0010219447   0.0001724830  -0.0002842315   0.0014572075
43  3   0.0002266428   0.0006375689  -0.0001944697   0.0004074647  -0.0000380341
43  4  -0.0000118027  -0.0000321231   0.0000044256   0.0000175558  -0.0000736018
43  5  -0.0000315004   0.0000123302   0.0000819113  -0.0000124829  -0.0000020705
43  6  -0.0000074026   0.0000166721   0.0000541625  -0.0000954297   0.0001129157
43  7   0.0000151822  -0.0001233492  -0.0000043351   0.0000027691  -0.0000042063
43  8   0.0000007828  -0.0000015201   0.0000093510  -0.0000017304  -0.0000046279
43  9  -0.0000024734   0.0000009182   0.2483746226   0.1376051705  -0.0265431005
43 10   0.0009597955   0.0019224930  -0.0000005235  -0.0175548625  -0.0149712613
43 11   0.0036167288
44  1  -0.1267891536  -0.1293113306   0.0139562657  -0.0080922445  -0.0063374295
44  2  -0.0028842011   0.0021599125   0.0005706801  -0.0005555348  -0.0013488838
44  3  -0.0009811243   0.0042524048  -0.0007385355   0.0006255152  -0.0004723019
44  4   0.0003200212  -0.0006052234   0.0002791031   0.0000341176  -0.0001415302
44  5  -0.0000273067  -0.0000553397   0.0001029232  -0.0000078131   0.0000055027
44  6  -0.0000089811   0.0000151527   0.0001183618  -0.0000998726   0.0001896418
44  7   0.0000672758  -0.0001105623  -0.0000145244   0.0000041942  -0.0000065754
44  8   0.0000015011  -0.0000033746   0.0000127845  -0.0000028893  -0.0000024681
44  9  -0.0000014137   0.0000001742   0.1376051705   0.1351574617  -0.0173146358
44 10  -0.0183918620  -0.0099002487   0.0059497753   0.0151073054   0.0110349271
44 11  -0.0033648117
45  1   0.0263719265   0.0161533643  -0.0446095332   0.0189830262   0.0102818908
45  2   0.0031746757  -0.0011621345  -0.0015491312   0.0007960934   0.0028892334
45  3   0.0058068500  -0.0071634966   0.0006358900  -0.0004653262  -0.0013127246
45  4   0.0002996411  -0.0007512281   0.0007750362  -0.0000041209  -0.0000056641
45  5   0.0000344655  -0.0000263476  -0.0000081272  -0.0000055132   0.0000012094
45  6   0.0000007401  -0.0000043614  -0.0002152004   0.0000725779   0.0000854664
45  7  -0.0000107526   0.0000710441   0.0000137200  -0.0000010497   0.0000015143
45  8   0.0000024996   0.0000021643  -0.0000067079   0.0000015149   0.0000009170
45  9   0.0000001779  -0.0000007160  -0.0265431005  -0.0173146358   0.0446365689
45 10  -0.0177094493  -0.0090519341   0.0041647138  -0.0035118524  -0.0032354047
45 11  -0.0005884092
46  1  -0.0457721593  -0.0009848036  -0.0007714684   0.0007081646  -0.0000473143
46  2  -0.0000797500  -0.0007147982  -0.0002210120   0.0003750143  -0.0007180007
46  3   0.0002318910  -0.0003390388   0.0006635954   0.0000008328  -0.0000003545
46  4  -0.0010209277  -0.0000050323  -0.0000034858  -0.0000757355   0.0000296814
46  5  -0.0000052986   0.0000965925  -0.0000003784  -0.0000001478  -0.0000091776
46  6   0.0000001092   0.0000003004   0.0000187566   0.0000008670   0.0000006175
46  7  -0.0000763079  -0.0000282765   0.0000062021  -0.0000015632   0.0000033798
46  8  -0.0000021201   0.0000025746  -0.0000000281  -0.0000000006  -0.0000015234
46  9  -0.0000033655   0.0000021628   0.0009597955  -0.0183918620  -0.0177094493
46 10   0.0447623549   0.0010345270   0.0008445248   0.0011783594   0.0183807845
46 11   0.0176822921
47  1  -0.0009565592  -0.2108396641  -0.1373126504   0.0000533151   0.0086799631
47  2   0.0122494166  -0.0005964895  -0.0005528686  -0.0026954437   0.0005842939
47  3  -0.0005343700  -0.0027095892   0.0000304890  -0.0011031969   0.0054191166
47  4  -0.0000330303   0.0005784303  -0.0037791560   0.0000244939   0.0003958506
47  5  -0.0000046534   0.0000116361  -0.0003372430   0.0000623696  -0.0000013655
47  6   0.0000281777  -0.0000656504   0.0000000121   0.0001238037  -0.0011136738
47  7  -0.0000254421   0.0003767483   0.0000038374  -0.0000099890   0.0000130753
47  8  -0.0000072450  -0.0000000053  -0.0000276564   0.0000036591   0.0000093609
47  9   0.0000127887  -0.0000067079   0.0019224930  -0.0099002487  -0.0090519341
47 10   0.0010345270   0.2230825825   0.1481462985  -0.0020477403  -0.0099961725
47 11  -0.0091379940
48  1  -0.0007822037  -0.1429244874  -0.1508854168  -0.0001593350  -0.0185770539
48  2  -0.0343787222  -0.0000837175   0.0010984445   0.0073879003   0.0001359544
48  3   0.0010776604   0.0074066045  -0.0000084058   0.0010116162  -0.0015339820
48  4   0.0000065250  -0.0014447654   0.0000885248  -0.0000094272  -0.0000946461
48  5   0.0000023650  -0.0000072428   0.0000936900  -0.0000063765   0.0000006484
48  6  -0.0000080027   0.0000173012  -0.0000026677  -0.0000593052   0.0003506097
48  7   0.0000109017  -0.0000825758  -0.0000021619   0.0000021140  -0.0000030689
48  8   0.0000018751  -0.0000000137   0.0000036566  -0.0000048851  -0.0000017451
48  9  -0.0000028931   0.0000015050  -0.0000005235   0.0059497753   0.0041647138
48 10   0.0008445248   0.1481462985   0.1633546047   0.0000546138   0.0058156568
48 11   0.0040355404
49  1  -0.2308540774   0.1267180872  -0.0223431165  -0.0023279449  -0.0008958750
49  2   0.0012787943   0.0014427735  -0.0001951296  -0.0006774215   0.0010164182
49  3  -0.0001829702   0.0002772287  -0.0001961112  -0.0004188120   0.0000252296
49  4  -0.0000180502   0.0000071928  -0.0000078876   0.0000150087   0.0001314144
49  5   0.0000002272   0.0000150251  -0.0000814895   0.0000053783  -0.0000026161
49  6   0.0000086319  -0.0000161270   0.0000547911   0.0001152417  -0.0000975860
49  7   0.0000178457   0.0000772086   0.0000296274  -0.0000047779   0.0000025586
49  8  -0.0000012463  -0.0000015669  -0.0000099934   0.0000021272   0.0000027584
49  9   0.0000042008  -0.0000010530  -0.0175548625   0.0151073054  -0.0035118524
49 10   0.0011783594  -0.0020477403   0.0000546138   0.2472170268  -0.1383398313
49 11   0.0249830638
50  1   0.1274379082  -0.1307072007   0.0131724446   0.0080505029  -0.0063741272
50  2  -0.0029576701   0.0013592847  -0.0009720687   0.0042393690  -0.0021619368
50  3   0.0005765507  -0.0005322809   0.0007336615   0.0006285410  -0.0004778145
50  4  -0.0003182871  -0.0006002789   0.0002823484  -0.0000672792  -0.0001153499
50  5  -0.0000130169   0.0000515083   0.0001039842  -0.0000069400  -0.0000051388
50  6  -0.0000094697   0.0000150630  -0.0001169998  -0.0001062555   0.0001906872
50  7  -0.0000346493  -0.0001413841  -0.0000273463   0.0000025642  -0.0000015790
50  8   0.0000002965   0.0000033745   0.0000130823  -0.0000030702  -0.0000042053
50  9  -0.0000065813   0.0000015142  -0.0149712613   0.0110349271  -0.0032354047
50 10   0.0183807845  -0.0099961725   0.0058156568  -0.1383398313   0.1366733820
50 11  -0.0164638360
51  1  -0.0249231858   0.0153835603  -0.0442529656  -0.0189171651   0.0104037507
51  2   0.0033255523  -0.0029097649   0.0057986149  -0.0071463179   0.0011492700
51  3  -0.0015425459   0.0007649644  -0.0006423941  -0.0004710358  -0.0013187780
51  4  -0.0003073405  -0.0007641394   0.0007786753   0.0000094434   0.0000850800
51  5   0.0000068524   0.0000364629  -0.0000078789  -0.0000108267  -0.0000022757
51  6   0.0000018435  -0.0000039400   0.0002239573   0.0000946107   0.0000918272
51  7   0.0000034962  -0.0000097705   0.0000366818  -0.0000012485   0.0000002931
51  8  -0.0000012284  -0.0000021205  -0.0000072424   0.0000018755   0.0000007808
51  9   0.0000015013   0.0000024884   0.0036167288  -0.0033648117  -0.0005884092
51 10   0.0176822921  -0.0091379940   0.0040355404   0.0249830638  -0.0164638360
51 11   0.0442780082
$end
