$hessapprox internal
  0.471825985219D+00 -0.284102183726D-01  0.471355397797D+00 -0.104236018788D-04
 -0.113222749727D-04  0.200000371319D+00 -0.160816859965D-01 -0.160888941567D-01
  0.938684392080D-04  0.156285154778D+00 -0.754928212004D-02 -0.754187797071D-02
  0.156352703718D-05  0.617881653887D-02  0.201183670192D+00 -0.225842204325D-01
 -0.223081133423D-01 -0.712784623414D-04  0.195223424668D-01  0.683653677551D-02
  0.249487581488D+00 -0.184589802231D-04 -0.173136664820D-04  0.560004622567D-06
  0.583778740416D-03  0.114472850882D-03  0.395306261710D-03  0.292732507532D-02
 -0.146727204259D-02 -0.148123106900D-02  0.287079801775D-06 -0.396392836421D-03
 -0.459409657135D-03 -0.191350196590D-02 -0.806377962543D-05  0.431861233659D+00
 -0.122769486369D-02 -0.123742625936D-02  0.805954227871D-06  0.381141028269D-03
 -0.221260705215D-03 -0.102593127033D-02 -0.108490304875D-05 -0.349681580163D-04
  0.431827507400D+00 -0.457492991861D-02 -0.457508378497D-02 -0.368581598026D-05
  0.338895694389D-02  0.184430391953D-03  0.238914857669D-02  0.374652975597D-04
 -0.244324306934D-03 -0.147053850359D-03  0.431557193780D+00 -0.293107195790D-01
 -0.293449181398D-01 -0.308558149182D-04  0.229770639066D-01 -0.975995183853D-03
  0.800244941552D-02  0.135533307691D-03 -0.145971988299D-02 -0.995276624829D-03
 -0.195574533712D-02  0.317554223531D+00  0.182244961907D-01  0.182477570561D-01
  0.147913045475D-04 -0.901428807575D-02  0.546776173745D-03 -0.442008065620D-02
 -0.930338137723D-04  0.813634272044D-03  0.537645617099D-03  0.110574651133D-02
  0.976990914215D-02  0.316249515041D+00  0.110220052767D-01  0.110387663506D-01
  0.776265923739D-05 -0.561288133851D-02  0.333721727535D-03 -0.244486777366D-02
 -0.587860273310D-04  0.487570019717D-03  0.321717348398D-03  0.673273937245D-03
  0.597306587698D-02 -0.343676147618D-02  0.319710838728D+00  0.495805264398D-02
  0.494763739253D-02  0.163322166940D-04 -0.135992198140D-01 -0.208028313167D-06
 -0.429353364143D-02 -0.152320914097D-04  0.455216421936D-03  0.328175753753D-03
  0.400126748074D-03  0.546727043609D-02 -0.213589172278D-02 -0.135520941176D-02
  0.344385970407D+00  0.750591433041D-03  0.752045313033D-03  0.834302656044D-06
 -0.749125843857D-03  0.313819609356D-04 -0.147543748171D-03 -0.248356882465D-05
  0.378959108270D-04  0.257010362079D-04  0.623600956507D-04  0.563496038842D-03
 -0.310067389048D-03 -0.188073568009D-03 -0.155589132583D-03  0.347480483259D+00
  0.247605732147D-03  0.242492987690D-03  0.675358456009D-06 -0.743313762543D-03
 -0.192561007642D-03 -0.105386007727D-02 -0.978037576990D-05  0.338173984989D-04
  0.139794162018D-04 -0.664458014697D-04 -0.229281478337D-03  0.139994815169D-03
  0.822223562419D-04  0.788994521652D-04  0.447545364492D-05  0.294319734152D-02
 -0.106089061340D-02 -0.107478395556D-02  0.146083049446D-05 -0.750284440863D-04
 -0.361676174287D-03 -0.182347225215D-02 -0.677083248579D-05 -0.948308351292D-05
 -0.214462952790D-04 -0.198394779447D-03 -0.119338611775D-02  0.652777245616D-03
  0.388118043174D-03  0.404038936508D-03  0.301338055205D-04  0.309136282267D-04
  0.431875108588D+00 -0.163381874351D-02 -0.164368564963D-02 -0.370686503257D-06
  0.556647602911D-04 -0.321799710462D-03 -0.112753768434D-02 -0.253336005884D-05
 -0.446338752209D-04 -0.443920205781D-04 -0.194262943352D-03 -0.126940683876D-02
  0.702886317525D-03  0.423829734060D-03  0.381855477840D-03  0.336660070502D-04
  0.171624685371D-04 -0.322438376584D-04  0.431808869080D+00 -0.457506253612D-02
 -0.457528691932D-02 -0.365971781313D-05  0.338826616988D-02  0.183642662432D-03
  0.237942123954D-02  0.374530572947D-04 -0.244159300053D-03 -0.146958632379D-03
 -0.135699683359D-03 -0.195674197341D-02  0.110625659542D-02  0.673508050410D-03
  0.400825825743D-03  0.623670432804D-04 -0.663024479902D-04 -0.198186261816D-03
 -0.194209012850D-03  0.431555731569D+00 -0.293178100401D-01 -0.293520917013D-01
 -0.308418729163D-04  0.229862781084D-01 -0.976917069936D-03  0.799598207138D-02
  0.135546253294D-03 -0.145988459611D-02 -0.995380873883D-03 -0.195690392857D-02
 -0.183250677812D-01  0.977482782572D-02  0.597594454998D-02  0.546940774275D-02
  0.563772886834D-03 -0.229191073724D-03 -0.119342545500D-02 -0.126963784180D-02
 -0.195789828688D-02  0.317537513580D+00  0.212097803035D-01  0.212383298519D-01
  0.166015604462D-04 -0.105464306833D-01  0.641824322482D-03 -0.500896888404D-02
 -0.109382529623D-03  0.943772058737D-03  0.623477104251D-03  0.129117889104D-02
  0.114092867119D-01 -0.659693068686D-02 -0.400693852589D-02 -0.251525655282D-02
 -0.361429591342D-03  0.161238951573D-03  0.755490661209D-03  0.816862484521D-03
  0.129172953762D-02  0.114149673083D-01  0.314254107195D+00  0.264901072409D-02
  0.264396582598D-02  0.330836869687D-05 -0.208698075022D-02 -0.180425746741D-03
 -0.205618452538D-02 -0.240610523180D-04  0.153048846480D-03  0.915173447010D-04
  0.445755365925D-04  0.907152508502D-03 -0.494597256713D-03 -0.307658569497D-03
 -0.188154135988D-03 -0.311394403067D-04  0.495367100573D-04  0.129989324553D-03
  0.115485675747D-03  0.448878789522D-04  0.907863951721D-03 -0.581152424989D-03
  0.321760879179D+00  0.503038255589D-02  0.502026957992D-02  0.163601193838D-04
 -0.136414578382D-01  0.823545428490D-05 -0.427492881996D-02 -0.153912118753D-04
  0.458145008565D-03  0.330526639969D-03  0.407091811015D-03  0.552045222208D-02
 -0.216334828443D-02 -0.137186590199D-02 -0.293470532631D-02 -0.157056838952D-03
  0.787751216606D-04  0.406327570481D-03  0.384855766166D-03  0.407789908112D-03
  0.552260214432D-02 -0.254721953612D-02 -0.191991227451D-03  0.344348340157D+00
 -0.217080003884D-03 -0.219681966928D-03 -0.257570311306D-06 -0.142137200419D-03
 -0.107111007217D-03 -0.413433396529D-03 -0.350972062527D-05  0.484372225020D-06
 -0.480139181604D-05 -0.563890317529D-04 -0.328249657945D-03  0.197329321141D-03
  0.118233051346D-03  0.775514798934D-04  0.958295534129D-05  0.871782511206D-05
  0.145321632846D-05 -0.571518932520D-05 -0.563480138287D-04 -0.328344120785D-03
  0.229068467356D-03  0.354198919455D-04  0.780681065556D-04  0.347498769900D+00
 -0.390927774981D-02 -0.392172611912D-02 -0.594724057969D-05  0.940802259751D-02
 -0.284062798606D-03  0.106072061536D-05  0.277082361556D-06 -0.272617449328D-03
 -0.208622796807D-03 -0.473044645499D-03 -0.443507805278D-02  0.197118907153D-02
  0.120687191777D-02  0.206689125415D-02  0.131464750192D-03 -0.709652452907D-05
 -0.225847761006D-03 -0.256410081035D-03 -0.473149531851D-03 -0.443649073155D-02
  0.229954548238D-02  0.254632080351D-03  0.207974475251D-02 -0.515591537868D-04
  0.349809685366D+00  0.577488597017D-02  0.566398701423D-02 -0.323237154141D-05
 -0.337733030823D-01 -0.711550789535D-02 -0.299735289904D-01 -0.318156484673D-03
  0.104413543541D-02  0.307092907646D-03 -0.220562496712D-02 -0.654526189778D-02
  0.389819486749D-02  0.237981055349D-02  0.244778205751D-02  0.107790915642D-03
  0.709307322209D-03  0.846525242843D-03  0.512662204308D-03 -0.220233683971D-02
 -0.654262226769D-02  0.452997195732D-02  0.149094721565D-02  0.244496760816D-02
  0.310737699295D-03 -0.858066971768D-04  0.488432264021D+00 -0.268298578824D-03
 -0.263471947241D-03  0.235096082989D-05  0.281654538699D-02  0.545056567487D-03
  0.187946742610D-02  0.274325496494D-04 -0.735406259334D-04 -0.197395923630D-04
  0.186004546906D-03  0.581023494998D-03 -0.428271387585D-03 -0.262078143186D-03
 -0.469699105056D-04 -0.164467078364D-04 -0.503270681004D-04 -0.563394242601D-04
 -0.374515121643D-04  0.185814923178D-03  0.581189656021D-03 -0.499596060331D-03
 -0.113837888724D-03 -0.466474694565D-04 -0.175775119345D-04 -0.237949718743D-04
 -0.198286914880D-02  0.464251302224D+00 -0.394949268984D-02 -0.396201086083D-02
 -0.591789006349D-05  0.947858968319D-02 -0.278638103375D-03  0.291367801326D-04
  0.896943046686D-06 -0.275133672306D-03 -0.209937967554D-03 -0.473917458076D-03
 -0.445493728791D-02  0.198059210817D-02  0.121244311509D-02  0.207466254840D-02
  0.132142300738D-03 -0.793718595574D-05 -0.227754171022D-03 -0.258355307529D-03
 -0.474021151709D-03 -0.445635890383D-02  0.231044840701D-02  0.254766333464D-03
  0.208758199604D-02 -0.522518140289D-04 -0.151128932480D-02 -0.115771176717D-03
 -0.210474796779D-04  0.349797124167D+00  0.577022296380D-02  0.565778995081D-02
 -0.206667478251D-05 -0.333182429290D-01 -0.705701097429D-02 -0.299608739148D-01
 -0.313869526224D-03  0.104109553722D-02  0.308954754774D-03 -0.219525138516D-02
 -0.653184099026D-02  0.387944695688D-02  0.236475172138D-02  0.246797583880D-02
  0.107831791423D-03  0.706301878089D-03  0.847005733773D-03  0.510937382622D-03
 -0.219190916376D-02 -0.652915344880D-02  0.450631135782D-02  0.148619087877D-02
  0.246511275102D-02  0.308588959816D-03 -0.925470741804D-04  0.241595054140D-01
 -0.196452514364D-02 -0.122119503358D-03  0.488113626469D+00  0.575808034761D-03
  0.585140938482D-03  0.425644100538D-05  0.365764757934D-02  0.862887982876D-03
  0.271917864871D-02  0.373055182796D-04 -0.632237398915D-04  0.248646180125D-05
  0.338786471696D-03  0.144640467977D-02 -0.951214681477D-03 -0.581543975571D-03
 -0.235473504035D-03 -0.405688372364D-04 -0.697711272757D-04 -0.471627321135D-04
 -0.141879928556D-04  0.338562930505D-03  0.144685460638D-02 -0.110969617519D-02
 -0.202847649848D-03 -0.236787527285D-03 -0.175626351424D-04  0.101351446964D-03
 -0.273308636275D-02  0.193401534671D-03  0.106100539028D-03 -0.270608284718D-02
  0.464358093060D+00  0.670960676773D-02  0.666263251009D-02  0.242166850017D-04
  0.248911555728D-02 -0.146843874204D-02 -0.286387506789D-02  0.207859197200D-04
 -0.201670631286D-03 -0.184079930445D-03  0.402763929686D-03 -0.189509936115D-02
 -0.345325386792D-02 -0.179715136667D-02  0.853352844312D-02 -0.255168920319D-03
  0.303817692765D-04 -0.155387584274D-03 -0.231088877050D-03  0.404099909490D-03
 -0.188321689747D-02 -0.391532083097D-02  0.700352018013D-04  0.855847321895D-02
  0.239704336499D-03 -0.209789409088D-02 -0.964945947626D-02 -0.700019192703D-03
 -0.209987918518D-02 -0.956284778676D-02 -0.845126704056D-03  0.405831238499D+00
  0.131981163382D-01  0.132190835957D-01  0.193321984328D-04 -0.208188525281D-01
  0.558716746764D-03 -0.286868002725D-02 -0.361328353936D-04  0.778991166104D-03
  0.566883316519D-03  0.116900703817D-02  0.113183430980D-01 -0.545474971387D-02
 -0.333608797979D-02 -0.445026270885D-02 -0.347859757117D-03  0.785480557976D-04
  0.648914510849D-03  0.700689679319D-03  0.116954726340D-02  0.113229663874D-01
 -0.636664491783D-02 -0.590862410585D-03 -0.448291194817D-02  0.165607582438D-03
  0.343544341655D-02  0.183981840376D-02 -0.132882806889D-03  0.344978525484D-02
  0.185288856842D-02 -0.541113836184D-03  0.263643008722D-02  0.887943334424D+00
  0.996730820030D-02  0.100032173560D-01  0.145476471894D-04 -0.189782914548D-01
  0.959167130928D-03  0.107141347508D-02  0.604604270217D-05  0.569514453436D-03
  0.448494238916D-03  0.124239053281D-02  0.109440442161D-01 -0.530535550678D-02
 -0.322243995709D-02 -0.438501617751D-02 -0.335757593490D-03 -0.108628329846D-04
  0.463934630226D-03  0.556365401158D-03  0.124237444528D-02  0.109480625892D-01
 -0.617972175100D-02 -0.689681694859D-03 -0.441360473850D-02  0.122226206027D-03
  0.327736300890D-02 -0.100252283230D-02  0.429419208917D-04  0.329306264939D-02
 -0.979652697492D-03 -0.251016147636D-03  0.322079527305D-03 -0.784561499457D-02
  0.888833128941D+00  0.286850492054D-01  0.286589763068D-01  0.367908118830D-04
 -0.211605700632D-01 -0.181393647727D-02 -0.141676037316D-01 -0.169093144084D-03
  0.108361741314D-02  0.615646877317D-03  0.141576638155D-02  0.111429036000D-01
 -0.948271528563D-02 -0.553219136906D-02  0.311690284009D-02 -0.617916287063D-03
  0.334160058820D-03  0.880910381607D-03  0.826137761543D-03  0.141741184575D-02
  0.111591454298D-01 -0.109778577543D-01 -0.354251530027D-03  0.309832270793D-02
  0.504333379481D-03  0.144589969923D-02  0.182625331492D-02 -0.143477221070D-02
  0.145245530413D-02  0.183110134475D-02 -0.237983558615D-02 -0.754794953614D-01
 -0.586312671987D-02 -0.793671987076D-02  0.431665162649D+00  0.302656573801D-02
  0.296381820381D-02  0.299500804029D-04 -0.196861143874D-02 -0.319930581562D-03
 -0.976206900336D-02 -0.198756952577D-04  0.397332778279D-03  0.271243417024D-03
 -0.459951985034D-04  0.145134983644D-02 -0.684405281010D-03 -0.520000118728D-03
 -0.241344702837D-03 -0.521489491447D-04  0.159998346706D-03  0.404394302274D-03
  0.267070107180D-03 -0.442100068563D-04  0.145408352796D-02 -0.853433544832D-03
  0.161050825880D-03 -0.250890133171D-03  0.731617158529D-04  0.520946470646D-03
  0.377104269440D-02 -0.149590930717D-03  0.524773435991D-03  0.382402319891D-02
 -0.276781085973D-03  0.495439192150D-02 -0.101415555806D-02 -0.141501946981D-02
  0.299569861720D-02  0.289114699327D+00 -0.157573149859D-01 -0.157794458398D-01
  0.204486103793D-04  0.310607392401D-01  0.253320098754D-02  0.161025440610D-01
  0.303049108801D-03 -0.132825911501D-02 -0.679349978870D-03  0.303173060356D-03
 -0.711850824889D-02  0.108561200326D-02  0.790311801638D-03  0.656826353265D-02
  0.909049196687D-04 -0.462203514719D-03 -0.102129946058D-02 -0.995936068003D-03
  0.303455521278D-03 -0.711631361094D-02  0.131938513116D-02 -0.226191334940D-03
  0.660775976553D-02 -0.205365942118D-03 -0.306802920836D-02 -0.221147385388D-01
  0.109680487118D-02 -0.305912594790D-02 -0.218992507607D-01  0.194594161535D-02
 -0.497445983133D-01  0.596352599285D-02  0.579206032419D-02 -0.386816747260D-01
  0.317617141015D-02  0.180891582131D+00  0.251903830759D-01  0.251639602612D-01
  0.351073759497D-04 -0.170923429110D-01 -0.159157722283D-02 -0.117759392181D-01
 -0.131650885139D-03  0.870687274001D-03  0.490932072066D-03  0.131644187074D-02
  0.942789958412D-02 -0.868326539166D-02 -0.503825256707D-02  0.378897093577D-02
 -0.566956792925D-03  0.271593097594D-03  0.708750345475D-03  0.659188706422D-03
  0.131796233562D-02  0.944340326673D-02 -0.100414292728D-01 -0.329710189048D-03
  0.377663566152D-02  0.456696890710D-03  0.956641829870D-03 -0.397113750750D-03
 -0.127532508118D-02  0.962825788294D-03 -0.375602820095D-03 -0.208285899837D-02
 -0.775556903869D-01 -0.471083835100D-02 -0.673889303210D-02 -0.691191438980D-01
  0.316757824488D-02 -0.395059118726D-01  0.429976584512D+00  0.122458236187D-01
  0.122642244502D-01  0.196246515987D-04 -0.209536457195D-01  0.491316672506D-03
 -0.255164350725D-02 -0.270357077572D-04  0.737611588954D-03  0.542279131117D-03
  0.111822501530D-02  0.108141105658D-01 -0.521727488391D-02 -0.318541956222D-02
 -0.423149278929D-02 -0.338075932781D-03  0.690061718347D-04  0.618002218970D-03
  0.665209389967D-03  0.111887507915D-02  0.108187257747D-01 -0.608690522808D-02
 -0.566737187486D-03 -0.426261493408D-02  0.159000109336D-03  0.337821856088D-02
  0.132415127250D-02 -0.108446103152D-03  0.339225313753D-02  0.134331464667D-02
 -0.484982721576D-03  0.744496842068D-03 -0.790571951036D-02 -0.770970949373D-02
 -0.704401673563D-02 -0.810317164522D-03  0.486532512543D-02 -0.597425864621D-02
  0.888354923905D+00  0.109965695426D-01  0.110352557270D-01  0.143587266884D-04
 -0.188359797074D-01  0.103915487816D-02  0.773535212530D-03 -0.297115808543D-05
  0.613310712381D-03  0.475301687180D-03  0.130131584424D-02  0.115019154771D-01
 -0.557460739415D-02 -0.339246009259D-02 -0.461554791188D-02 -0.347137688596D-03
 -0.165001269008D-05  0.496859491684D-03  0.594460111434D-03  0.130119071010D-02
  0.115059635456D-01 -0.649652063757D-02 -0.718097005838D-03 -0.464578872508D-02
  0.129321851146D-03  0.334404790801D-02 -0.504933245956D-03  0.194690511221D-04
  0.336014493346D-02 -0.487906421761D-03 -0.307432244265D-03  0.219929417725D-02
 -0.807310066195D-02 -0.754747444380D-02 -0.681190004841D-02 -0.162428047411D-02
  0.692125731195D-02 -0.552497563831D-02 -0.786552205334D-02  0.888362019459D+00
  0.101484241491D-01  0.101008066197D-01  0.261193730662D-04 -0.148753205201D-02
 -0.170337540493D-02 -0.531957408396D-02 -0.162536950373D-04  0.103630090849D-04
 -0.598984262178D-04  0.488838687321D-03 -0.278412533829D-03 -0.419952731520D-02
 -0.225972285941D-02  0.789680620315D-02 -0.303092688614D-03  0.939818956551D-04
  0.171602075102D-04 -0.659934201537D-04  0.490340310862D-03 -0.265812894254D-03
 -0.479023673456D-02  0.536846091803D-04  0.791563731272D-02  0.286501685260D-03
 -0.162344340881D-02 -0.740281763791D-02 -0.857842121493D-03 -0.162515693043D-02
 -0.733200520478D-02 -0.113716729435D-02 -0.920789692535D-01  0.153595830858D-02
 -0.833946290097D-03 -0.746032606273D-01  0.482699781846D-02 -0.489631328380D-01
 -0.765710721470D-01 -0.277045418226D-03  0.957991290878D-03  0.409913665067D+00
  0.288263100998D-02  0.282071601957D-02  0.293284703840D-04 -0.207042161873D-02
 -0.336791088136D-03 -0.967019502067D-02 -0.201983328369D-04  0.391014637980D-03
  0.265737865998D-03 -0.535904168229D-04  0.140006456543D-02 -0.650447112430D-03
 -0.497666614735D-03 -0.241775758515D-03 -0.505307750703D-04  0.158787626244D-03
  0.397702058512D-03  0.261916600236D-03 -0.518413453399D-04  0.140274328905D-02
 -0.812958115979D-03  0.162875785799D-03 -0.251117757798D-03  0.722252811945D-04
  0.512074326307D-03  0.377050268077D-02 -0.151686192179D-03  0.515745251627D-03
  0.382190470127D-02 -0.277826841311D-03  0.492689962561D-02 -0.991447005972D-03
 -0.139132098093D-02  0.301955547425D-02  0.172953534757D-02  0.310556656259D-02
  0.318379885897D-02 -0.790942235292D-03 -0.159713286108D-02  0.480644946405D-02
  0.289056719490D+00 -0.156482755008D-01 -0.156708254201D-01  0.209105563143D-04
  0.311482238116D-01  0.255053967820D-02  0.160760868365D-01  0.303770154940D-03
 -0.132474031017D-02 -0.675904563554D-03  0.312378136026D-03 -0.706753951013D-02
  0.104640238780D-02  0.765835263133D-03  0.657589893797D-02  0.889779906829D-04
 -0.462179597242D-03 -0.101753512709D-02 -0.992734395926D-03  0.312684263431D-03
 -0.706528847109D-02  0.127328462851D-02 -0.229837000981D-03  0.661526475316D-02
 -0.204576253585D-03 -0.306211283560D-02 -0.221525425751D-01  0.109891114258D-02
 -0.305305516720D-02 -0.219356431719D-01  0.194755766162D-02 -0.498727231325D-01
  0.594242422683D-02  0.577069918204D-02 -0.388354436218D-01  0.319787387880D-02
 -0.191142963988D-01 -0.396541150940D-01  0.484420603261D-02  0.689979634142D-02
 -0.490963116362D-01  0.312693457006D-02  0.180879847178D+00 -0.464817435063D-02
 -0.463574492819D-02 -0.581152292219D-05  0.467483232792D-02  0.463359862076D-03
  0.449423335120D-02  0.517147829503D-04 -0.300006456956D-03 -0.176098439172D-03
 -0.172418678843D-04 -0.146580470966D-02  0.675349765559D-03  0.430918930900D-03
  0.485697765967D-03  0.476872492192D-04 -0.105975910004D-03 -0.257093418684D-03
 -0.220930411235D-03 -0.178473065561D-04 -0.146690727553D-02  0.798940222143D-03
 -0.547358130889D-04  0.493027257295D-03 -0.654964730241D-04 -0.509295823709D-03
 -0.336587566688D-02  0.226522549827D-03 -0.508843145941D-03 -0.335250604541D-02
  0.396917324299D-03 -0.207272526300D-02  0.107865649976D-02  0.128844633382D-02
 -0.118995214116D-02 -0.298056101964D-03 -0.225843687306D-03 -0.122305446944D-02
  0.100984394125D-02  0.136472194080D-02 -0.205461442518D-02 -0.300724265707D-03
 -0.221954867192D-03  0.200144853067D+00 -0.409727160616D-03 -0.409688133643D-03
 -0.595139279918D-06  0.266711263162D-03 -0.932432550022D-05  0.167906968087D-03
  0.193255648027D-05 -0.204267868156D-04 -0.138756820093D-04 -0.240377169000D-04
 -0.230361968428D-03  0.127523209922D-03  0.783426915088D-04  0.581430421670D-04
  0.740645253964D-05 -0.399977255895D-05 -0.172377060951D-04 -0.171804740049D-04
 -0.240633118255D-04 -0.230492017225D-03  0.149174461020D-03  0.986654593378D-05
  0.588312291633D-04 -0.474632913407D-05 -0.538211228875D-04 -0.998103222515D-04
  0.901073887637D-05 -0.540810526398D-04 -0.100025230288D-03  0.207534094007D-04
  0.234905048957D-04  0.138819516050D-03  0.138800279170D-03  0.178359492343D-03
  0.255048797061D-05 -0.638346210047D-04  0.158292914389D-03  0.132618639879D-03
  0.145711803719D-03  0.420447761590D-04  0.212646204223D-05 -0.632306964866D-04
 -0.137797479811D-04  0.199997162647D+00 -0.580070110438D-03 -0.562514521284D-03
 -0.331008690160D-05  0.548693400213D-03  0.445306237982D-03  0.283258937571D-02
  0.211967671957D-04 -0.793843724867D-04 -0.360691234806D-04  0.202073825909D-03
  0.987017253656D-03 -0.548490974907D-03 -0.318362535031D-03 -0.388194687932D-03
 -0.255176527148D-04 -0.591090410883D-04 -0.801487074625D-04 -0.358248245564D-04
  0.201521852322D-03  0.986894159711D-03 -0.630667913785D-03 -0.151487574309D-03
 -0.388430519535D-03 -0.160279183819D-04  0.122439409175D-03 -0.173743427778D-02
  0.100935169519D-03  0.124747406422D-03 -0.173602652768D-02  0.130270542410D-03
 -0.480693343738D-03 -0.488240509806D-03 -0.244765133729D-03 -0.146498699034D-02
 -0.612618173171D-03  0.101653971060D-02 -0.127761721587D-02 -0.463808126225D-03
 -0.269476460385D-03 -0.669354897870D-03 -0.605928411809D-03  0.101322449310D-02
  0.310408900999D-03  0.166269297205D-04  0.200146458617D+00
$end
