$vibrational normal modes
 1  1   0.0934944862   0.1741893036  -0.2335247993   0.2129591199   0.2685704188
 1  2   0.0298478389  -0.2606605000   0.0073904592  -0.2506298623   0.0013240240
 1  3   0.0003559731   0.2054088118   0.0438583563   0.0000228021   0.0031956717
 1  4  -0.0007798048  -0.0110989540   0.0157305461  -0.0484076023  -0.0404289280
 1  5  -0.0051418578   0.1623272131  -0.1558344839  -0.0001329059   0.0003227079
 1  6  -0.0000649469  -0.0000334427  -0.0005315034   0.0005243327   0.0002741166
 1  7  -0.0000569695   0.1065732342  -0.1066484798   0.0007343646   0.0006999112
 1  8  -0.0003765618  -0.0000441139   0.0664275237   0.0672974073   0.0002037051
 1  9  -0.0002062141  -0.0000565372   0.0000597181   0.0428778028   0.0475697291
 1 10  -0.0000805783  -0.0000792317  -0.0665815988   0.0663189462   0.0004264745
 1 11   0.0004733362
 2  1  -0.0762673782   0.0353175132   0.0167003634  -0.1881328477   0.0847093308
 2  2   0.0646438737   0.0052508792   0.1774696897   0.0020128539  -0.2686326087
 2  3   0.2694225689   0.0228189386  -0.1314543611   0.0566374087   0.0000914683
 2  4   0.0323243362   0.0567395005   0.0001515156   0.0000520613   0.0009015332
 2  5  -0.0318374671  -0.0002670250  -0.0018102933   0.1551891266  -0.1526786393
 2  6   0.0028543421   0.0151818484   0.1343579477  -0.1339913027   0.0247037716
 2  7  -0.0681328276  -0.0003098424   0.0003844092   0.0922299151   0.0910721902
 2  8   0.0805842349   0.0788467025  -0.0002908360   0.0006613687  -0.0358777007
 2  9   0.0361400381  -0.0403966507   0.0403305516  -0.0000364833  -0.0000405600
 2 10   0.0103920926   0.0103985833   0.0003622698  -0.0003531319   0.0597374956
 2 11   0.0651374627
 3  1  -0.2928869929   0.1424429543  -0.0180006505   0.0055651738   0.0207008355
 3  2  -0.0426524077   0.0092707130   0.2480838299   0.0023687689  -0.1097605851
 3  3   0.0416820778  -0.0098361452   0.1182747151  -0.0841921648   0.0001981947
 3  4  -0.0005587306  -0.0024604207   0.0001018938  -0.0000765739  -0.0005499407
 3  5   0.0462357604  -0.0002048123   0.0016903931  -0.0976552716   0.0965028276
 3  6  -0.0119564553  -0.0223553221  -0.2638576872   0.2645430204  -0.0177469167
 3  7  -0.0164681443  -0.0003518114   0.0003877893   0.0582507016   0.0589790115
 3  8   0.0643696605   0.0628885164  -0.0002389183   0.0005736555   0.0902095488
 3  9  -0.0905353667  -0.0120688875   0.0121844927  -0.0001166489  -0.0001303737
 3 10  -0.0278435472  -0.0278120400   0.0003147238  -0.0003109236   0.0234736123
 3 11   0.0255985884
 4  1  -0.0301512779  -0.1058255457  -0.2129036115   0.1783267418   0.1615430284
 4  2   0.1438933125  -0.2422448601   0.0042750455   0.0621852061  -0.0006809954
 4  3  -0.0008406363  -0.0610293740  -0.0130984360  -0.0000083991  -0.0105664922
 4  4  -0.0054775371   0.0084841403   0.0031501892   0.0357748277   0.0024170380
 4  5   0.0021905961  -0.0724409251   0.0731184169  -0.0002822408   0.0000534034
 4  6   0.0004241577   0.0004847289   0.0003572410  -0.0003725240   0.0002259098
 4  7   0.0002154309   0.0015830026  -0.0010032674  -0.0003108675  -0.0002693173
 4  8   0.0012425722   0.0001113011  -0.2686269076  -0.2666926514   0.0000170656
 4  9  -0.0000123270  -0.0000187102   0.0000137022   0.0028070817   0.0029485152
 4 10   0.0000005097  -0.0000002832  -0.0005290091   0.0005308456   0.0000030566
 4 11   0.0000039432
 5  1   0.0321724629   0.0004786344  -0.0216662470  -0.1998744824   0.0360013355
 5  2   0.0942488763  -0.0012694558  -0.0386129761  -0.0002588072  -0.0315060107
 5  3   0.0216438341   0.0263695101  -0.3153326942   0.3035773554  -0.0008287336
 5  4  -0.0238629633  -0.0380545037  -0.0002112207   0.0003169127   0.0003373547
 5  5  -0.0459859293  -0.0001695857  -0.0006939520  -0.0178669617   0.0252980679
 5  6   0.1569953020   0.1463806023  -0.0554070754   0.0558138642   0.0232996050
 5  7  -0.0198044827  -0.0001769453   0.0001442663   0.0267798738   0.0320091894
 5  8  -0.1422467192  -0.1520324938  -0.0003886209  -0.0018915557   0.0034030889
 5  9  -0.0038962125  -0.0041669744   0.0043632772  -0.0000002314  -0.0000000720
 5 10  -0.0000338555   0.0000017794   0.0000019142  -0.0000018442   0.0002412624
 5 11   0.0002545016
 6  1  -0.2475173457   0.1286313754  -0.0339973875   0.0007674627   0.0007108168
 6  2  -0.0306195025   0.0065231738   0.1573729146   0.0006698184  -0.0111330801
 6  3  -0.0595758529  -0.0062851594   0.0229668803   0.0425002496  -0.0001852176
 6  4  -0.0237215873  -0.0413961230  -0.0001139835  -0.0000794064  -0.0006597142
 6  5   0.0159277576   0.0002744125   0.0010617308  -0.0995946096   0.0986283928
 6  6   0.0701985812   0.0684340482   0.1403954011  -0.1407122082   0.0050301549
 6  7   0.0160853977   0.0000122731  -0.0000368020  -0.0412754532  -0.0413095757
 6  8  -0.0471578499  -0.0459157026   0.0009861332   0.0003224379  -0.0002311599
 6  9   0.0002614755  -0.0032238807   0.0032136756  -0.0000086262  -0.0000075956
 6 10   0.0001323473   0.0001273936   0.0000032380  -0.0000027297   0.0003204659
 6 11   0.0003533879
 7  1  -0.0282747893  -0.0836191614  -0.1499391026   0.1574954408   0.1174331706
 7  2   0.1594358934  -0.1310688277   0.0026687376   0.0740455422  -0.0008314554
 7  3  -0.0021590450  -0.0769068909   0.0169913264  -0.0286695371  -0.0675243475
 7  4  -0.0413178133   0.0439272884  -0.0582064122   0.0309409738   0.0941245001
 7  5   0.0106626757  -0.0004413894  -0.0148988083  -0.0484638782   0.0426601512
 7  6  -0.2839546065  -0.2893446463   0.0337355912  -0.0374505834   0.0784026067
 7  7  -0.0502945838  -0.0303095608   0.0294033951   0.0627868286   0.0693419294
 7  8  -0.1342136070  -0.1400227791   0.2591369434   0.2590604003   0.0028374497
 7  9  -0.0030762313   0.0004665331  -0.0004325057  -0.0002778481  -0.0001277663
 7 10  -0.0001530443  -0.0001538194   0.0003240624  -0.0003362654   0.0000350836
 7 11   0.0000381917
 8  1   0.0266090165   0.0197603558   0.0629107113  -0.2282137628  -0.0246106249
 8  2   0.1182074780   0.1457788409  -0.0321012827   0.0300375619  -0.0430969626
 8  3   0.0294276018  -0.0040343130  -0.2738592334   0.2765612919  -0.0857241803
 8  4  -0.0754223134   0.0103817612  -0.0902616156   0.0196798496   0.1318453506
 8  5  -0.0414217164   0.1004504959  -0.1201795842  -0.0851804327   0.0830882144
 8  6  -0.1653526290  -0.1744316639  -0.0048346948   0.0026936424   0.0006662324
 8  7   0.0328016707   0.0303809955  -0.0304418209  -0.0504144896  -0.0539616998
 8  8   0.1196683901   0.1338990277  -0.1750775885  -0.1676449392  -0.0030434752
 8  9   0.0037514213   0.0010565162  -0.0013802100  -0.0002072628  -0.0003697589
 8 10   0.0000499937  -0.0000312095  -0.0000977568   0.0000930623  -0.0001133868
 8 11  -0.0001047167
 9  1  -0.0986771401   0.3223382194  -0.0355264823   0.0078607329   0.0268566914
 9  2  -0.0877416097   0.0539074182   0.0307998876  -0.1881734857   0.1214764913
 9  3  -0.1708892216   0.0997785093  -0.1081160479   0.1841428958  -0.0444696842
 9  4  -0.0655587992  -0.0394687210  -0.0549314830   0.0211175480   0.0874150375
 9  5  -0.0458135120  -0.1511750721   0.1514540529   0.1529508796  -0.1542029946
 9  6  -0.0685512845  -0.0646500198  -0.0149093598   0.0145168121   0.0102875529
 9  7  -0.0028052915  -0.0146857677   0.0147490382   0.0218880327   0.0230555612
 9  8   0.0280819691   0.0290417112  -0.0121287222  -0.0128358193  -0.0007595142
 9  9   0.0007595355   0.0017588757  -0.0017684455   0.0002077081   0.0002431585
 9 10  -0.0000273053  -0.0000324691  -0.0001173617   0.0001215148  -0.0000841824
 9 11  -0.0000983484
10  1  -0.0288175859  -0.0849784527  -0.1503068395   0.1574980760   0.1172945394
10  2   0.1598114496  -0.1318471625   0.0008883729   0.0748865744  -0.0007270511
10  3   0.0008830500  -0.0727292468  -0.0413655899   0.0256321950  -0.0672046734
10  4  -0.0446195434   0.0382359667  -0.0577359454   0.0306139297   0.0935317730
10  5  -0.0089835828  -0.0000327479  -0.0161431489   0.0495054809  -0.0426697746
10  6   0.2830343492   0.2879668841  -0.0339145264   0.0377158225  -0.0789523105
10  7   0.0497577112  -0.0298134651   0.0289270440  -0.0625289346  -0.0691604046
10  8   0.1317529281   0.1398894428   0.2614320171   0.2641063938  -0.0028675692
10  9   0.0031024179  -0.0004456640   0.0004163332  -0.0002693132  -0.0001184996
10 10   0.0001530474   0.0001538989   0.0003239483  -0.0003362693  -0.0000378981
10 11  -0.0000416311
11  1   0.0317980554  -0.0169310349  -0.1043105812  -0.1708333280   0.0994089225
11  2   0.0686173085  -0.1481495603  -0.0263303889  -0.0301765469  -0.0412112954
11  3   0.0278993960   0.0508402316  -0.2758453652   0.2821566278   0.0844036209
11  4   0.0311560874  -0.0820243399   0.0901296064  -0.0189895051  -0.1319464990
11  5  -0.0377703636  -0.1007800226   0.1202584684  -0.0854742030   0.0817750613
11  6  -0.1659886887  -0.1746403091  -0.0047137697   0.0025217991   0.0007454901
11  7   0.0323695546  -0.0298876164   0.0299316147  -0.0501668562  -0.0537115347
11  8   0.1174267545   0.1328497916   0.1756339301   0.1710701531  -0.0030481760
11  9   0.0037443629   0.0010613078  -0.0013729299   0.0002049444   0.0003628874
11 10   0.0000496955  -0.0000290759   0.0000949389  -0.0000919810  -0.0001139423
11 11  -0.0001070923
12  1  -0.2783598626  -0.1035823851  -0.0746238880  -0.0190507293  -0.0784175119
12  2   0.0588428492  -0.0492667448   0.0299402727   0.1875464880   0.1196341027
12  3  -0.1727573697  -0.0945533366  -0.1477358564   0.1866814715   0.0437176959
12  4  -0.0073030423  -0.0842865267   0.0548406095  -0.0209014879  -0.0886299307
12  5  -0.0533179802   0.1506237463  -0.1519453431   0.1525519858  -0.1520210834
12  6  -0.0696738438  -0.0664311757  -0.0146522152   0.0142929614   0.0100288744
12  7  -0.0031053754   0.0148343721  -0.0148410525   0.0223843412   0.0235618155
12  8   0.0270238267   0.0281841142   0.0106986341   0.0118087696  -0.0007440305
12  9   0.0007449567   0.0017665358  -0.0017784944  -0.0002062870  -0.0002411241
12 10  -0.0000286195  -0.0000348799   0.0001150819  -0.0001183977  -0.0000849722
12 11  -0.0000983148
13  1  -0.0001373871   0.0251672841   0.0041715415   0.1117785508   0.0270128464
13  2   0.1768330274   0.1144051466  -0.0022454126   0.0002713980   0.0000091551
13  3   0.0002998871  -0.0000018204  -0.0000669838   0.0004641604   0.0184698032
13  4   0.0000132754   0.0000128709   0.0064255661  -0.0924517815  -0.0000084801
13  5   0.0002987491  -0.0070064178   0.0000017231  -0.0000433524  -0.0000052098
13  6  -0.0000013290   0.0000061947  -0.0000014523  -0.0000004119  -0.0000026967
13  7  -0.0003913235  -0.0000149136  -0.0000000050   0.0000001343  -0.0000477966
13  8   0.0000256238   0.0000019478   0.0000098197  -0.0039463207   0.0000031173
13  9  -0.0000000385  -0.0000016339  -0.0000000016   0.0000017455  -0.0000339670
13 10   0.0000002657   0.0000000012  -0.0000000203   0.0000105952  -0.0000002716
13 11  -0.0000000163
14  1   0.0003475678   0.0106615846  -0.0106026457  -0.1963598051   0.0504460527
14  2   0.0854998913  -0.0000201982  -0.0061358384  -0.0002603464  -0.0000039122
14  3  -0.0422843778   0.0000237241   0.0000045379  -0.1273360065   0.0002938079
14  4   0.0000434112  -0.0000257544   0.0000730169  -0.0000093780  -0.0000135362
14  5   0.1169788266   0.0006485318   0.0000171549   0.0076729895  -0.0000008099
14  6   0.0037054041   0.0000001332   0.0020328320  -0.0000013173  -0.0000001876
14  7   0.0195857697  -0.0000030031   0.0000010535  -0.0000009505   0.0018002037
14  8   0.0013263297   0.0000000076   0.0000024777  -0.0000024724  -0.0001668485
14  9   0.0000002045   0.0001103488  -0.0000000185   0.0000000058   0.0000000125
14 10  -0.0000158360   0.0000000007  -0.0000000002   0.0000001203  -0.0000070793
14 11  -0.0000003060
15  1  -0.0485304252   0.0637920050  -0.1050662849  -0.0206820817  -0.0885995004
15  2   0.0238785763  -0.0031242051  -0.0731619781  -0.0004241185   0.0000070875
15  3   0.0488609887  -0.0000194449   0.0000028712  -0.0398242709   0.0001283579
15  4   0.0000131197  -0.0000102510   0.0000579818   0.0004991336  -0.0000064031
15  5   0.0262231412   0.0001820143   0.0000049874  -0.0011655938  -0.0000000966
15  6   0.0021331571   0.0000002370  -0.0008625908   0.0000005663   0.0000006486
15  7  -0.0738939943   0.0000270770  -0.0000039114   0.0000041931  -0.0081294420
15  8   0.0009021610   0.0000000886   0.0000011202  -0.0000042401   0.0006576291
15  9  -0.0000008229  -0.0002848405   0.0000000575  -0.0000000367   0.0000017330
15 10   0.0000408587   0.0000000004  -0.0000000085   0.0000000984  -0.0000402292
15 11  -0.0000017426
16  1   0.1265823905   0.3175467961   0.0020774785   0.1408457830   0.1229399731
16  2   0.0651496685   0.1464913954  -0.0026213602  -0.0285213785  -0.0034191014
16  3   0.0003317026  -0.3702686098  -0.0764684216  -0.0006992065   0.0145521389
16  4   0.0319280920  -0.0102586176   0.0475492279   0.6002490981  -0.0289845820
16  5  -0.0028993903   0.0225606401  -0.0410592408  -0.0001241162   0.0012363549
16  6   0.0001532085  -0.0003238870   0.0000455472  -0.0000473768  -0.0040706588
16  7   0.0030486433   0.0000112082  -0.0001006646   0.0001101889   0.0003258692
16  8  -0.0000556172  -0.0000648575  -0.0008629130   0.0100042051  -0.0000210102
16  9   0.0000077955   0.0000106188  -0.0000061699   0.0006796305   0.0006568733
16 10  -0.0000025791  -0.0000022651   0.0000075996  -0.0000330468   0.0000025406
16 11   0.0000028504
17  1  -0.1112514096   0.0464481451   0.0285640534  -0.1841648249   0.1008157016
17  2   0.0549344562   0.0003628989   0.0073729966   0.0005790542   0.1211683352
17  3  -0.0496076324   0.0444355574  -0.2337189853  -0.2675992236  -0.0001356127
17  4   0.1161851886   0.2040301900  -0.0002935570  -0.0009418851   0.0037663688
17  5  -0.6644148006  -0.0037928032  -0.0047375420  -0.0175471702   0.0447619662
17  6   0.0085490011   0.0182217913  -0.0046096681   0.0007603638   0.1639588966
17  7  -0.1327419534   0.0000482810  -0.0000549665  -0.0078033411  -0.0145416179
17  8   0.0003056569   0.0101564599  -0.0005913070   0.0000811713   0.0018409923
17  9  -0.0012913947  -0.0008972899   0.0006764997   0.0000091711   0.0000015839
17 10   0.0000312414  -0.0000199016  -0.0000023354  -0.0000003199   0.0000692104
17 11   0.0000610054
18  1  -0.0773503449   0.0713257872  -0.0951690171  -0.0177528800  -0.0763770849
18  2   0.0167359845  -0.0033386442  -0.0698193272   0.0000069510   0.0275034376
18  3   0.0581505611   0.0153004835  -0.0826942331  -0.0765730148   0.0000230862
18  4   0.0258244670   0.0460084052  -0.0002907848  -0.0036478218   0.0011250552
18  5  -0.1690616333  -0.0010756893  -0.0006918267  -0.0136895611   0.0168587136
18  6   0.0011921483  -0.0498386829   0.0112926847  -0.0181154127  -0.6724751492
18  7   0.5338625173  -0.0001948758  -0.0000716878   0.0209447906   0.0564296536
18  8  -0.0057727325  -0.0349690127  -0.0007211581   0.0000532402  -0.0040015833
18  9   0.0013836836   0.0017221295  -0.0005770535  -0.0000010867  -0.0000125386
18 10  -0.0003374738  -0.0001762155  -0.0000009396  -0.0000011169   0.0003287483
18 11   0.0002576342
19  1   0.0280247841   0.1340295664   0.1583476284   0.0660451166  -0.0634363226
19  2   0.1942263076  -0.1311826972   0.0026342682   0.0740754135   0.0008681672
19  3  -0.0020822652   0.0769120855  -0.0164701714  -0.0281285256  -0.0675149472
19  4   0.0412095654  -0.0439889740  -0.0581663154   0.0310053472  -0.0940176267
19  5   0.0107938433  -0.0004624218   0.0148682377  -0.0484297562  -0.0426123769
19  6  -0.2837992880   0.2891460477   0.0337890272   0.0374129272  -0.0783551192
19  7  -0.0502799838  -0.0303367899  -0.0293670754  -0.0628899892   0.0692966936
19  8  -0.1340770406   0.1398365548  -0.2608906360   0.2583214314   0.0028476939
19  9   0.0030725045   0.0004654580   0.0004308341   0.0002896221  -0.0000986286
19 10  -0.0001530859   0.0001538497  -0.0003228472  -0.0003376219   0.0000385294
19 11  -0.0000352605
20  1  -0.0259397370   0.0015890564  -0.0840221604  -0.1645327203   0.1254496399
20  2   0.0528113664   0.1456424078  -0.0321103720   0.0300960208   0.0431155882
20  3   0.0293976039   0.0039935455   0.2747853736   0.2775901347  -0.0856127894
20  4   0.0751619252  -0.0103344403  -0.0902373833   0.0196600921  -0.1317710957
20  5  -0.0414094237   0.1004431174   0.1201661318  -0.0852143184  -0.0830878384
20  6  -0.1655155243   0.1745799163  -0.0048122420  -0.0026575617  -0.0007300393
20  7   0.0327378139   0.0303710761   0.0303674121   0.0504283153  -0.0538520846
20  8   0.1194140496  -0.1336023047   0.1760054868  -0.1669656255  -0.0030506237
20  9  -0.0037416606   0.0010573207   0.0013800747   0.0002445474  -0.0003469033
20 10   0.0000498804   0.0000312893   0.0000971112   0.0000931644  -0.0001220501
20 11   0.0000945870
21  1   0.0017649526  -0.1945544923  -0.1746062844  -0.0492172152  -0.2040271825
21  2   0.1354391859   0.0538975322   0.0309857115  -0.1880998315  -0.1215443370
21  3  -0.1709657148  -0.0996696495   0.1085689743   0.1846821014  -0.0445058950
21  4   0.0653965342   0.0395180253  -0.0548750227   0.0210684974  -0.0873177584
21  5  -0.0455498067  -0.1511865917  -0.1514657644   0.1529836166   0.1541690323
21  6  -0.0686241718   0.0647110412  -0.0149183733  -0.0144884495  -0.0103017560
21  7  -0.0028055219  -0.0147018898  -0.0147332023  -0.0219362906   0.0230555197
21  8   0.0280379173  -0.0289927193   0.0121846017  -0.0127831215  -0.0007607245
21  9  -0.0007571637   0.0017596378   0.0017680853  -0.0002310065   0.0002200493
21 10  -0.0000273011   0.0000324743   0.0001167575   0.0001218476  -0.0000924590
21 11   0.0000907827
22  1   0.0298820532   0.1561731569   0.2212474432   0.0452313492  -0.1075137421
22  2   0.2097680807  -0.2422422897   0.0042194291   0.0621903522   0.0006889470
22  3  -0.0007845043   0.0610396591   0.0129734113  -0.0001223095  -0.0105574928
22  4   0.0054448072  -0.0085273851   0.0031506499   0.0357618028  -0.0024131802
22  5   0.0022997033  -0.0724448918  -0.0731157962  -0.0002449470  -0.0000080673
22  6   0.0002780171  -0.0003515297   0.0003632101   0.0003773321  -0.0002386907
22  7   0.0002046121   0.0015836840   0.0010013128   0.0003056151  -0.0002606738
22  8   0.0011084572   0.0000675848   0.2699305152  -0.2654021869   0.0000138690
22  9   0.0000088613  -0.0000143766  -0.0000091400  -0.0030947816   0.0026448832
22 10   0.0000005654   0.0000002402   0.0005269230   0.0005329187   0.0000028642
22 11  -0.0000031859
23  1  -0.0314858972   0.0208745629   0.0005927796  -0.1928893218   0.0647962256
23  2   0.0767882875  -0.0014893089  -0.0386098237  -0.0002111674   0.0315121114
23  3   0.0216136790  -0.0263998930   0.3153139220   0.3036755274  -0.0005720380
23  4   0.0236317538   0.0382008050  -0.0000881848   0.0001636471  -0.0001899414
23  5  -0.0459866231  -0.0002585236   0.0005957452  -0.0178705388  -0.0252923461
23  6   0.1570083820  -0.1463614676  -0.0554833086  -0.0557471871  -0.0232987434
23  7  -0.0198026672  -0.0001638744  -0.0001304107  -0.0268127213   0.0319783542
23  8  -0.1422496767   0.1520292382   0.0002536308  -0.0016949902   0.0034125764
23  9   0.0038879096  -0.0041683537  -0.0043617542  -0.0000031461   0.0000029614
23 10  -0.0000338720  -0.0000017615  -0.0000013929  -0.0000013347   0.0002623441
23 11  -0.0002327209
24  1   0.1505957867  -0.0007155138  -0.1761045167  -0.0421106041  -0.1778275656
24  2   0.0782623447   0.0065114677   0.1573698513   0.0007283452   0.0111098706
24  3  -0.0595717393   0.0063565682  -0.0229654598   0.0425521519  -0.0002707481
24  4   0.0236855172   0.0414276878  -0.0000975853  -0.0000480577   0.0006763332
24  5   0.0159232884   0.0002556619  -0.0010849022  -0.0996166313  -0.0986078018
24  6   0.0702101224  -0.0684308663   0.1405736991   0.1405294065  -0.0050310397
24  7   0.0160847473  -0.0000022758   0.0000256999   0.0413183684  -0.0412616062
24  8  -0.0471618583   0.0459185183  -0.0010108196   0.0003508626  -0.0002317618
24  9  -0.0002608770  -0.0032251070  -0.0032127103   0.0000078741  -0.0000052426
24 10   0.0001323367  -0.0001274104  -0.0000029614  -0.0000024732   0.0003497937
24 11  -0.0003244051
25  1  -0.0937622652  -0.1238372708   0.2418724343   0.0105980110  -0.2145428042
25  2   0.3238133248  -0.2606675383   0.0074503551  -0.2506383184  -0.0015695819
25  3  -0.0000214061  -0.2053809231  -0.0438744698  -0.0001411883   0.0031555539
25  4   0.0008054660   0.0111445332   0.0157371400  -0.0483937824   0.0404203884
25  5  -0.0053604995   0.1623371805   0.1558269060  -0.0002318397  -0.0004186112
25  6  -0.0000624817   0.0000365090  -0.0005612550  -0.0005533915  -0.0002781288
25  7  -0.0000617069   0.1066932489   0.1065301955  -0.0005982414   0.0005639538
25  8  -0.0003813117   0.0000342916  -0.0667554973   0.0669775341   0.0002056233
25  9   0.0002071107  -0.0000149025  -0.0000172776  -0.0475325855   0.0429190199
25 10  -0.0000790130   0.0000776921   0.0663213950   0.0665801700   0.0003811466
25 11  -0.0003573628
26  1   0.0769524214  -0.0139626766  -0.0377678611  -0.2046326943   0.0160847650
26  2   0.1063945495   0.0050691798   0.1774975718   0.0018029447   0.2686714280
26  3   0.2693253077  -0.0232079535   0.1314315809   0.0565913065   0.0003411191
26  4  -0.0323810981  -0.0566955019   0.0001667026  -0.0000649959  -0.0008517501
26  5  -0.0318442262  -0.0001566888   0.0019090803   0.1552225591   0.1526452544
26  6   0.0028591166  -0.0151844556   0.1345376765   0.1338263509  -0.0247044487
26  7  -0.0681328306  -0.0001991736  -0.0002832128  -0.0923250240   0.0909657699
26  8   0.0805814682  -0.0788412894   0.0003823552   0.0005493124  -0.0359682817
26  9  -0.0360548300  -0.0404101264  -0.0403165532  -0.0000004101   0.0000009096
26 10   0.0103918293  -0.0104005250  -0.0002858542  -0.0002794415   0.0651387377
26 11  -0.0597354072
27  1   0.1959746244  -0.0145141747  -0.1921011440  -0.0469077858  -0.1978156026
27  2   0.0902913361   0.0092763700   0.2480980146   0.0023369455   0.1097596575
27  3   0.0416687970   0.0097775734  -0.1182778233  -0.0842129002   0.0000833775
27  4   0.0006135319   0.0024322088   0.0000637053  -0.0000009120   0.0005104823
27  5   0.0462295083  -0.0001488058  -0.0016351616  -0.0976715087  -0.0964771220
27  6  -0.0119613270   0.0223556025  -0.2641920220  -0.2641987632   0.0177454335
27  7  -0.0164704303  -0.0003043808  -0.0003440135  -0.0583156440   0.0589149412
27  8   0.0643718187  -0.0628883815   0.0003440605   0.0004522284   0.0904293939
27  9   0.0903141145  -0.0120743700  -0.0121817446   0.0001114237  -0.0001013631
27 10  -0.0278402999   0.0278147176  -0.0002841879  -0.0002828057   0.0255987102
27 11  -0.0234780970
28  1  -0.1268571906  -0.2672122269   0.0062658180   0.0827112409  -0.0689144538
28  2   0.2885164671   0.1464836023  -0.0023435186  -0.0285003153   0.0034308028
28  3   0.0005096646   0.3702767271   0.0767069606  -0.0008426824   0.0146450432
28  4  -0.0319032295   0.0102645980   0.0475571547   0.6001921933   0.0290552867
28  5  -0.0029261146   0.0225561829   0.0410426970  -0.0000966013  -0.0012124727
28  6   0.0001484241   0.0003194008   0.0000417937   0.0000465185   0.0040458208
28  7   0.0030403449   0.0000113655   0.0001008821  -0.0001097318   0.0003261244
28  8  -0.0000551464   0.0000518693   0.0008128883   0.0100092116  -0.0000214361
28  9  -0.0000081001   0.0000109864   0.0000064794  -0.0007433920   0.0005836167
28 10  -0.0000025862   0.0000022340  -0.0000074717  -0.0000330780   0.0000027366
28 11  -0.0000025496
29  1   0.1119465812  -0.0251251251  -0.0497700079  -0.2085545614   0.0000768847
29  2   0.1160651355   0.0003465470   0.0073745392   0.0006537206  -0.1211827546
29  3  -0.0496267148  -0.0443246857   0.2337549097  -0.2678032450   0.0004185782
29  4  -0.1159751971  -0.2041754878  -0.0003496920  -0.0010235135  -0.0039719061
29  5  -0.6644032354  -0.0038037616   0.0045900927  -0.0175578553  -0.0447540760
29  6   0.0085489296  -0.0182197860  -0.0046110649  -0.0007545820  -0.1639578322
29  7  -0.1327415797   0.0000421297   0.0000404607   0.0078183986  -0.0145321087
29  8   0.0003058302  -0.0101561148   0.0005824165   0.0000690315   0.0018440460
29  9   0.0012868217  -0.0008974693  -0.0006761603  -0.0000091834   0.0000006842
29 10   0.0000312459   0.0000198898   0.0000023512  -0.0000003056   0.0000742086
29 11  -0.0000547862
30  1  -0.0197110039   0.0562564808  -0.1149637806  -0.0236114116  -0.1008224231
30  2   0.0310218011  -0.0033400847  -0.0698194934   0.0000235999  -0.0274884297
30  3   0.0581418040  -0.0153222221   0.0827053974  -0.0766134947   0.0001829889
30  4  -0.0257668112  -0.0460521118  -0.0002862735  -0.0036639404  -0.0011803651
30  5  -0.1690591015  -0.0010815210   0.0006551865  -0.0136931986  -0.0168547570
30  6   0.0011871395   0.0498384865   0.0113158415   0.0181009690   0.6724686638
30  7   0.5338700351  -0.0001757354   0.0001284541  -0.0210031505   0.0564056368
30  8  -0.0057736750   0.0349670846   0.0007159744   0.0001007297  -0.0040048367
30  9  -0.0013736481   0.0017222971   0.0005763615   0.0000012785  -0.0000116656
30 10  -0.0003374397   0.0001762189   0.0000011118  -0.0000009830   0.0003497471
30 11  -0.0002282513
31  1   0.0285245191   0.1352523638   0.1585852053   0.0660767746  -0.0632357008
31  2   0.1938529781  -0.1317279650   0.0008492672   0.0748645306   0.0007659327
31  3   0.0009597461   0.0726951148   0.0418639689   0.0261821300  -0.0672657445
31  4   0.0445431010  -0.0383331268  -0.0578092596   0.0306468468  -0.0935833658
31  5  -0.0088532777  -0.0000075258   0.0161677074   0.0495546652   0.0426919251
31  6   0.2832525581  -0.2881061447  -0.0339576995  -0.0376667945   0.0789966308
31  7   0.0497690510  -0.0298508833  -0.0288963084   0.0625680719  -0.0690600902
31  8   0.1319043929  -0.1400761631  -0.2622375353   0.2623455062  -0.0028722967
31  9  -0.0030921417  -0.0004470693  -0.0004177228   0.0002798883  -0.0000901475
31 10   0.0001529887  -0.0001539156  -0.0003225247  -0.0003374525  -0.0000410882
31 11   0.0000379756
32  1  -0.0310876098   0.0382672652   0.0831847735  -0.2219176846   0.0014114444
32  2   0.1024128382  -0.1482816825  -0.0263082825  -0.0301286647   0.0412149004
32  3   0.0278736327  -0.0508200255   0.2748758857   0.2812887152   0.0846127713
32  4  -0.0312404965   0.0821747514   0.0902004563  -0.0191894270   0.1319379375
32  5  -0.0377839314  -0.1008146165  -0.1202655810  -0.0854836940  -0.0817468668
32  6  -0.1658611173   0.1744548050  -0.0047411627  -0.0025437954  -0.0006811027
32  7   0.0324316070  -0.0299651800  -0.0299390981   0.0502644417  -0.0537050053
32  8   0.1176884984  -0.1331431708  -0.1763624439   0.1700690821  -0.0030591595
32  9  -0.0037391397   0.0010612885   0.0013722080  -0.0002407695   0.0003397046
32 10   0.0000498464   0.0000289615  -0.0000948399  -0.0000926208  -0.0001227513
32 11   0.0000968246
33  1   0.1813336972   0.2314036928  -0.1354680770  -0.0222934248  -0.0987016537
33  2  -0.0111766674  -0.0492795340   0.0297242432   0.1876350210  -0.1196397448
33  3  -0.1726105207   0.0946722629   0.1472295218   0.1863522135   0.0437682281
33  4   0.0072301207   0.0843986529   0.0549374138  -0.0210577747   0.0886889322
33  5  -0.0535756697   0.1506139469   0.1519082381   0.1525829527   0.1519882738
33  6  -0.0696193930   0.0663605246  -0.0146798737  -0.0142831480  -0.0100150969
33  7  -0.0031048251   0.0148496875   0.0148221651  -0.0223822195   0.0235077490
33  8   0.0270742813  -0.0282382325  -0.0107783239   0.0117680484  -0.0007466256
33  9  -0.0007438371   0.0017670190   0.0017777214   0.0002304602  -0.0002191775
33 10  -0.0000285978   0.0000348672  -0.0001147555  -0.0001189877  -0.0000930794
33 11   0.0000905677
34  1  -0.1032161129  -0.1344406996   0.2815290268  -0.0049023728  -0.2502484969
34  2   0.3429281319  -0.3305163924   0.0090520180  -0.2999989478  -0.0027837111
34  3   0.0000109589  -0.2888992009  -0.0553886161   0.0022765722   0.2090056854
34  4  -0.2009733237   0.2027969703  -0.1833688167   0.0288276658  -0.1375534502
34  5  -0.0106034303   0.2844528790   0.2825750557   0.0119591218   0.0113536149
34  6  -0.0089765157   0.0093584325  -0.0157568890  -0.0155717921   0.0059244499
34  7   0.0294620533  -0.0938811875  -0.0938080986   0.0507891901  -0.0503480846
34  8  -0.0499168183   0.0494744862   0.0794665217  -0.0803663265   0.1133947577
34  9   0.1134188492   0.2734326939   0.2732448531   0.0574508239  -0.0518762938
34 10   0.3379092843  -0.3379899840  -0.4057316518  -0.4072865063   0.2517671597
34 11  -0.2307529440
35  1   0.0825864846  -0.0030137531   0.0204870280  -0.2263505403  -0.0324740541
35  2   0.1265139752  -0.1034772074   0.1933408242  -0.0401799491   0.2821788386
35  3   0.2870509592  -0.1190199754   0.1109079515   0.0412169001   0.3254052703
35  4  -0.3572981062   0.2350590073  -0.3176859608   0.1354891311  -0.2913384419
35  5  -0.0417006337   0.1313341251   0.1410879587   0.2130340438   0.2105765868
35  6  -0.0494731114   0.0359173722   0.0836680550   0.0833311083  -0.0108197395
35  7   0.0121766135  -0.2052815915  -0.2050228081   0.0552596545  -0.0562589037
35  8  -0.0673738973   0.0691440052   0.1411081383  -0.1419199304   0.0619871722
35  9   0.0622559456   0.3793842151   0.3791657789   0.1867821036  -0.1685718639
35 10  -0.2232587459   0.2233339729   0.2832498864   0.2843498087  -0.1608673960
35 11   0.1474277135
36  1   0.3008596618   0.1280111072  -0.1918946683  -0.0413338732  -0.1770794808
36  2   0.0476040347  -0.0227689767   0.3212186023   0.1661381214   0.1926154701
36  3   0.1367733397   0.1549879697  -0.1416332780  -0.1920498900   0.1180901653
36  4  -0.1479800622   0.0536144638  -0.1290432312   0.1155756131  -0.1476258203
36  5   0.0432305439  -0.2554022371  -0.2524843699   0.1023634246   0.1066920894
36  6  -0.2253768449   0.2298169513  -0.4280314882  -0.4268486952   0.0351810684
36  7   0.1535455056   0.4197362570   0.4195530025   0.2741511405  -0.2745550737
36  8  -0.2893815964   0.2904934103  -0.2730729075   0.2741342137  -0.3761477811
36  9  -0.3749106935   0.0134809402   0.0136034045   0.2907192754  -0.2621627032
36 10   0.0361587097  -0.0361782041  -0.0503125256  -0.0505052424   0.0328272955
36 11  -0.0300799584
37  1  -0.1423404272  -0.2555682250   0.1734417888   0.0228221516  -0.2012777380
37  2   0.3477280438  -0.1322182665   0.0052405890  -0.3341362308  -0.0015109843
37  3   0.0006997302  -0.2259260209  -0.0599586111  -0.0057331528  -0.3823616240
37  4   0.3817333178  -0.3407395513   0.4070895763  -0.2512637677   0.4234009579
37  5  -0.0086309887   0.2732822261   0.2590609146  -0.0005778455  -0.0013353845
37  6   0.0006400681  -0.0004817722  -0.0000638999  -0.0000756951   0.0003768370
37  7  -0.0008409036  -0.1750784034  -0.1748689097  -0.0006775444   0.0007339195
37  8   0.0024209025  -0.0016122660   0.1574619206  -0.1542161610  -0.0003094748
37  9  -0.0003136507  -0.0010401210  -0.0010269658   0.5519156157  -0.4979799202
37 10   0.0015221951  -0.0015218595   0.0139250179   0.0139983172  -0.0022121404
37 11   0.0020274894
38  1   0.1214498364  -0.0282239128  -0.0533478284  -0.2095080480  -0.0040270494
38  2   0.1185931374   0.0074107046   0.2634781339   0.0025399164   0.3641311326
38  3   0.3762273994  -0.0237087449   0.0682421929  -0.0529896850   0.0016376550
38  4  -0.0619330557  -0.1051011843  -0.0004503774   0.0001935950  -0.0020825574
38  5  -0.0345586247   0.0000046957   0.0035618969   0.3776558355   0.3773665809
38  6  -0.2408717439   0.2282132419  -0.0200612664  -0.0181575939   0.0362745366
38  7   0.1864519958   0.0003473832   0.0005798919   0.2671560816  -0.2629301625
38  8  -0.2215336829   0.2107640579  -0.0011288223  -0.0014636949   0.2830643080
38  9   0.2824807262  -0.1789770980  -0.1792236299  -0.0016475383   0.0014946662
38 10   0.3220984464  -0.3220767599   0.0010644679   0.0010204936  -0.4589123046
38 11   0.4209403480
39  1   0.1415343996   0.0038063563  -0.1725337032  -0.0409839378  -0.1731583755
39  2   0.0751464337   0.0056179846   0.1416640798   0.0019292555  -0.0086305413
39  3  -0.0898281265   0.0102592602  -0.0385251800   0.0485649038   0.0007870809
39  4   0.0339936253   0.0628106162  -0.0015049801   0.0009074122  -0.0002881069
39  5   0.0450313555  -0.0010273157  -0.0042126278  -0.3671668462  -0.3691686045
39  6   0.2838852005  -0.2716053907  -0.0757922325  -0.0786341855  -0.0504380696
39  7  -0.3130729171   0.0006828898   0.0002721824  -0.4877776986   0.4827762408
39  8   0.4171644055  -0.4007050565   0.0009041567   0.0040403991  -0.3085145696
39  9  -0.3079926791   0.1664923298   0.1668397455  -0.0013919298   0.0012450952
39 10   0.2544084322  -0.2542744237   0.0008646751   0.0008252469  -0.3815004032
39 11   0.3499373616
40  1  -0.1036474416  -0.1355361580   0.2811828603  -0.0048820708  -0.2503196681
40  2   0.3432118379  -0.3298129370   0.0098651421  -0.3009125758  -0.0018830764
40  3  -0.0004589977  -0.2891007316  -0.0586830006   0.0031165029   0.2068412573
40  4  -0.1977904463   0.2027140509  -0.1811772415   0.0274770546  -0.1352992911
40  5  -0.0077793599   0.2856427222   0.2835365233  -0.0114531004  -0.0118867695
40  6   0.0074941047  -0.0077737182   0.0131681815   0.0129993448  -0.0053802513
40  7  -0.0285402527  -0.0958592506  -0.0958674482  -0.0482537587   0.0478841276
40  8   0.0492366678  -0.0478874127   0.0810014011  -0.0807152715  -0.1156122936
40  9  -0.1156294269  -0.2720299436  -0.2718383735   0.0534170393  -0.0482208856
40 10  -0.3384972378   0.3385889403  -0.4054296400  -0.4070518825  -0.2541570806
40 11   0.2330423681
41  1   0.0864050028  -0.0297909538  -0.1015135295  -0.1844947803   0.0579840259
41  2   0.0903467068   0.1147059147   0.1883787026   0.0441795277   0.2848160104
41  3   0.2887855326   0.0719624612   0.1352435134   0.0310246895  -0.3253307946
41  4   0.2805759593  -0.3711287146   0.3188655387  -0.1359540886   0.2900612992
41  5  -0.0335552861  -0.1321050341  -0.1368614160   0.2138438108   0.2120459416
41  6  -0.0497855986   0.0360465022   0.0838828531   0.0835533039  -0.0116970128
41  7   0.0127391622   0.2056873037   0.2055010335   0.0545602121  -0.0557044960
41  8  -0.0706022716   0.0708053843  -0.1417040927   0.1407476404   0.0623295841
41  9   0.0626041040   0.3813650123   0.3811364923  -0.1851381059   0.1670654539
41 10  -0.2218099279   0.2218925803  -0.2808812001  -0.2820159180  -0.1611899147
41 11   0.1477915474
42  1   0.1697137829  -0.1826787231  -0.2203927510  -0.0609587837  -0.2538478236
42  2   0.1545200435   0.0462295796   0.3220361176  -0.1601218199   0.1899995063
42  3   0.1372343820  -0.1363715621  -0.2141000221  -0.1951318230  -0.1183665949
42  4   0.0925569368  -0.1492595475   0.1308393447  -0.1163463743   0.1488870660
42  5   0.0276489720   0.2548779787   0.2519114531   0.1017344856   0.1043445001
42  6  -0.2247905643   0.2297291598  -0.4279674790  -0.4268081576   0.0372293458
42  7   0.1528921692  -0.4193134063  -0.4186642331   0.2763179543  -0.2764165226
42  8  -0.2838466479   0.2880296007   0.2715074879  -0.2793342317  -0.3754131257
42  9  -0.3741840997   0.0166785575   0.0167966514  -0.2908318914   0.2622680797
42 10   0.0384124255  -0.0384328376   0.0528749078   0.0530879297   0.0347628177
42 11  -0.0318676201
43  1   0.1033969277   0.1859415053  -0.2727880134   0.2284271312   0.3043260236
43  2   0.0104470751  -0.3297170668   0.0098314820  -0.3009133628   0.0015542896
43  3   0.0000490460   0.2891300346   0.0575772800   0.0047961516   0.2065012987
43  4   0.1979529433  -0.2020201146  -0.1808790121   0.0271720223   0.1351084449
43  5  -0.0074799685   0.2855975272  -0.2835179041  -0.0112917157   0.0117298180
43  6   0.0073987682   0.0076923726   0.0131109351  -0.0129762309   0.0053926918
43  7  -0.0285619831  -0.0957351619   0.0959528679   0.0480469124   0.0477807655
43  8   0.0492028603   0.0478686771  -0.0804903608  -0.0809757757  -0.1153850860
43  9   0.1159662603  -0.2716534426   0.2716462575  -0.0480530974  -0.0533034289
43 10  -0.3386688614  -0.3386885281   0.4071048519  -0.4055398859  -0.2333591215
43 11  -0.2544173152
44  1  -0.0857371002   0.0511569318   0.0804787029  -0.2082782273   0.0427974421
44  2   0.0806952427   0.1149300434   0.1883149706   0.0444189932  -0.2847009522
44  3   0.2887736675  -0.0724666950  -0.1334796715   0.0286003854  -0.3255280805
44  4  -0.2813690951   0.3706763002   0.3189231996  -0.1356342626  -0.2902482149
44  5  -0.0336027156  -0.1322874126   0.1370511159   0.2138666291  -0.2121569518
44  6  -0.0498051512  -0.0360809062   0.0837402091  -0.0836266551   0.0116553241
44  7   0.0129016224   0.2055316618  -0.2058015056  -0.0544455634  -0.0557102929
44  8  -0.0708027877  -0.0710327241   0.1409309868   0.1413178052   0.0622526488
44  9  -0.0628325135   0.3813882081  -0.3814164051   0.1671352892   0.1853164341
44 10  -0.2215862791  -0.2216216826   0.2816322954  -0.2805603826  -0.1477850853
44 11  -0.1611132470
45  1  -0.2665562030   0.3106626976   0.0102825982   0.0196160817   0.0767315904
45  2  -0.1068934760   0.0462178074   0.3218339877  -0.1600594090  -0.1899863716
45  3   0.1373735379   0.1362169441   0.2148179202  -0.1958377263  -0.1181869117
45  4  -0.0926798469   0.1489717130   0.1309223082  -0.1163781818  -0.1490587607
45  5   0.0280212270   0.2547637666  -0.2518219838   0.1017399789  -0.1043923164
45  6  -0.2248079532  -0.2297929996  -0.4274336163   0.4273721894  -0.0371911286
45  7   0.1526742870  -0.4187304427   0.4190437259  -0.2762810321  -0.2769843682
45  8  -0.2835852069  -0.2877237849  -0.2706622987  -0.2812412195  -0.3744523764
45  9   0.3750524055   0.0166719508  -0.0167966048   0.2624030559   0.2907449572
45 10   0.0385097489   0.0385219573  -0.0531824220   0.0529794201   0.0319690758
45 11   0.0348461220
46  1   0.1420705371   0.3059156149  -0.1650933156   0.2007342240   0.2553031740
46  2   0.0059351998  -0.1322112807   0.0050426786  -0.3341267518   0.0013019097
46  3   0.0010825684   0.2259089135   0.0621396330  -0.0084505993  -0.3820462841
46  4  -0.3824296787   0.3400628368   0.4069883822  -0.2509890854  -0.4235373433
46  5  -0.0081329775   0.2732692640  -0.2590744176  -0.0003240478   0.0010897848
46  6   0.0005053494   0.0003494194  -0.0001041317   0.0001152195  -0.0003758610
46  7  -0.0008960487  -0.1748822564   0.1750638617   0.0005089129   0.0005662304
46  8   0.0025277863   0.0017490730  -0.1567032527  -0.1549661272  -0.0002023437
46  9   0.0002075931  -0.0010093071   0.0009885789  -0.4979050164  -0.5519825471
46 10   0.0018155718   0.0018147504  -0.0139820614   0.0139457319  -0.0024111159
46 11  -0.0026279811
47  1  -0.1207614674   0.0495666073   0.0322268644  -0.1832395347   0.1048595993
47  2   0.0524300670   0.0074750320   0.2634370734   0.0028288909  -0.3640704213
47  3   0.3763451769   0.0232246645  -0.0682729483  -0.0528563094   0.0016594606
47  4   0.0622475158   0.1048218395  -0.0007101901   0.0004420777   0.0023620983
47  5  -0.0345536391  -0.0002057946  -0.0033653671   0.3775620590  -0.3774363712
47  6  -0.2408430592  -0.2282339134  -0.0200409271   0.0181864256  -0.0362744396
47  7   0.1864436929   0.0005712177  -0.0007761071  -0.2668635518  -0.2632203125
47  8  -0.2215239414  -0.2107620319   0.0008681447  -0.0017705180   0.2823662108
47  9  -0.2831627621  -0.1789111906   0.1792795653   0.0017872556   0.0019872357
47 10   0.3221398103   0.3220495213  -0.0012705617   0.0012162491  -0.4208579317
47 11  -0.4590052870
48  1  -0.2385022691   0.1239873517  -0.0375809165  -0.0003673221  -0.0039902567
48  2  -0.0274608086   0.0056115943   0.1416625860   0.0019578524   0.0086105002
48  3  -0.0898496944  -0.0102235789   0.0384931006   0.0485144868   0.0009982823
48  4  -0.0339596741  -0.0628393455  -0.0016082516   0.0009011486   0.0003991717
48  5   0.0450406151  -0.0010857766   0.0042643150  -0.3670950690   0.3692556708
48  6   0.2838681153   0.2716461562  -0.0756901999   0.0787304002   0.0504400813
48  7  -0.3130772394   0.0005443172  -0.0001845685   0.4872772964   0.4833424166
48  8   0.4171730416   0.4007281127  -0.0001575520   0.0048921960  -0.3077729260
48  9   0.3087556045   0.1664417324  -0.1669024730   0.0014359115   0.0015829548
48 10   0.2544251889   0.2542370116  -0.0010406735   0.0009928781  -0.3498432493
48 11  -0.3815576401
49  1   0.1029337848   0.1847460280  -0.2732274388   0.2284717890   0.3042985523
49  2   0.0107332192  -0.3305931353   0.0090229898  -0.2999740866   0.0024560681
49  3   0.0005172426   0.2889860805   0.0542660099   0.0039853057   0.2091813384
49  4   0.2016574587  -0.2025821770  -0.1835901998   0.0287781829   0.1378542742
49  5  -0.0103086676   0.2844598773  -0.2826204311   0.0121140123  -0.0115141994
49  6  -0.0090697421  -0.0094412302  -0.0157778571   0.0156324632  -0.0059123029
49  7   0.0294404462  -0.0937910705   0.0939327681  -0.0508912964  -0.0505635521
49  8  -0.0499514123  -0.0494981607  -0.0791896261  -0.0808777798   0.1130619981
49  9  -0.1136401199   0.2736220939  -0.2736211527  -0.0519594339  -0.0576422526
49 10   0.3378075630   0.3378163921   0.4072413447  -0.4056058191   0.2306256078
49 11   0.2513328778
50  1  -0.0818882430   0.0243700371  -0.0415323381  -0.1664258403   0.1332417032
50  2   0.0445363344  -0.1032503210   0.1933463062  -0.0399237927  -0.2822151992
50  3   0.2872709904   0.1185975821  -0.1127219251   0.0437433854   0.3248077740
50  4   0.3577386317  -0.2342809815  -0.3174898538   0.1353042852   0.2913663889
50  5  -0.0416376057   0.1311158633  -0.1408948473   0.2129292019  -0.2105682399
50  6  -0.0494654114  -0.0359117789   0.0835709215  -0.0834475636   0.0108600069
50  7   0.0120222749  -0.2049517393   0.2051552334  -0.0552724887  -0.0563952362
50  8  -0.0671918216  -0.0689399659  -0.1404771999  -0.1426798826   0.0617383164
50  9  -0.0623100850   0.3791019256  -0.3791444727  -0.1683962728  -0.1867269719
50 10  -0.2235267302  -0.2235544886  -0.2847135794   0.2835845692  -0.1475722898
50 11  -0.1608087648
51  1  -0.3977834338   0.0000000000  -0.0181862962   0.0000000000   0.0000000000
51  2   0.0000000000  -0.0227761888   0.3213704230   0.1661924286  -0.1925977461
51  3   0.1367042913  -0.1551402692   0.1409346195  -0.1911748862   0.1180149064
51  4   0.1482959282  -0.0534236721  -0.1288725161   0.1153943419   0.1475311265
51  5   0.0428663879  -0.2554977218   0.2526057042   0.1022970627  -0.1066728937
51  6  -0.2253073147  -0.2297981921  -0.4274762873   0.4273913429  -0.0352183128
51  7   0.1537579459   0.4193917880  -0.4201213353  -0.2736063979  -0.2746164920
51  8  -0.2896443152  -0.2908223169   0.2712102843   0.2748336347  -0.3752797758
51  9   0.3758757099   0.0134524742  -0.0135887221  -0.2622565320  -0.2905780775
51 10   0.0360832959   0.0360950966   0.0504270472  -0.0502244292   0.0300298217
51 11   0.0327181141
$end
