$jbas
*
c aug-cc-pVTZ
# c     (12s5p4d2f1g) / [6s4p3d1f1g]     {711111/2111/211/2/1}
*
   7  s
  1861.0916331      0.74417100000E-01
  642.99397640      0.16539570000
  235.11057250      0.55764840000
  90.702889400       1.3108298000
  36.779455200       2.1694681000
  15.604627300       1.7668846000
  6.8907294000      0.29307690000
   1  s
  3.1478850000     -0.17087020000
   1  s
  1.4777287000      0.16415530000
   1  s
 0.70764660000      0.41499410000
   1  s
 0.34301220000      0.16243660000
   1  s
 0.16694530000      0.20767500000E-01
   2  p
  13.547289200     -0.20647700000E-01
  5.4669419000     -0.11528200000E-01
   1  p
  2.1751721000      0.45591400000E-01
   1  p
 0.85821940000      0.28360000000E-02
   1  p
 0.33767200000      0.18187500000E-01
   2  d
  5.9287253000     -0.22594800000E-01
  1.9809209000     -0.47682700000E-01
   1  d
 0.80554170000     -0.36537200000E-01
   1  d
 0.35312440000     -0.14541700000E-01
   2  f
  1.6755626000      0.88798000000E-02
 0.59975360000      0.69903000000E-02
   1  g
  1.0024600000     -0.22192000000E-02
*
s aug-cc-pVTZ
# s     (14s5p5d2f1g) / [8s4p3d1f1g]     {71111111/2111/311/2/1}
*
   7  s
  7399.0303145      0.72279330000
  2710.1675859       1.3706745000
  1034.3279062       4.3217500000
  410.46454110       8.7624644000
  168.97625020       10.528990900
  71.968788900       3.0836598000
  31.617268300      -1.5821203000
   1  s
  14.279683600       4.4920092000
   1  s
  6.6060948000       5.6247567000
   1  s
  3.1181477000      0.23311330000
   1  s
  1.4954039000     -0.45274010000
   1  s
 0.72547790000      0.67316170000
   1  s
 0.35442160000      0.40156530000
   1  s
 0.17355250000      0.61036900000E-01
   2  p
  12.699879900      0.45797100000E-01
  4.4295784000     -0.39496800000E-01
   1  p
  1.5232889000      0.35733800000E-01
   1  p
 0.51946670000     -0.40859000000E-02
   1  p
 0.17665470000     -0.36880000000E-02
   3  d
  16.854646100      0.26323600000E-01
  5.0810461000     -0.19077300000E-01
  1.5102323000      0.21366800000E-01
   1  d
 0.44513310000      0.21936900000E-01
   1  d
 0.13083620000      0.16925000000E-02
   2  f
  1.0809860000       1.0000000000
 0.41614740000       1.0000000000
   1  g
 0.67071000000     -0.44361000000E-02
*
o aug-cc-pVTZ
# o     (12s5p4d2f1g) / [6s4p3d1f1g]     {711111/2111/211/2/1}
*
   7  s
  2876.8216605      0.14435580000
  1004.7443032      0.29200410000
  369.75799540       1.0258517000
  142.94424040       2.2875516000
  57.836642500       3.6080237000
  24.386498300       2.3737865000
  10.662266200      0.48941400000E-01
   1  s
  4.8070437000     -0.12951860000
   1  s
  2.2210770000      0.77471580000
   1  s
  1.0447795000      0.76478160000
   1  s
 0.49684250000      0.23698030000
   1  s
 0.23713840000      0.20809900000E-01
   2  p
  64.261338200     -0.12665900000E-01
  16.300607600     -0.37874400000E-01
   1  p
  4.3550542000      0.63807800000E-01
   1  p
  1.2019554000      0.16951600000E-01
   1  p
 0.33541960000      0.65743000000E-02
   2  d
  9.2146611000     -0.59791400000E-01
  2.8435251000     -0.84672400000E-01
   1  d
 0.99557590000     -0.46606600000E-01
   1  d
 0.36494410000     -0.96978000000E-02
   2  f
  2.6420115000       1.0000000000
 0.73456130000       1.0000000000
   1  g
  1.3931000000     -0.16533000000E-02
*
h aug-cc-pVTZ
# h     (5s2p1d) / [3s1p1d]     {311/2/1}
*
   3  s
  15.675292700      0.18688600000E-01
  3.6063578000      0.63167000000E-01
  1.2080016000      0.12046090000
   1  s
 0.47267940000      0.59248500000E-01
   1  s
 0.20181000000      0.51272000000E-02
   2  p
  2.0281365000       1.0000000000
 0.53587300000       1.0000000000
   1  d
  2.2165124000      0.33116000000E-02
*
np def-TZVPP
# np    (18s7p7d6f6g3h5i) / [14s7p7d6f5g2h2i]
# {51111111111111/1111111/1111111/111111/21111/21/41}
*
   5  s
  17373.635659      0.89190000000E-02
  4289.6801859     -0.20219600000E-01
  2187.9513375      0.77033200000E-01
  1102.1598816     -0.67313300000E-01
  542.92611440      0.85572500000E-01
   1  s
  254.41877180     -0.11623700000E-01
   1  s
  127.20938590     -0.15789860000
   1  s
  63.604692900      0.84820880000
   1  s
  31.802346500      -4.0440681000
   1  s
  16.924128700       13.541425700
   1  s
  8.4620643000      -26.870139200
   1  s
  4.2310322000       18.909058600
   1  s
  2.1155161000       1.1825375000
   1  s
  1.0577580000       2.3562677000
   1  s
 0.52887900000       1.2720239000
   1  s
 0.26443950000      0.25200800000E-01
   1  s
 0.13091070000      0.16005200000
   1  s
 0.66771000000E-01  0.23449100000E-01
   1  p
  8.0632439000      0.25972200000E-01
   1  p
  3.6575555000     -0.56323800000E-01
   1  p
  1.6382073000      0.22219100000E-01
   1  p
 0.73488860000     -0.11829000000E-01
   1  p
 0.33003260000     -0.13311300000E-01
   1  p
 0.16633760000      0.28493500000E-01
   1  p
 0.83834700000E-01 -0.23949000000E-02
   1  d
  21.377936600     -0.51968000000E-02
   1  d
  6.2478007000      0.10681100000E-01
   1  d
  2.9458380000      0.70468000000E-02
   1  d
  1.1118712000     -0.23009200000E-01
   1  d
 0.44343500000      0.94363000000E-02
   1  d
 0.19280990000      0.14568400000E-01
   1  d
 0.75560300000E-01  0.14300000000E-03
   1  f
  4.7843378000      0.18732000000E-02
   1  f
  2.3031409000      0.13789000000E-02
   1  f
  1.1310398000     -0.26802000000E-02
   1  f
 0.48322280000      0.31930000000E-03
   1  f
 0.23731380000     -0.32541000000E-02
   1  f
 0.11425050000      0.48030000000E-03
   2  g
  6.8852993000      0.39046000000E-02
  2.9398047000      0.15011500000E-01
   1  g
  1.2555614000      0.35467000000E-02
   1  g
 0.53634700000     -0.12506000000E-02
   1  g
 0.22914310000     -0.17293000000E-02
   1  g
 0.97900600000E-01  0.15000000000E-04
   2  h
  6.8031467000     -0.56100000000E-02
 0.88335140000      0.59632000000E-02
   1  h
 0.27708120000      0.55180000000E-03
   4  i
  10.081703200      0.39809000000E-02
  4.5058793000      0.14105500000E-01
  1.9254964000      0.77186000000E-02
 0.82282340000      0.13513000000E-02
   1  i
 0.35161780000      0.22880000000E-03
*
$jkbas
*
c aug-cc-pVTZ
# c     (10s7p5d2f1g) / [10s7p5d2f1g]     {1111111111/1111111/11111/11/1}
*
   1  s
  1113.9867719       1.0000000000
   1  s
  369.16234180       1.0000000000
   1  s
  121.79275232       1.0000000000
   1  s
  48.127114540       1.0000000000
   1  s
  20.365074004       1.0000000000
   1  s
  8.0883596856       1.0000000000
   1  s
  2.5068656570       1.0000000000
   1  s
  1.2438537380       1.0000000000
   1  s
 0.48449899601       1.0000000000
   1  s
 0.19185160296       1.0000000000
   1  p
  102.99176249       1.0000000000
   1  p
  28.132594009       1.0000000000
   1  p
  9.8364318173       1.0000000000
   1  p
  3.3490544980       1.0000000000
   1  p
  1.4947618613       1.0000000000
   1  p
 0.57690108899       1.0000000000
   1  p
 0.20320063291       1.0000000000
   1  d
  10.594068356       1.0000000000
   1  d
  3.5997195366       1.0000000000
   1  d
  1.3355691094       1.0000000000
   1  d
 0.51949764954       1.0000000000
   1  d
 0.19954125200       1.0000000000
   1  f
  1.1948663384       1.0000000000
   1  f
 0.41586633837       1.0000000000
   1  g
 0.85886633837       1.0000000000
*
s aug-cc-pVTZ
# s     (13s11p9d3f1g) / [13s11p9d3f1g]
# {1111111111111/11111111111/111111111/111/1}
*
   1  s
  6402.4580816       1.0000000000
   1  s
  1704.9249408       1.0000000000
   1  s
  598.09038904       1.0000000000
   1  s
  225.90920364       1.0000000000
   1  s
  94.426261909       1.0000000000
   1  s
  37.222420840       1.0000000000
   1  s
  18.259106532       1.0000000000
   1  s
  8.7937857291       1.0000000000
   1  s
  4.4619424717       1.0000000000
   1  s
  2.2735987703       1.0000000000
   1  s
 0.78075394724       1.0000000000
   1  s
 0.48191153763       1.0000000000
   1  s
 0.21573555055       1.0000000000
   1  p
  796.16481618       1.0000000000
   1  p
  226.17928266       1.0000000000
   1  p
  85.598645757       1.0000000000
   1  p
  36.268978384       1.0000000000
   1  p
  16.325207000       1.0000000000
   1  p
  7.6145421568       1.0000000000
   1  p
  3.3388129956       1.0000000000
   1  p
  1.8665221526       1.0000000000
   1  p
 0.94025159837       1.0000000000
   1  p
 0.51521255747       1.0000000000
   1  p
 0.26318380469       1.0000000000
   1  d
  190.55658672       1.0000000000
   1  d
  60.346801430       1.0000000000
   1  d
  25.141967063       1.0000000000
   1  d
  12.146768196       1.0000000000
   1  d
  6.2993488132       1.0000000000
   1  d
  3.0706106656       1.0000000000
   1  d
  1.2911977798       1.0000000000
   1  d
 0.56678602865       1.0000000000
   1  d
 0.24192419172       1.0000000000
   1  f
  3.3096133000       1.0000000000
   1  f
 0.39560380031       1.0000000000
   1  f
 0.94560380032       1.0000000000
   1  g
 0.68360380032       1.0000000000
*
o aug-cc-pVTZ
# o     (10s7p5d2f1g) / [10s7p5d2f1g]     {1111111111/1111111/11111/11/1}
*
   1  s
  1517.8667506       1.0000000000
   1  s
  489.67952008       1.0000000000
   1  s
  176.72118665       1.0000000000
   1  s
  63.792233137       1.0000000000
   1  s
  25.366499130       1.0000000000
   1  s
  9.9135491200       1.0000000000
   1  s
  4.4645306584       1.0000000000
   1  s
  1.8017743661       1.0000000000
   1  s
 0.80789710965       1.0000000000
   1  s
 0.33864326862       1.0000000000
   1  p
  120.16030921       1.0000000000
   1  p
  34.409622474       1.0000000000
   1  p
  12.581148610       1.0000000000
   1  p
  5.0663824249       1.0000000000
   1  p
  2.0346927092       1.0000000000
   1  p
 0.86092967212       1.0000000000
   1  p
 0.36681356726       1.0000000000
   1  d
  19.043062805       1.0000000000
   1  d
  5.8060381104       1.0000000000
   1  d
  2.1891841580       1.0000000000
   1  d
 0.87794613558       1.0000000000
   1  d
 0.35623646700       1.0000000000
   1  f
  2.4939147881       1.0000000000
   1  f
 0.82491478813       1.0000000000
   1  g
  1.6079147881       1.0000000000
*
np def-TZVPP
# np    (20s15p14d13f9g8h6i) / [15s13p14d13f9g7h5i]
# {611111111111111/3111111111111/11111111111111/1111111111111/111111111/2111111/
*
   6  s
  727.81758300      0.21030550000
  450.79253100     -0.67173590000
  280.78845430       1.2939076000
  173.91799540      -1.8828142000
  108.39887990       2.3121078000
  67.226166000      -2.6538069000
   1  s
  41.899767500       1.0000000000
   1  s
  25.856372500       1.0000000000
   1  s
  15.956121500       1.0000000000
   1  s
  9.8466954000       1.0000000000
   1  s
  6.0765458000       1.0000000000
   1  s
  3.7499530000       1.0000000000
   1  s
  2.3141810000       1.0000000000
   1  s
  1.4281406000       1.0000000000
   1  s
 0.88134590000       1.0000000000
   1  s
 0.54390530000       1.0000000000
   1  s
 0.33566130000       1.0000000000
   1  s
 0.20714770000       1.0000000000
   1  s
 0.12783790000       1.0000000000
   1  s
 0.79682000000E-01   1.0000000000
   3  p
  261.74176410      0.10335527600
  145.36086090     -0.37224619020
  80.728890100      0.92236135050
   1  p
  44.834976700       1.0000000000
   1  p
  24.900658000       1.0000000000
   1  p
  13.829613600       1.0000000000
   1  p
  7.6809343000       1.0000000000
   1  p
  4.2660140000       1.0000000000
   1  p
  2.3693770000       1.0000000000
   1  p
  1.3159795000       1.0000000000
   1  p
 0.73091460000       1.0000000000
   1  p
 0.40596270000       1.0000000000
   1  p
 0.22547950000       1.0000000000
   1  p
 0.12523590000       1.0000000000
   1  p
 0.69558600000E-01   1.0000000000
   1  d
  70.497099000       1.0000000000
   1  d
  39.151387600       1.0000000000
   1  d
  21.743549200       1.0000000000
   1  d
  12.075925700       1.0000000000
   1  d
  6.7068179000       1.0000000000
   1  d
  3.7249293000       1.0000000000
   1  d
  2.0688279000       1.0000000000
   1  d
  1.1490392000       1.0000000000
   1  d
 0.63818830000       1.0000000000
   1  d
 0.35445880000       1.0000000000
   1  d
 0.19687240000       1.0000000000
   1  d
 0.10934670000       1.0000000000
   1  d
 0.60733400000E-01   1.0000000000
   1  d
 0.33732600000E-01   1.0000000000
   1  f
  146.54278870       1.0000000000
   1  f
  70.727068500       1.0000000000
   1  f
  38.884103900       1.0000000000
   1  f
  21.271987200       1.0000000000
   1  f
  11.621379300       1.0000000000
   1  f
  5.9386134000       1.0000000000
   1  f
  3.1920198000       1.0000000000
   1  f
  1.7095201000       1.0000000000
   1  f
 0.88835320000       1.0000000000
   1  f
 0.48711690000       1.0000000000
   1  f
 0.27020860000       1.0000000000
   1  f
 0.14899480000       1.0000000000
   1  f
 0.82265900000E-01   1.0000000000
   1  g
  26.551593200       1.0000000000
   1  g
  11.872241600       1.0000000000
   1  g
  6.0704852000       1.0000000000
   1  g
  3.1575106000       1.0000000000
   1  g
  1.6587879000       1.0000000000
   1  g
 0.84581500000       1.0000000000
   1  g
 0.43626900000       1.0000000000
   1  g
 0.22174230000       1.0000000000
   1  g
 0.11426370000       1.0000000000
   2  h
  39.272876200      0.39041901140
  21.064471800     -0.92063727680
   1  h
  10.173081300       1.0000000000
   1  h
  5.2683733000       1.0000000000
   1  h
  2.5444429000       1.0000000000
   1  h
  1.1737851000       1.0000000000
   1  h
 0.53000510000       1.0000000000
   1  h
 0.24070270000       1.0000000000
   1  i
  18.781365600       1.0000000000
   2  i
  9.7264747000      0.32623678710
  4.6974959000      0.97407233620
   1  i
  2.3143415000       1.0000000000
   1  i
  1.1177641000       1.0000000000
   1  i
 0.49351910000       1.0000000000
*
h aug-cc-pVTZ
# h     (4s3p2d1f) / [4s3p2d1f]     {1111/111/11/1}
*
   1  s
  9.5302493327       1.0000000000
   1  s
  1.9174506246       1.0000000000
   1  s
 0.68424049142       1.0000000000
   1  s
 0.28413255710       1.0000000000
   1  p
  2.9133232035       1.0000000000
   1  p
  1.2621205398       1.0000000000
   1  p
 0.50199775874       1.0000000000
   1  d
  2.3135329149       1.0000000000
   1  d
 0.71290724024       1.0000000000
   1  f
  1.6565726132       1.0000000000
*
$cbas
*
c aug-cc-pVTZ
# c     (9s7p6d4f2g) / [9s7p6d4f2g]     {111111111/1111111/111111/1111/11}
*
   1  s
  280.55661188       1.0000000000
   1  s
  60.230247191       1.0000000000
   1  s
  22.116650824       1.0000000000
   1  s
  6.8620932896       1.0000000000
   1  s
  1.5622549539       1.0000000000
   1  s
 0.91245045495       1.0000000000
   1  s
 0.50274917044       1.0000000000
   1  s
 0.21582348749       1.0000000000
   1  p
  24.231865176       1.0000000000
   1  p
  6.4764514185       1.0000000000
   1  p
  2.1290884677       1.0000000000
   1  p
  1.0375639746       1.0000000000
   1  p
 0.54941275046       1.0000000000
   1  p
 0.28152652231       1.0000000000
   1  d
  9.7189810815       1.0000000000
   1  d
  3.0351475003       1.0000000000
   1  d
  1.4677737562       1.0000000000
   1  d
 0.57370827909       1.0000000000
   1  d
 0.29055589668       1.0000000000
   1  f
  2.2756201303       1.0000000000
   1  f
  1.1968898852       1.0000000000
   1  f
 0.54157487216       1.0000000000
   1  g
  1.2166101638       1.0000000000
   1  s
 0.10153627861       1.0000000000
   1  p
 0.11505954436       1.0000000000
   1  d
 0.14890456005       1.0000000000
   1  f
 0.20179277037       1.0000000000
   1  g
 0.43599752945       1.0000000000
*
s aug-cc-pVTZ
# s     (11s9p8d6f3g) / [11s9p8d6f3g]
# {11111111111/111111111/11111111/111111/111}
*
   1  s
  346.16017332       1.0000000000
   1  s
  118.06876908       1.0000000000
   1  s
  42.578791044       1.0000000000
   1  s
  15.071846966       1.0000000000
   1  s
  8.1659985107       1.0000000000
   1  s
  3.9280038769       1.0000000000
   1  s
  1.6777617483       1.0000000000
   1  s
 0.91820057563       1.0000000000
   1  s
 0.44980119431       1.0000000000
   1  s
 0.19303132669       1.0000000000
   1  p
  115.32161487       1.0000000000
   1  p
  13.254732077       1.0000000000
   1  p
  4.9407509434       1.0000000000
   1  p
  3.2049351631       1.0000000000
   1  p
  1.1289904570       1.0000000000
   1  p
 0.75385133161       1.0000000000
   1  p
 0.47415719132       1.0000000000
   1  p
 0.25144736038       1.0000000000
   1  d
  48.438228356       1.0000000000
   1  d
  13.502099428       1.0000000000
   1  d
  6.4575348551       1.0000000000
   1  d
  2.9572042760       1.0000000000
   1  d
  1.2447399028       1.0000000000
   1  d
 0.60349292506       1.0000000000
   1  d
 0.25568350004       1.0000000000
   1  f
  11.302730326       1.0000000000
   1  f
  4.9503455707       1.0000000000
   1  f
  1.8154279285       1.0000000000
   1  f
  1.0290097097       1.0000000000
   1  f
 0.48920031399       1.0000000000
   1  g
  2.9569474559       1.0000000000
   1  g
 0.86383824993       1.0000000000
   1  s
 0.66586192238E-01   1.0000000000
   1  p
 0.11946504342       1.0000000000
   1  d
 0.96752404967E-01   1.0000000000
   1  f
 0.19655074387       1.0000000000
   1  g
 0.35774378208       1.0000000000
*
o aug-cc-pVTZ
# o     (9s7p6d4f2g) / [9s7p6d4f2g]     {111111111/1111111/111111/1111/11}
*
   1  s
  366.54531503       1.0000000000
   1  s
  76.693314858       1.0000000000
   1  s
  24.573835091       1.0000000000
   1  s
  8.4165585072       1.0000000000
   1  s
  3.0202080356       1.0000000000
   1  s
  1.3331563617       1.0000000000
   1  s
 0.81250658727       1.0000000000
   1  s
 0.36505253662       1.0000000000
   1  p
  52.854386423       1.0000000000
   1  p
  15.021795824       1.0000000000
   1  p
  3.9137719482       1.0000000000
   1  p
  2.1678840611       1.0000000000
   1  p
 0.97419243984       1.0000000000
   1  p
 0.51845615412       1.0000000000
   1  d
  15.907733132       1.0000000000
   1  d
  5.3799329215       1.0000000000
   1  d
  2.9552623921       1.0000000000
   1  d
  1.1624458997       1.0000000000
   1  d
 0.50353399421       1.0000000000
   1  f
  4.6873846701       1.0000000000
   1  f
  2.1512789489       1.0000000000
   1  f
  1.0894068169       1.0000000000
   1  g
  2.3270964878       1.0000000000
   1  s
 0.11211820118       1.0000000000
   1  p
 0.21354459926       1.0000000000
   1  d
 0.16734574676       1.0000000000
   1  f
 0.40383704543       1.0000000000
   1  g
 0.78655757162       1.0000000000
*
np def-TZVP
# np    (11s10p9d7f6g6h5i) / [11s10p9d7f6g6h5i]
# {11111111111/1111111111/111111111/1111111/111111/111111/11111}
*
   1  s
  7.9987185972       1.0000000000
   1  s
  5.6009868195       1.0000000000
   1  s
  5.1697977767       1.0000000000
   1  s
  4.5838348868       1.0000000000
   1  s
  2.8599244607       1.0000000000
   1  s
 0.74443087445       1.0000000000
   1  s
 0.67605671190       1.0000000000
   1  s
 0.30981735827       1.0000000000
   1  s
 0.18539663836       1.0000000000
   1  s
 0.59682144524E-01   1.0000000000
   1  s
 0.55196958678E-01   1.0000000000
   1  p
  10.794987932       1.0000000000
   1  p
  8.4233074790       1.0000000000
   1  p
  6.5275099152       1.0000000000
   1  p
  5.3771445594       1.0000000000
   1  p
  2.0413504171       1.0000000000
   1  p
  1.2706090023       1.0000000000
   1  p
 0.71248631701       1.0000000000
   1  p
 0.39766975804       1.0000000000
   1  p
 0.20643350080       1.0000000000
   1  p
 0.39758139585E-01   1.0000000000
   1  d
  7.4499829250       1.0000000000
   1  d
  6.4030394357       1.0000000000
   1  d
  4.1250810481       1.0000000000
   1  d
  2.5196211476       1.0000000000
   1  d
  1.1086370877       1.0000000000
   1  d
 0.76359573522       1.0000000000
   1  d
 0.34178160570       1.0000000000
   1  d
 0.28768633001       1.0000000000
   1  d
 0.87240223570E-01   1.0000000000
   1  f
  4.5781853767       1.0000000000
   1  f
  3.8656435025       1.0000000000
   1  f
  2.0661129604       1.0000000000
   1  f
 0.86432068169       1.0000000000
   1  f
 0.53498406765       1.0000000000
   1  f
 0.24501783538       1.0000000000
   1  f
 0.10436869342       1.0000000000
   1  g
  9.2877702193       1.0000000000
   1  g
  5.6479320825       1.0000000000
   1  g
  3.0217065363       1.0000000000
   1  g
  1.4822964286       1.0000000000
   1  g
 0.81910168966       1.0000000000
   1  g
 0.37464363100       1.0000000000
   1  h
  13.172301086       1.0000000000
   1  h
  6.9790105200       1.0000000000
   1  h
  2.2283857398       1.0000000000
   1  h
  1.4727294952       1.0000000000
   1  h
 0.69268651651       1.0000000000
   1  h
 0.33221580104       1.0000000000
   1  i
  10.627541347       1.0000000000
   1  i
  4.3911645315       1.0000000000
   1  i
  1.7168396241       1.0000000000
   1  i
  1.1371514496       1.0000000000
   1  i
 0.46356725967       1.0000000000
*
h aug-cc-pVTZ
# h     (5s4p3d2f) / [5s4p3d2f]     {11111/1111/111/11}
*
   1  s
  8.5128275910       1.0000000000
   1  s
  1.8730891166       1.0000000000
   1  s
 0.52618426941       1.0000000000
   1  s
 0.28973989936       1.0000000000
   1  p
  2.3725491635       1.0000000000
   1  p
  1.1804084468       1.0000000000
   1  p
 0.60382204241       1.0000000000
   1  d
  1.8096373189       1.0000000000
   1  d
  1.1439726055       1.0000000000
   1  f
  1.8063060576       1.0000000000
   1  s
 0.12719436063       1.0000000000
   1  p
 0.23551289521       1.0000000000
   1  d
 0.43665405053       1.0000000000
   1  f
 0.25297787763       1.0000000000
*
$end
