$coord
   -3.44113369316222      2.16738832848233      2.73780174767039  c
   -1.91400055515557     -0.92196598489929      2.15751059255386  s
   -2.33410778884751     -1.59813487076851     -0.60097243962302  o
    2.42868993427558     -1.36331223844540     -1.85421313767596  np
    6.25036279181966     -1.34546367368419     -4.19188864194195  o
    0.80519771430954     -0.68587452882522      2.69887991252701  o
    2.80020974479932     -4.61625857328287     -1.19595512483225  o
    2.11356724125258      1.94158422117438     -2.41793529530893  o
   -3.15437394092060      2.70198739401390      4.71840139409571  h
   -2.52630651562295      3.52772045716988      1.46163378623401  h
   -5.45555666527887      1.98241680427147      2.30047213631789  h
    4.42745173253099     -1.79008733520648     -5.81373493001686  o
$user-defined bonds
$redundant
     number_of_atoms            12
     degrees_of_freedom         30
     internal_coordinates       30
     frozen_coordinates          0
# definitions of redundant internals
   1 k  1.0000000000000 stre   4    7           val=   3.33961
   2 k  1.0000000000000 stre   4    8           val=   3.36741
   3 k  0.3774129406341 bend  12    7    4      val=   4.64466
        0.3633059632036 bend  12    8    4
        0.3773566878079 bend   5    7    4
        0.3632533983502 bend   5    8    4
       -0.3421094336175 bend   6    7    4
       -0.3293442157219 bend   6    8    4
       -0.3422613090079 bend   3    7    4
       -0.3294963845826 bend   3    8    4
   4 k -0.3633326245490 bend  12    7    4      val=  -0.34544
        0.3774137612937 bend  12    8    4
       -0.3632510436263 bend   5    7    4
        0.3773305638119 bend   5    8    4
        0.3293584338673 bend   6    7    4
       -0.3421459653633 bend   6    8    4
        0.3294553679520 bend   3    7    4
       -0.3422526882230 bend   3    8    4
   5 k -0.2487160756104 bend  12    7    4      val=  -0.23350
        0.2371215767983 bend  12    8    4
        0.2492042009198 bend   5    7    4
       -0.2375926517538 bend   5    8    4
        0.4475073704876 bend   6    7    4
       -0.4265479406875 bend   6    8    4
       -0.4468954865446 bend   3    7    4
        0.4259566895669 bend   3    8    4
   6 k -0.2370999173549 bend  12    7    4      val=  -0.32058
       -0.2487824930141 bend  12    8    4
        0.2375234873541 bend   5    7    4
        0.2492330735145 bend   5    8    4
        0.4265881415983 bend   6    7    4
        0.4475048059447 bend   6    8    4
       -0.4259670609811 bend   3    7    4
       -0.4468449814476 bend   3    8    4
   7 k  0.4082482904639 tors  11    1    2    3 val=  59.76793
        0.4082482904639 tors  11    1    2    6
        0.4082482904639 tors   9    1    2    3
        0.4082482904639 tors   9    1    2    6
        0.4082482904639 tors  10    1    2    3
        0.4082482904639 tors  10    1    2    6
   8 k  1.0000000000000 stre   1   11           val=   2.06963
   9 k  1.0000000000000 stre   1    9           val=   2.07143
  10 k  1.0000000000000 stre   1   10           val=   2.07750
  11 k -0.4049478523508 bend   9   11    1      val=   2.29544
       -0.3885510018360 bend  10   11    1
       -0.3874394108483 bend  10    9    1
        0.4218770881782 bend   2   11    1
        0.4221212918162 bend   2    9    1
        0.4228113009794 bend   2   10    1
  12 k -0.0644743651184 bend   9   11    1      val=   0.18096
       -0.6177657970549 bend  10   11    1
        0.6853540898065 bend  10    9    1
       -0.2820517952477 bend   2   11    1
        0.2534096894633 bend   2    9    1
        0.0269918858321 bend   2   10    1
  13 k -0.7429367740028 bend   9   11    1      val=   0.32575
        0.4397333515826 bend  10   11    1
        0.3257959328453 bend  10    9    1
       -0.1365899448368 bend   2   11    1
       -0.1832425440631 bend   2    9    1
        0.3103254686557 bend   2   10    1
  14 k -0.3121973428136 bend   9   11    1      val=   0.87891
        0.1601340778569 bend  10   11    1
        0.1595016249789 bend  10    9    1
        0.3741590279963 bend   2   11    1
        0.3764179930964 bend   2    9    1
       -0.7548268967918 bend   2   10    1
  15 k  0.0005388184889 bend   9   11    1      val=   0.32331
        0.2683868165273 bend  10   11    1
       -0.2691028548431 bend  10    9    1
       -0.6545867968953 bend   2   11    1
        0.6535031706835 bend   2    9    1
        0.0012693073982 bend   2   10    1
  16 k  1.0000000000000 stre   2    1           val=   3.49471
  17 k  0.7079309800486 bend   3    1    2      val= 108.16512
        0.7062816205222 bend   6    1    2
  18 k -0.7062816205222 bend   3    1    2      val=   0.60634
        0.7079309800486 bend   6    1    2
  19 k  1.0000000000000 stre   4   12           val=   4.45589
  20 k  1.0000000000000 stre  12    5           val=   2.48014
  21 k  1.0000000000000 stre   5    4           val=   4.47998
  22 k  1.0000000000000 stre   4    6           val=   4.88112
  23 k  1.0000000000000 stre   6    2           val=   2.78260
  24 k  1.0000000000000 stre   2    3           val=   2.87105
  25 k  1.0000000000000 stre   3    4           val=   4.93052
  26 k -0.5000000000000 bend   4    2    6      val=  -6.45965
        0.5000000000000 bend   6    3    2
       -0.5000000000000 bend   2    4    3
        0.5000000000000 bend   3    6    4
  27 k -0.5000000000000 tors   6    2    3    4 val=   3.27464
        0.5000000000000 tors   2    3    4    6
       -0.5000000000000 tors   3    4    6    2
        0.5000000000000 tors   4    6    2    3
  28 k -0.7071057987935 bend   6    5    4      val=  -4.72796
        0.7071077635783 bend   3   12    4
  29 k -0.3933905507449 outp  12    6    5    4 val=  -0.98486
       -0.3940167517603 outp   5   12    3    4
       -0.5874146180487 outp  12    3    6    4
       -0.5873148562906 outp   5    3    6    4
  30 k  0.5654935807116 outp  12    6    5    4 val=   0.28984
       -0.5648354034144 outp   5   12    3    4
        0.4250022226708 outp  12    3    6    4
       -0.4249130357479 outp   5    3    6    4
        30 non zero eigenvalues  of BmBt
           1           4.917661471    1    0
         1
           2           3.845236332    2    0
         2
           3           3.379684850    3    0
         3
           4           3.364101271    4    0
         4
           5           3.194132801    5    0
         5
           6           2.706463520    6    0
         6
           7           2.054856372    7    0
         7
           8           2.002399056    8    0
         8
           9           1.898998786    9    0
         9
          10           1.834124206   10    0
        10
          11           1.166914964   11    0
        11
          12           1.149263792   12    0
        12
          13           0.999991705   13    0
        13
          14           0.903322067   14    0
        14
          15           0.724513375   15    0
        15
          16           0.724371929   16    0
        16
          17           0.661235008   17    0
        17
          18           0.586353488   18    0
        18
          19           0.485236410   19    0
        19
          20           0.400478369   20    0
        20
          21           0.395417864   21    0
        21
          22           0.381989883   22    0
        22
          23           0.250536182   23    0
        23
          24           0.231031523   24    0
        24
          25           0.177011769   25    0
        25
          26           0.167944072   26    0
        26
          27           0.146886624   27    0
        27
          28           0.061647902   28    0
        28
          29           0.040104364   29    0
        29
          30           0.014059984   30    0
        30
$end
