$grad          cartesian gradients
  cycle =      1 MP2 energy =    -1401.4589698573 |dE/dxyz| =  0.365492
   -3.12375344112910      2.09710198074808      2.39187671748569      c
   -2.10875952372844     -1.18255479452340      2.38964244785168      s
   -2.34258899876909     -1.85123588847525     -0.41917523309053      o
    2.27138049250637     -1.30473329548804     -1.57694622545174      np
    5.89759934527518     -0.96196084118531     -4.15339268229448      o
    0.71533676620275     -0.91019069127934      2.96459256818971      o
    2.81700722741047     -4.58906610997634     -1.16714032736798      o
    1.78694103275434      2.00713073005141     -1.91080108202003      o
   -2.88030481544363      2.84990638031927      4.29478376801693      h
   -1.92314769787616      3.08101603989041      1.03518170589394      h
   -5.10518208161784      2.16193422877530      1.82903108791080      h
    3.99547169441509     -1.39734773885680     -5.67765274512409      o
  0.33194165558828D-01  -.38602645150906D-01  -.40607218455236D-01
  -.11582179543520D+00  -.12052449344168D-01  0.26183341529347D+00
  0.10907874750670D-01  -.52433065368689D-02  -.19192840469840D+00
  0.60813589999817D-02  0.83180197142152D-02  0.95035744810676D-02
  -.21107466394593D-01  -.59662209463780D-02  -.16751417241421D-01
  0.75136128030366D-01  0.21820571663875D-01  -.40641508978299D-01
  -.28403025389165D-02  0.18889305767296D-02  -.14709551274805D-05
  0.37782410197229D-03  -.49869373460325D-02  -.31856547765665D-02
  0.52557402328097D-02  0.25585990699062D-02  -.49459190024415D-03
  -.10713806996925D-01  0.19915767802781D-01  0.57360044756161D-02
  -.76103134420258D-03  0.67470099096698D-02  -.31417600651453D-02
  0.20291310979048D-01  0.56026608328159D-02  0.19679032943806D-01
$end
