$hessapprox internal
  0.599524365976D+00  0.112186989900D-01  0.576072063998D+00  0.258290337084D+00
  0.485658351884D-01  0.178182417953D+01  0.150859810374D-01  0.948910259462D-01
 -0.270363265728D-01  0.278937672130D+00  0.328719611813D-02  0.596632892338D-01
 -0.152788419123D+00 -0.183633586604D-01  0.572802367672D+00 -0.573222749406D-01
  0.197630673604D+00  0.802451567382D+00  0.173883145140D+00 -0.891107384514D-01
  0.233542927622D+01 -0.440982150656D-02  0.603012685949D-02  0.149969669334D-03
  0.626858601510D-02  0.653130867997D-01  0.289829187788D-01  0.329537168282D-01
 -0.137708488348D+00 -0.101923642277D+00 -0.966662669166D+00 -0.885651675037D-02
  0.801535205377D-01 -0.743452038164D+00 -0.386151824373D-03  0.110035844438D+01
 -0.152614915074D+00 -0.120567786507D+00 -0.995606853098D+00 -0.128662993337D-01
  0.428051821487D-01 -0.768784779612D+00 -0.997335688134D-02  0.688330881407D+00
  0.114615842964D+01 -0.198004761223D+00 -0.166817474368D+00 -0.122488449172D+01
 -0.195843491701D-01  0.525412304123D-01 -0.981677909708D+00 -0.116112443595D-01
  0.858861929307D+00  0.891932559574D+00  0.155266904307D+01 -0.515411371491D-01
 -0.761732852772D-01 -0.360534275583D+00 -0.265893934905D-01 -0.295114961731D-02
 -0.401634766951D+00 -0.627278160161D-02  0.274828896743D+00  0.287818013340D+00
  0.368760412064D+00  0.454050346779D+00  0.142417101850D-02  0.170451959072D-01
 -0.108681154570D-01  0.138625166239D-02  0.100756782836D+00 -0.852410578478D-02
  0.235630606854D-01 -0.283844496526D-02 -0.136950039970D-01 -0.143958844745D-01
 -0.485179086329D-02  0.344476055594D+00 -0.132530190526D-01 -0.389110088555D-01
 -0.102330721211D+00 -0.506235885711D-01  0.290770926744D-01 -0.147180576519D+00
  0.142720307712D-03  0.922915140590D-01  0.917957617552D-01  0.110093386489D+00
  0.540991491711D-01  0.146380924564D-02  0.338099830029D+00  0.727854849089D-01
  0.135875959716D+00  0.283160897674D+00  0.117478150210D+00 -0.433826251120D-01
  0.424738331142D+00  0.194252206152D-02 -0.248618325339D+00 -0.254602351527D+00
 -0.331586054397D+00 -0.148857486214D+00 -0.261784785214D-02 -0.491530922268D-01
  0.533453702685D+00 -0.482789238215D-02  0.147363236622D-01 -0.574351834519D-01
  0.498858550217D-02  0.974278678930D-01 -0.235148633884D-02  0.197627539178D-01
  0.199109205667D-01  0.131607230084D-01  0.192183566132D-01 -0.108836155709D-01
  0.192596035439D-01  0.201482087830D-01 -0.275729032733D-01  0.333256047732D+00
 -0.411925237376D+00 -0.380002979878D+00 -0.266441253918D+01 -0.688776628831D-01
  0.107835097911D+00 -0.225732462924D+01 -0.265146246776D-01  0.189332225198D+01
  0.196482159962D+01  0.248534734255D+01  0.838154016139D+00 -0.289907446112D-01
  0.249183291312D+00 -0.777519831602D+00  0.358568636574D-01  0.591888751372D+01
  0.164928181365D+00  0.170022926032D+00 -0.654686204506D+00  0.750196326416D-01
  0.146190874188D+00 -0.448102427413D+00  0.117559737184D-01  0.429147426699D+00
  0.417698689484D+00  0.417637232142D+00  0.816217469592D-01 -0.485385882911D-03
  0.100123875245D+00  0.593742865567D-01 -0.584191771408D-02  0.832112343119D+00
  0.198744658674D+01  0.237352181063D-01  0.247431982582D-01  0.136081265615D+00
 -0.351104113466D-01  0.325916894657D+00 -0.101960303276D+00  0.625215571176D-01
 -0.100495390064D+00 -0.136013505582D+00 -0.143483089328D+00 -0.423130415968D-01
  0.104306916018D+00  0.214523820042D-01 -0.829987894575D-01  0.753149410913D-01
 -0.263443292788D+00 -0.339418345783D+00  0.933690781658D+00 -0.339658207951D-01
 -0.300205840911D-01 -0.426631444820D+00  0.816007537191D-02  0.212305870681D-01
 -0.238919904570D+00 -0.103906924496D-02  0.294242694184D+00  0.300452710209D+00
  0.362839366985D+00  0.115896170377D+00 -0.255142803931D-01  0.401401926426D-01
 -0.797091529870D-01 -0.534797723508D-02  0.801215688657D+00  0.211254485479D+00
 -0.125282919660D+00  0.320179693254D+00  0.386949257976D-02  0.722334619696D-01
  0.886085526385D-01  0.446264450124D-01 -0.456406623542D-01  0.293409404684D+00
  0.305811478934D-02 -0.933330150489D-01 -0.900380859547D-01 -0.121320704084D+00
 -0.617989639051D-01 -0.755989223991D-02 -0.243623970920D-01  0.813169903197D-01
 -0.459328071143D-02 -0.313059246988D+00 -0.347451549287D-01 -0.676318531613D-01
 -0.534571471960D-01  0.556647690160D+00 -0.734992647443D-01  0.168973100308D-01
 -0.212457146200D+00  0.184749963349D-01 -0.380218349916D-01  0.100419099206D-01
 -0.318340580357D-01  0.977454070836D-01  0.111423636125D+00  0.136049376816D+00
  0.139997428793D-01  0.183067034946D-01 -0.135218650767D-01  0.213714797482D-01
  0.495067676305D-01  0.241263427968D+00  0.120210725147D+00 -0.408594661365D-01
 -0.610693601951D-01  0.565534949365D-01  0.339972909977D+00 -0.469896050343D+00
 -0.144477476067D+00 -0.345660115652D+01  0.143426684670D+00  0.184938412094D+00
 -0.200269905834D+01 -0.211115188180D-01  0.223170596700D+01  0.230503861386D+01
  0.279740585651D+01  0.791360312118D+00 -0.164731823493D-01  0.244797351378D+00
 -0.501777630493D+00  0.823960177827D-01  0.596140061376D+01  0.220696451819D+01
 -0.661089426011D+00  0.108231484847D+01 -0.118457138785D+00  0.547360903501D+00
  0.884785338070D+01 -0.577834427374D+00 -0.980780471609D+00 -0.564983783001D+01
 -0.468147257921D+00  0.144234772018D+00 -0.613502621879D+01 -0.872483734984D-01
  0.435786898150D+01  0.452323413400D+01  0.569354447332D+01  0.202820994156D+01
 -0.988838153241D-01  0.677114629792D+00 -0.193977456159D+01  0.639237912386D-01
  0.128899889336D+02  0.284095850651D+01 -0.655814525944D+00  0.183217059635D+01
 -0.913409606004D+00  0.354287262611D+00  0.133712994900D+02  0.321363876991D+02
 -0.486626266061D+00 -0.111560963559D+01 -0.588775709171D+01 -0.534435930926D+00
  0.829327587758D-01 -0.655413147611D+01 -0.126122347844D+00  0.445998658808D+01
  0.463852074352D+01  0.579327211791D+01  0.206015664804D+01 -0.162969378685D+00
  0.791525080671D+00 -0.212818300160D+01 -0.593799364278D-01  0.130326095668D+02
  0.228678847256D+01 -0.787119281529D+00  0.194979031809D+01 -0.975215800879D+00
  0.282254366226D+00  0.134862526134D+02  0.324350035515D+02  0.369267654698D+02
 -0.526936742374D+00 -0.109160374504D+00 -0.358166279597D+01  0.248333436997D+00
  0.255397726891D+00 -0.186232713746D+01  0.772854470919D-02  0.225443064773D+01
  0.232058862681D+01  0.281347532060D+01  0.778167213923D+00 -0.944852161515D-02
  0.208575098838D+00 -0.440925024425D+00  0.111806531592D+00  0.595939990267D+01
  0.203329165331D+01 -0.641604008860D+00  0.105011220784D+01 -0.754039358682D-01
  0.581427390418D+00  0.851319942086D+01  0.129526515523D+02  0.133641645393D+02
  0.917037656375D+01  0.166127337079D+01  0.431795332933D+00  0.954751543265D+01
 -0.591858052538D+00 -0.663162360314D+00  0.510815579762D+01 -0.231872746403D-01
 -0.621728134567D+01 -0.641103965815D+01 -0.786780612906D+01 -0.224615587867D+01
  0.111662217742D-01 -0.546896720132D+00  0.132660001209D+01 -0.302954919004D+00
 -0.169319771897D+02 -0.591667424146D+01  0.167889747204D+01 -0.275005129256D+01
  0.239119090615D+00 -0.163144153133D+01 -0.233320151044D+02 -0.361541459375D+02
 -0.339179102448D+02 -0.237801736485D+02  0.683389312421D+02 -0.794402929305D-01
  0.845669962178D+00 -0.529534920891D+00  0.776344372451D+00  0.205037616485D+00
  0.227603562799D+01  0.754454155495D-01 -0.261800297504D+00 -0.307458961726D+00
 -0.605270473513D+00 -0.550332009242D+00  0.417048118665D-01 -0.241860068561D+00
  0.110259622134D+01  0.664502397253D-01 -0.193522491176D+01  0.206703167523D+01
 -0.669733532480D+00 -0.684988015719D-03  0.620952771900D+00  0.610918680092D+00
  0.220492510190D+01 -0.679831310374D+01 -0.758367337532D+01  0.285192553916D+01
 -0.657806008575D+01  0.110909742581D+02 -0.179919202509D+00 -0.478872717459D+00
 -0.945867077947D+00 -0.225855664246D+00 -0.121579941975D+00 -0.170139007003D+01
 -0.341673134490D-01  0.933446182707D+00  0.988055565908D+00  0.134838515682D+01
  0.606642745451D+00 -0.634618102468D-01  0.119986866320D+00 -0.651806706087D+00
 -0.182068754331D-01  0.324491074781D+01 -0.677211130215D+00  0.482235938034D-01
  0.307512137101D+00 -0.338129046302D+00 -0.106192666015D+00  0.183751417274D+01
  0.798153613593D+01  0.829212191009D+01  0.168944978045D+01 -0.524928117467D+01
 -0.470713843496D+01  0.350411870865D+01  0.102067960366D-01 -0.205252503693D+00
  0.143958307778D+00 -0.212515461428D+00  0.313259110131D-01 -0.547063207863D+00
 -0.389216614789D-03  0.608412353328D-01  0.631899109079D-01  0.128010869188D+00
  0.100371517571D+00  0.237208143921D-02  0.961128610209D-01 -0.295898990595D+00
 -0.303018994681D-01  0.426628527720D+00 -0.406308543959D+00  0.200774313000D+00
 -0.439286433998D-01 -0.147647273610D+00 -0.121706782221D+00 -0.537943448405D+00
  0.158436286099D+01  0.158544535029D+01 -0.742165633486D+00  0.145027041377D+01
 -0.259430483107D+01  0.105445634230D+01  0.778658916461D+00  0.943888338575D-01
  0.835557150740D-01  0.318381131738D+00 -0.477964598104D-01  0.338376436486D+00
 -0.365167575720D-01  0.609803796399D-01 -0.211219681567D+00 -0.263421027630D+00
 -0.318790936177D+00 -0.847260529501D-01  0.126753749995D+00  0.916037737235D-02
 -0.205746209898D-01  0.113925831510D+00 -0.659683649184D+00 -0.105455558279D+00
  0.564510980921D+00 -0.111003896527D+00 -0.606542305476D-01 -0.890898503582D-01
 -0.963836396116D+00 -0.142195592302D+01 -0.144898663883D+01 -0.978173150922D+00
  0.268985362837D+01 -0.349473695386D+00 -0.362699004928D+00  0.221864044875D+00
  0.101091487096D+01
$end
