$optinfo internal
 gdiistep   on
 trostep    off
 calchess   off
 iteration  58
 ndiis       2
 itrvec      0
 tradius    7.208927044646E-02
 actrad     2.674074899310E-02
 energyo   -1.401458969857E+03
 predengy  -4.566351540445E-05
 trnvec
  0.000000000000D+00  0.000000000000D+00  0.000000000000D+00
  0.000000000000D+00  0.000000000000D+00  0.000000000000D+00
  0.000000000000D+00  0.000000000000D+00  0.000000000000D+00
  0.000000000000D+00  0.000000000000D+00  0.000000000000D+00
  0.000000000000D+00  0.000000000000D+00  0.000000000000D+00
  0.000000000000D+00  0.000000000000D+00  0.000000000000D+00
  0.000000000000D+00  0.000000000000D+00  0.000000000000D+00
  0.000000000000D+00  0.000000000000D+00  0.000000000000D+00
  0.000000000000D+00  0.000000000000D+00  0.000000000000D+00
  0.000000000000D+00  0.000000000000D+00  0.000000000000D+00
 displ
 -0.148640240526D-01  0.369056032607D-02  0.660641965484D-02
 -0.170029768573D-01 -0.217038309522D-01 -0.166201536774D-02
 -0.743411492681D-02  0.879165923940D-02  0.105911398925D-01
  0.159103750053D-01  0.826242150379D-02  0.363190846329D-02
 -0.121403093615D-01 -0.175327916893D-02  0.992355190554D-02
  0.615801717513D-01  0.166708035802D+00  0.112340230587D-01
  0.652835032858D-02  0.404747871954D-02  0.184752608758D-01
  0.642187666680D-01 -0.112270197673D+00 -0.257193129015D-01
  0.142217198524D+00  0.306324556788D-01 -0.891583984605D-01
  0.902576312757D-01  0.339340584486D-01 -0.147983683664D-01
 dxyz
 -0.317380252033D+00  0.702863477342D-01  0.345925030185D+00
  0.194758968573D+00  0.260588809624D+00 -0.232131855298D+00
  0.848120992158D-02  0.253101017707D+00 -0.181797206532D+00
  0.157309441769D+00 -0.585789429574D-01 -0.277266912224D+00
  0.352763446544D+00 -0.383502832499D+00 -0.384959596475D-01
  0.898609481068D-01  0.224316162454D+00 -0.265712655663D+00
 -0.167974826111D-01 -0.271924633065D-01 -0.288147974643D-01
  0.326626208498D+00 -0.655465088770D-01 -0.507134213289D+00
 -0.274069125477D+00 -0.147918986305D+00  0.423617626079D+00
 -0.603158817747D+00  0.446704417279D+00  0.426452080340D+00
 -0.350374583661D+00 -0.179517424504D+00  0.471441048407D+00
  0.431980038116D+00 -0.392739596350D+00 -0.136082184893D+00
 grado
 -0.231345262707D-02 -0.464679792942D-02 -0.417997394389D-03
 -0.559372454704D-02 -0.295607678054D-02  0.133579069808D-01
  0.956077605141D-03  0.178873643117D-02  0.111198783248D-02
 -0.510972541326D-03  0.263900185706D-01 -0.582675545968D-02
  0.354287443985D-02 -0.303428015946D-01 -0.793948456020D-02
 -0.169704394892D-01 -0.139021164002D+00  0.256238517947D-01
 -0.281291954980D-02 -0.277008613799D-01 -0.118064697253D-03
 -0.232588803557D-01  0.835736837554D-01  0.205496354889D+00
 -0.320290002568D-02 -0.942849735408D-01  0.206094967500D-02
  0.887097537075D-03  0.622800343244D-02  0.172253304362D-02
$end
