$energy      SCF               SCFKIN            SCFPOT
     1 -548.4388785066      547.0149819548     -1095.453860461
     2 -548.4476510528      546.7859587275     -1095.233609780
     3 -548.4502453746      546.6282190666     -1095.078464441
     4 -548.4503741157      546.5956934429     -1095.046067559
     5 -548.4503938467      546.5916463537     -1095.042040200
     6 -548.4504084332      546.5883594353     -1095.038767868
     7 -548.4504171647      546.5923409916     -1095.042758156
     8 -548.4504206226      546.5968040672     -1095.047224690
     9 -548.4504210843      546.5986688960     -1095.049089980
    10 -548.4504212159      546.5995968654     -1095.050018081
    11 -548.4504211309      546.5985162008     -1095.048937332
    12 -548.4504207209      546.6008396554     -1095.051260376
    13 -548.4504212071      546.5988211298     -1095.049242337
    14 -548.4504212410      546.5995164785     -1095.049937720
    15 -548.4504212326      546.5994609351     -1095.049882168
    16 -547.9399579858      546.2228498689     -1094.162807855
    17 -547.9414336743      546.3413026021     -1094.282736276
    18 -547.9416058876      546.3673383335     -1094.308944221
    19 -547.9416520000      546.3638839778     -1094.305535978
    20 -547.9416563128      546.3601386761     -1094.301794989
    21 -547.9416570500      546.3604446025     -1094.302101653
    22 -547.9416556566      546.3603827039     -1094.302038361
    23 -547.9416570644      546.3606768328     -1094.302333897
    24 -547.9416574302      546.3606773427     -1094.302334773
    25 -547.9416574413      546.3609067274     -1094.302564169
    26 -547.9416574372      546.3609248310     -1094.302582268
    27 -548.2487573391      546.4571739213     -1094.705931260
    28 -548.2595702386      546.6908296769     -1094.950399916
    29 -548.2614199867      546.8004732112     -1095.061893198
    30 -548.2615792908      546.7636371111     -1095.025216402
    31 -548.2615967935      546.7515482172     -1095.013145011
    32 -548.2615970196      546.7515702948     -1095.013167314
    33 -548.2615971334      546.7510115246     -1095.012608658
    34 -548.2615972549      546.7512014858     -1095.012798741
    35 -548.2615972902      546.7515030979     -1095.013100388
$end
