$dipgrad          cartesian dipole gradients
  0.50651886655835D-02  -.51367466053290D-16  0.00000000000000D+00
  -.17117688831062D-16  0.50651886655876D-02  0.00000000000000D+00
  0.00000000000000D+00  0.00000000000000D+00  -.43319497344467D+00
  0.21168593691885D-01  0.39589467837211D-01  0.00000000000000D+00
  0.39589467837211D-01  -.24545386133884D-01  0.00000000000000D+00
  0.00000000000000D+00  0.00000000000000D+00  0.14439832448243D+00
  0.21168593691885D-01  -.39589467837211D-01  0.00000000000000D+00
  -.39589467837211D-01  -.24545386133884D-01  0.00000000000000D+00
  0.00000000000000D+00  0.00000000000000D+00  0.14439832448243D+00
  -.47402376046771D-01  -.20881479732187D-17  0.00000000000000D+00
  0.50128468609694D-18  0.44025583604779D-01  0.00000000000000D+00
  0.00000000000000D+00  0.00000000000000D+00  0.14439832448243D+00
$end
