$hessian (projected)
 1  1   0.6183422439   0.0000000000   0.0000000000  -0.1298576330   0.1320800428
 1  2   0.0000000000  -0.1298576330  -0.1320800428   0.0000000000  -0.3586269778
 1  3   0.0000000000   0.0000000000
 2  1   0.0000000000   0.6183422439   0.0000000000   0.1320800428  -0.2823705295
 2  2   0.0000000000  -0.1320800428  -0.2823705295   0.0000000000   0.0000000000
 2  3  -0.0536011848   0.0000000000
 3  1   0.0000000000   0.0000000000   0.0255239514   0.0000000000   0.0000000000
 3  2  -0.0085079838   0.0000000000   0.0000000000  -0.0085079838   0.0000000000
 3  3   0.0000000000  -0.0085079838
 4  1  -0.1298576330   0.1320800428   0.0000000000   0.1266674571  -0.1417595181
 4  2   0.0000000000   0.0099777595  -0.0136646721   0.0000000000  -0.0067875835
 4  3   0.0233441474   0.0000000000
 5  1   0.1320800428  -0.2823705295   0.0000000000  -0.1417595181   0.2903572489
 5  2   0.0000000000   0.0136646721  -0.0123760311   0.0000000000  -0.0039851969
 5  3   0.0043893118   0.0000000000
 6  1   0.0000000000   0.0000000000  -0.0085079838   0.0000000000   0.0000000000
 6  2   0.0028359946   0.0000000000   0.0000000000   0.0028359946   0.0000000000
 6  3   0.0000000000   0.0028359946
 7  1  -0.1298576330  -0.1320800428   0.0000000000   0.0099777595   0.0136646721
 7  2   0.0000000000   0.1266674571   0.1417595181   0.0000000000  -0.0067875835
 7  3  -0.0233441474   0.0000000000
 8  1  -0.1320800428  -0.2823705295   0.0000000000  -0.0136646721  -0.0123760311
 8  2   0.0000000000   0.1417595181   0.2903572489   0.0000000000   0.0039851969
 8  3   0.0043893118   0.0000000000
 9  1   0.0000000000   0.0000000000  -0.0085079838   0.0000000000   0.0000000000
 9  2   0.0028359946   0.0000000000   0.0000000000   0.0028359946   0.0000000000
 9  3   0.0000000000   0.0028359946
10  1  -0.3586269778   0.0000000000   0.0000000000  -0.0067875835  -0.0039851969
10  2   0.0000000000  -0.0067875835   0.0039851969   0.0000000000   0.3722021448
10  3   0.0000000000   0.0000000000
11  1   0.0000000000  -0.0536011848   0.0000000000   0.0233441474   0.0043893118
11  2   0.0000000000  -0.0233441474   0.0043893118   0.0000000000   0.0000000000
11  3   0.0448225612   0.0000000000
12  1   0.0000000000   0.0000000000  -0.0085079838   0.0000000000   0.0000000000
12  2   0.0028359946   0.0000000000   0.0000000000   0.0028359946   0.0000000000
12  3   0.0000000000   0.0028359946
$end
