$vibrational normal modes
 1  1   0.0000000000   0.5000000000  -0.0000000000   0.0000000000   0.0000000000
 1  2   0.0000000000   0.0000000000  -0.0000000000   0.0925412331   0.0000000000
 1  3   0.0000000000  -0.1001885720
 2  1   0.2806672435   0.0000000000   0.1550618039  -0.0217968605   0.0000000000
 2  2  -0.1309924675   0.0000000000   0.0925412331  -0.0000000000  -0.0000000000
 2  3   0.1001885720  -0.0000000000
 3  1   0.0007672097  -0.0000000000  -0.2072533143  -0.1080046424   0.0810232725
 3  2  -0.2065328282   0.1438413219   0.0000000000   0.0000000000   0.0000000000
 3  3   0.0000000000   0.0000000000
 4  1   0.2828547157   0.5000000000  -0.1797178162  -0.3120649770   0.0000000000
 4  2   0.4112936617   0.0000000000  -0.3827834112  -0.5885793762   0.2886751346
 4  3   0.3587679655   0.1908201731
 5  1   0.4439734898  -0.0000000000   0.0513016744  -0.2019676590   0.0000000000
 5  2   0.1064680388   0.0000000000  -0.1465791652  -0.3827834112  -0.5000000000
 5  3  -0.6050897361  -0.3587679655
 6  1   0.4282767886   0.0000000000  -0.8297165182   0.3597227906  -0.3218292475
 6  2  -0.2095320022  -0.5713462681   0.0000000000  -0.0000000000  -0.0000000000
 6  3   0.0000000000  -0.0000000000
 7  1  -0.2828547157   0.5000000000   0.1797178162   0.3120649770   0.0000000000
 7  2  -0.4112936617   0.0000000000   0.3827834112  -0.5885793762   0.2886751346
 7  3  -0.3587679655   0.1908201731
 8  1   0.4439734898  -0.0000000000   0.0513016744  -0.2019676590   0.0000000000
 8  2   0.1064680388   0.0000000000  -0.1465791652   0.3827834112   0.5000000000
 8  3  -0.6050897361   0.3587679655
 9  1  -0.4259751596  -0.0000000000   0.2079565752  -0.6837367177  -0.3218292475
 9  2  -0.4100664824  -0.5713462681  -0.0000000000   0.0000000000   0.0000000000
 9  3  -0.0000000000   0.0000000000
10  1   0.0000000000   0.5000000000   0.0000000000   0.0000000000   0.0000000000
10  2   0.0000000000   0.0000000000   0.0000000000   0.0744209403  -0.5773502692
10  3   0.0000000000   0.8122245176
11  1  -0.0459452490   0.0000000000   0.3625820630   0.3385447364   0.0000000000
11  2  -0.6059134802   0.0000000000  -0.8095794816  -0.0000000000   0.0000000000
11  3   0.0163146083   0.0000000000
12  1   0.0000000000   0.0000000000   0.0000000000   0.0000000000   0.8867283125
12  2   0.0000000000  -0.5713462681   0.0000000000   0.0000000000   0.0000000000
12  3   0.0000000000   0.0000000000
$end
