$dipgrad          cartesian dipole gradients
  -.97695082957107D+00  0.00000000000000D+00  0.39638625776013D-01
  0.00000000000000D+00  -.57811882365651D+00  0.00000000000000D+00
  0.18769906757220D+00  0.00000000000000D+00  -.49270370671538D+00
  0.19539016588793D+01  0.00000000000000D+00  -.12320094217814D-17
  0.00000000000000D+00  0.11562376470500D+01  0.00000000000000D+00
  0.30806482412520D-16  0.00000000000000D+00  0.98540741316789D+00
  -.97695082957107D+00  0.00000000000000D+00  -.39638625776013D-01
  0.00000000000000D+00  -.57811882365651D+00  0.00000000000000D+00
  -.18769906757220D+00  0.00000000000000D+00  -.49270370671538D+00
$end
