$coord
    0.86245361035836     -1.52731704018529      0.00000000000000  c
    0.40219201644069     -3.54690933915076      0.00000000000000  h
    2.03578449836210     -1.12445787346544      1.68083070857797  h
    2.03578449836210     -1.12445787346544     -1.68083070857797  h
   -1.37204399566149     -0.16829813630906      0.00000000000000  o
   -0.67814893641750      3.11447751032118      0.00000000000000  s
   -3.28602169144472      4.37696275225480      0.00000000000000  o
$user-defined bonds
$redundant
     number_of_atoms             7
     degrees_of_freedom         10
     internal_coordinates       10
     frozen_coordinates          0
# definitions of redundant internals
   1 k  1.0000000000000 stre   1    2           val=   2.07137
   2 k  1.0000000000000 stre   6    7           val=   2.89739
   3 k  1.0000000000000 stre   5    6           val=   3.35531
   4 k  1.0000000000000 stre   5    1           val=   2.61532
   5 k -0.3700463907805 bend   4    2    1      val=   1.72424
       -0.3700463907805 bend   3    2    1
       -0.4778476467837 bend   3    4    1
        0.4290021581903 bend   5    2    1
        0.3960745586831 bend   5    4    1
        0.3960745586831 bend   5    3    1
   6 k  1.4142135623731 stre   1    4           val=   2.08907
   7 k  0.3950042255259 bend   4    2    1      val=   2.70014
        0.3950042255259 bend   3    2    1
       -0.6467682627240 bend   3    4    1
        0.3974084721296 bend   5    2    1
       -0.2363267274834 bend   5    4    1
       -0.2363267274834 bend   5    3    1
   8 k  0.2208440552320 bend   4    2    1      val=   1.41500
        0.2208440552320 bend   3    2    1
       -0.4133701431410 bend   3    4    1
       -0.7073343401217 bend   5    2    1
        0.3400434255955 bend   5    4    1
        0.3400434255955 bend   5    3    1
   9 k  1.0000000000000 bend   1    6    5      val= 109.37273
  10 k  1.0000000000000 bend   5    7    6      val= 103.89669
        10 non zero eigenvalues  of BmBt
           1           3.480082192    1    0
         1
           2           3.279459174    2    0
         2
           3           2.299352449    3    0
         3
           4           2.063740151    4    0
         4
           5           1.101550416    5    0
         5
           6           0.804366922    6    0
         6
           7           0.706372332    7    0
         7
           8           0.496737366    8    0
         8
           9           0.200834048    9    0
         9
          10           0.102191996   10    0
        10
$end
