$dipgrad          cartesian dipole gradients
  0.72456577848586D+00  -.50288173611860D+00  0.33076636590280D-17
  -.75917288466472D-01  0.51683970996672D+00  -.23123999460042D-18
  0.31576528667241D-16  -.13456137191055D-16  0.60759598529278D+00
  0.29637822653312D-01  0.21011180555864D-03  -.64442001929311D-18
  -.55593889585495D-02  -.32284860406279D+00  -.51960177358131D-18
  -.59736998605110D-18  -.12413267842012D-17  0.61952466616854D-01
  -.11965716908020D+00  0.11456814679247D+00  -.15103142953294D+00
  -.61176739762958D-01  0.58814743186964D-01  -.10422878682303D+00
  -.18838900221649D+00  0.67543342687097D-01  -.23188942622163D+00
  -.11965716908020D+00  0.11456814679247D+00  0.15103142953294D+00
  -.61176739762958D-01  0.58814743186964D-01  0.10422878682303D+00
  0.18838900221649D+00  -.67543342687097D-01  -.23188942622163D+00
  -.87229611852179D+00  0.32982672397168D+00  0.63310418851339D-18
  0.16650199826930D+00  -.15744004474300D+01  0.20480197873425D-17
  0.12005368538350D-17  -.30535670097416D-17  -.53802003523690D+00
  0.97413108207197D+00  -.65760342544947D+00  -.11107937130734D-16
  -.38719740604045D+00  0.11559624840869D+01  0.12657848605531D-17
  0.42381293515869D-17  -.75159350992242D-17  -.26040306277926D-01
  -.16167242265735D+01  0.60131203220598D+00  -.77961326055592D-17
  0.42452556472206D+00  -.89318262897920D+00  0.10932093421756D-16
  0.17158050281871D-17  0.32916659859813D-17  -.64170925799608D+00
$end
