$energy      SCF               SCFKIN            SCFPOT
     1 -588.2679625773      586.4380586221     -1174.706021199
     2 -588.2747380174      586.3269084632     -1174.601646481
     3 -588.2781424666      586.2144843076     -1174.492626774
     4 -588.2784323381      586.1800320748     -1174.458464413
     5 -588.2784963834      586.1668381881     -1174.445334571
     6 -588.2785169431      586.1776464787     -1174.456163422
     7 -588.2785205893      586.1745308989     -1174.453051488
     8 -588.2785210425      586.1743880799     -1174.452909122
     9 -588.2785214670      586.1745032244     -1174.453024691
    10 -588.2785215898      586.1746344003     -1174.453155990
$end
