$grad          cartesian gradients
  cycle =      1    SCF energy =     -588.2679625773   |dE/dxyz| =  0.121192
    0.92322477295764     -1.51010594068182      0.00000000000000      c
    0.29133623570773     -3.46550396763452      0.00000000000000      h
    2.05877128490964     -1.16030027198501      1.68943685520719      h
    2.05877128490964     -1.16030027198501     -1.68943685520719      h
   -1.31580776235057     -0.01129290437854      0.00000000000000      o
   -0.76020638047632      3.04445904156763      0.00000000000000      s
   -3.25608943565822      4.26304431509726      0.00000000000000      o
  0.26249954753004D-01  -.12539581685520D-01  0.00000000000000D+00
  -.45730758487661D-03  0.33932688355609D-02  0.00000000000000D+00
  -.35984802164271D-02  -.24071367133175D-02  -.32005806700737D-02
  -.35984802164271D-02  -.24071367133175D-02  0.32005806700737D-02
  -.23406030937938D-02  0.58367380931562D-01  0.00000000000000D+00
  -.76108835015489D-01  -.21410848949091D-01  0.00000000000000D+00
  0.59811985546512D-01  -.23039340411923D-01  0.00000000000000D+00
  cycle =      2    SCF energy =     -588.2747380174   |dE/dxyz| =  0.066425
    0.90266193881963     -1.51772686377167      0.00000000000000      c
    0.32263278635485     -3.49905351116553      0.00000000000000      h
    2.03734641117524     -1.14161176904394      1.70142690171119      h
    2.03734641117524     -1.14161176904394     -1.70142690171119      h
   -1.31127142428642     -0.05849953642155      0.00000000000000      o
   -0.71522040500348      3.07602547461944      0.00000000000000      s
   -3.27349571823553      4.28247797482718      0.00000000000000      o
  0.14043296351736D-01  -.80339418726543D-02  0.00000000000000D+00
  -.86254398458985D-03  0.10113472655118D-02  0.00000000000000D+00
  -.32499471849096D-02  -.25130566813658D-03  0.47502459390047D-03
  -.32499471849096D-02  -.25130566813658D-03  -.47502459390047D-03
  0.27118428989388D-02  0.32588207899558D-01  0.00000000000000D+00
  -.41437850838754D-01  -.12730669897579D-01  0.00000000000000D+00
  0.32014378325051D-01  -.12394639860096D-01  0.00000000000000D+00
  cycle =      3    SCF energy =     -588.2781424666   |dE/dxyz| =  0.013030
    0.87400287070378     -1.52353354263657      0.00000000000000      c
    0.36649001171778     -3.53168725468046      0.00000000000000      h
    2.02713193318420     -1.12909692689148      1.69616510933248      h
    2.02713193318420     -1.12909692689148     -1.69616510933248      h
   -1.32896536210699     -0.11978576177913      0.00000000000000      o
   -0.67131416658167      3.11062868579461      0.00000000000000      s
   -3.29447722010177      4.32257172708450      0.00000000000000      o
  0.62652272279751D-03  -.14641528101791D-02  0.00000000000000D+00
  -.38177566776737D-03  -.29896359038339D-03  0.00000000000000D+00
  -.19960860883264D-02  0.76634929325367D-03  0.14300643984509D-02
  -.19960860883264D-02  0.76634929325367D-03  -.14300643984509D-02
  0.57369803452856D-02  0.72467472170503D-02  0.00000000000000D+00
  -.53206440443780D-02  -.49681319119381D-02  0.00000000000000D+00
  0.33086950427199D-02  -.21011835943723D-02  0.00000000000000D+00
  cycle =      4    SCF energy =     -588.2784323381   |dE/dxyz| =  0.006062
    0.86705795208101     -1.52571024673020      0.00000000000000      c
    0.38234906650150     -3.53972426376649      0.00000000000000      h
    2.03442095050892     -1.13134804490819      1.68775861238755      h
    2.03442095050892     -1.13134804490819     -1.68775861238755      h
   -1.34835676183275     -0.13943045781176      0.00000000000000      o
   -0.66990705062164      3.11904195311361      0.00000000000000      s
   -3.29998510714642      4.34851910501122      0.00000000000000      o
  -.40823956812064D-03  -.75674085821653D-03  0.00000000000000D+00
  0.14312197030575D-04  -.21582486303773D-03  0.00000000000000D+00
  -.70077734719765D-03  0.32396483847567D-03  0.79508651570548D-03
  -.70077734719765D-03  0.32396483847567D-03  -.79508651570548D-03
  0.23596966539818D-02  0.32314956634831D-02  0.00000000000000D+00
  0.15831713215935D-02  -.31895863537148D-02  0.00000000000000D+00
  -.21810726705258D-02  0.23889164626656D-03  0.00000000000000D+00
  cycle =      5    SCF energy =     -588.2784963834   |dE/dxyz| =  0.005309
    0.86303841815782     -1.52649081748677      0.00000000000000      c
    0.39421439275794     -3.54384970467587      0.00000000000000      h
    2.03882285310724     -1.12998840789114      1.68105814453484      h
    2.03882285310724     -1.12998840789114     -1.68105814453484      h
   -1.36510148137545     -0.15637190372590      0.00000000000000      o
   -0.67319242901600      3.11826675924878      0.00000000000000      s
   -3.29660460673925      4.36842248242203      0.00000000000000      o
  -.39438502278788D-03  -.17656143153033D-03  0.00000000000000D+00
  0.15492126614880D-03  -.18318367710712D-04  0.00000000000000D+00
  0.12380198431283D-03  -.27292862306044D-04  0.12089294255091D-03
  0.12380198431283D-03  -.27292862306044D-04  -.12089294255091D-03
  -.86738889654825D-04  0.97777298292012D-03  0.00000000000000D+00
  0.33317851637324D-02  -.19053882372502D-02  0.00000000000000D+00
  -.33038817482174D-02  0.11422833183120D-02  0.00000000000000D+00
  cycle =      6    SCF energy =     -588.2785169431   |dE/dxyz| =  0.001338
    0.86311905037625     -1.52612349513829      0.00000000000000      c
    0.39686462093375     -3.54381575807170      0.00000000000000      h
    2.03718707566822     -1.12586956095637      1.68046388517933      h
    2.03718707566822     -1.12586956095637     -1.68046388517933      h
   -1.36909777663365     -0.16269534161856      0.00000000000000      o
   -0.67705579407997      3.11295499625264      0.00000000000000      s
   -3.28820425193328      4.37141872048864      0.00000000000000      o
  0.94789834053977D-04  -.29252349802000D-04  0.00000000000000D+00
  -.50913577346212D-04  0.13293479101684D-03  0.00000000000000D+00
  -.28485492000740D-05  -.25273778997276D-04  -.94703068609148D-04
  -.28485492000740D-05  -.25273778997276D-04  0.94703068609148D-04
  0.92157163573248D-04  0.82541503253797D-03  0.00000000000000D+00
  0.12517185397698D-03  -.96613298229897D-03  0.00000000000000D+00
  -.31552089846087D-03  0.58055050780270D-04  0.00000000000000D+00
  cycle =      7    SCF energy =     -588.2785205893   |dE/dxyz| =  0.000399
    0.86215072299462     -1.52672000929794      0.00000000000000      c
    0.40085419694179     -3.54593676339535      0.00000000000000      h
    2.03615148712511     -1.12401836399724      1.68044315879572      h
    2.03615148712511     -1.12401836399724     -1.68044315879572      h
   -1.37207988837773     -0.16746706090563      0.00000000000000      o
   -0.67760166842008      3.11274799006842      0.00000000000000      s
   -3.28562633738928      4.37541257152497      0.00000000000000      o
  -.14407698694496D-03  0.11127946163958D-03  0.00000000000000D+00
  0.12951642995085D-04  0.20373212901603D-04  0.00000000000000D+00
  0.73363149927674D-04  0.41401186924278D-04  -.20742070071078D-04
  0.73363149927674D-04  0.41401186924278D-04  0.20742070071078D-04
  -.71985622538406D-04  -.72339376595565D-05  0.00000000000000D+00
  -.67076664160837D-04  -.30370891903164D-03  0.00000000000000D+00
  0.59582429904559D-04  0.69612235687799D-04  0.00000000000000D+00
  cycle =      8    SCF energy =     -588.2785210425   |dE/dxyz| =  0.000440
    0.86240021166120     -1.52702799507153      0.00000000000000      c
    0.40052175293433     -3.54627861951090      0.00000000000000      h
    2.03627477977455     -1.12479215882306      1.68078659457004      h
    2.03627477977455     -1.12479215882306     -1.68078659457004      h
   -1.37111798217195     -0.16682001972262      0.00000000000000      o
   -0.67749223729307      3.11460084768078      0.00000000000000      s
   -3.28686130468006      4.37511010427039      0.00000000000000      o
  -.18414190767402D-03  0.25871675903844D-04  0.00000000000000D+00
  -.36175212588141D-04  -.15945881001400D-04  0.00000000000000D+00
  0.54051718430426D-04  0.22863746902801D-04  0.27850274699204D-04
  0.54051718430426D-04  0.22863746902801D-04  -.27850274699204D-04
  0.87451812833095D-04  0.76969839639673D-04  0.00000000000000D+00
  0.22773669449805D-03  -.77638174076355D-04  0.00000000000000D+00
  -.26513911229387D-03  -.83093894115649D-04  0.00000000000000D+00
  cycle =      9    SCF energy =     -588.2785214670   |dE/dxyz| =  0.000123
    0.86242612253452     -1.52723002049550      0.00000000000000      c
    0.40166790854087     -3.54670380930390      0.00000000000000      h
    2.03595844237784     -1.12446423923483      1.68078314344157      h
    2.03595844237784     -1.12446423923483     -1.68078314344157      h
   -1.37185112520381     -0.16787354383762      0.00000000000000      o
   -0.67804740900613      3.11429828962706      0.00000000000000      s
   -3.28611238162159      4.37643756247962      0.00000000000000      o
  -.66189523522553D-04  -.15910326050417D-04  0.00000000000000D+00
  -.71698668112630D-05  -.47123749098432D-05  0.00000000000000D+00
  0.27792712054886D-04  0.19938825659760D-04  0.85068566113566D-05
  0.27792712054886D-04  0.19938825659760D-04  -.85068566113566D-05
  0.11738296375796D-04  0.43799872376127D-04  0.00000000000000D+00
  -.33945096724608D-04  -.52101274254923D-04  0.00000000000000D+00
  -.23536012314196D-04  -.38101567064075D-04  0.00000000000000D+00
$end
