$hessapprox internal
  0.433797616766D+00  0.166637016263D-02  0.569456804710D+00 -0.232295323699D-01
  0.564232198447D-02  0.111720938636D+00  0.665196130386D-02  0.133942616961D-02
  0.273434267956D-01  0.491807603797D+00  0.791533018398D-02 -0.753077839901D-01
 -0.244345368478D-01  0.435342556404D-02  0.305356264516D+00 -0.720259959083D-02
 -0.762216893024D-02 -0.168240076160D-01 -0.167851574111D-02 -0.115529488228D-02
  0.401336280128D+00 -0.167391963300D-03 -0.745351617778D-02  0.135933916237D-02
 -0.397948688515D-02 -0.427611098883D-02  0.258375652701D-01  0.335279500246D+00
  0.108448172477D-01 -0.290511484785D-02  0.351428218235D-01 -0.686806584428D-02
 -0.327047045178D-01  0.407796328189D-01 -0.322083921747D-01  0.250426229268D+00
 -0.762775872750D-02 -0.264401000979D-01  0.367206187304D-01  0.350967901941D-01
  0.378432812549D-01 -0.349176270846D-01 -0.629018750885D-01  0.364178977248D-01
  0.526560060057D+00  0.122382719089D-01  0.783365199710D-01 -0.286766180203D-01
  0.359727203960D-02  0.131611916947D-01  0.243236345290D-01  0.318149229276D-01
 -0.348706152947D-01 -0.367099397319D-01  0.605434806358D+00
$end
