$hessian (projected)
 1  1   0.4834099412   0.0313253963   0.0000000000  -0.0623676090  -0.0671437733
 1  2   0.0000000000  -0.1027558140  -0.0293884918  -0.0919675863  -0.1027558140
 1  3  -0.0293884918   0.0919675863  -0.2170975467   0.0817027340   0.0000000000
 1  4  -0.0063274022   0.0151368640   0.0000000000   0.0078942449  -0.0022442375
 1  5   0.0000000000
 2  1   0.0313253963   0.5599775055   0.0000000000  -0.0722283372  -0.2755140580
 2  2   0.0000000000  -0.0276216929  -0.0610302180  -0.0424135649  -0.0276216929
 2  3  -0.0610302180   0.0424135649   0.0691322881  -0.1240165037   0.0000000000
 2  4   0.0271586717  -0.0295918286   0.0000000000  -0.0001446331  -0.0087946791
 2  5   0.0000000000
 3  1   0.0000000000   0.0000000000   0.5097218800   0.0000000000   0.0000000000
 3  2  -0.0460857336  -0.0910736579  -0.0432761048  -0.2010163329   0.0910736579
 3  3   0.0432761048  -0.2010163329   0.0000000000   0.0000000000  -0.0644690290
 3  4   0.0000000000   0.0000000000   0.0046700191   0.0000000000   0.0000000000
 3  5  -0.0018044707
 4  1  -0.0623676090  -0.0722283372   0.0000000000   0.0712005623   0.0615020370
 4  2   0.0000000000  -0.0036154737  -0.0148806313   0.0014884661  -0.0036154737
 4  3  -0.0148806313  -0.0014884661   0.0014305288   0.0418227873   0.0000000000
 4  4  -0.0020691395  -0.0034193054   0.0000000000  -0.0009633952   0.0020840810
 4  5   0.0000000000
 5  1  -0.0671437733  -0.2755140580   0.0000000000   0.0615020370   0.3111402102
 5  2   0.0000000000  -0.0035713053  -0.0062199741  -0.0001999750  -0.0035713053
 5  3  -0.0062199741   0.0001999750   0.0095088359  -0.0285046281   0.0000000000
 5  4   0.0026430785   0.0069063032   0.0000000000   0.0006324326  -0.0015878791
 5  5   0.0000000000
 6  1   0.0000000000   0.0000000000  -0.0460857336   0.0000000000   0.0000000000
 6  2   0.0436909604  -0.0074259034  -0.0250342300   0.0006746018   0.0074259034
 6  3   0.0250342300   0.0006746018   0.0000000000   0.0000000000   0.0010092044
 6  4   0.0000000000   0.0000000000  -0.0015457959   0.0000000000   0.0000000000
 6  5   0.0015821612
 7  1  -0.1027558140  -0.0276216929  -0.0910736579  -0.0036154737  -0.0035713053
 7  2  -0.0074259034   0.1311888840   0.0231587161   0.1117042783   0.0100397184
 7  3   0.0029035341   0.0118637391  -0.0351847766   0.0092953152  -0.0258849554
 7  4   0.0004425941  -0.0042083037   0.0002970102  -0.0001151322   0.0000437365
 7  5   0.0005194892
 8  1  -0.0293884918  -0.0610302180  -0.0432761048  -0.0148806313  -0.0062199741
 8  2  -0.0250342300   0.0231587161   0.0589730020   0.0431502888   0.0029035341
 8  3   0.0029504138   0.0074292569   0.0171570505   0.0013491460   0.0175964189
 8  4   0.0023146540   0.0042722571   0.0011707938  -0.0012648315  -0.0002946267
 8  5  -0.0010364236
 9  1  -0.0919675863  -0.0424135649  -0.2010163329   0.0014884661  -0.0001999750
 9  2   0.0006746018   0.1117042783   0.0431502888   0.2170158946  -0.0118637391
 9  3  -0.0074292569  -0.0240977333  -0.0098861431   0.0080977027   0.0080542635
 9  4   0.0013019175  -0.0014093715  -0.0011383266  -0.0007771933   0.0002041767
 9  5   0.0005076329
10  1  -0.1027558140  -0.0276216929   0.0910736579  -0.0036154737  -0.0035713053
10  2   0.0074259034   0.0100397184   0.0029035341  -0.0118637391   0.1311888840
10  3   0.0231587161  -0.1117042783  -0.0351847766   0.0092953152   0.0258849554
10  4   0.0004425941  -0.0042083037  -0.0002970102  -0.0001151322   0.0000437365
10  5  -0.0005194892
11  1  -0.0293884918  -0.0610302180   0.0432761048  -0.0148806313  -0.0062199741
11  2   0.0250342300   0.0029035341   0.0029504138  -0.0074292569   0.0231587161
11  3   0.0589730020  -0.0431502888   0.0171570505   0.0013491460  -0.0175964189
11  4   0.0023146540   0.0042722571  -0.0011707938  -0.0012648315  -0.0002946267
11  5   0.0010364236
12  1   0.0919675863   0.0424135649  -0.2010163329  -0.0014884661   0.0001999750
12  2   0.0006746018   0.0118637391   0.0074292569  -0.0240977333  -0.1117042783
12  3  -0.0431502888   0.2170158946   0.0098861431  -0.0080977027   0.0080542635
12  4  -0.0013019175   0.0014093715  -0.0011383266   0.0007771933  -0.0002041767
12  5   0.0005076329
13  1  -0.2170975467   0.0691322881   0.0000000000   0.0014305288   0.0095088359
13  2   0.0000000000  -0.0351847766   0.0171570505  -0.0098861431  -0.0351847766
13  3   0.0171570505   0.0098861431   0.3375034395  -0.0981062276   0.0000000000
13  4  -0.0578511385  -0.0460556229   0.0000000000   0.0063842701   0.0312066255
13  5   0.0000000000
14  1   0.0817027340  -0.1240165037   0.0000000000   0.0418227873  -0.0285046281
14  2   0.0000000000   0.0092953152   0.0013491460   0.0080977027   0.0092953152
14  3   0.0013491460  -0.0080977027  -0.0981062276   0.2576514258   0.0000000000
14  4  -0.0608181582  -0.1078491946   0.0000000000   0.0168082341   0.0000206085
14  5   0.0000000000
15  1   0.0000000000   0.0000000000  -0.0644690290   0.0000000000   0.0000000000
15  2   0.0010092044  -0.0258849554   0.0175964189   0.0080542635   0.0258849554
15  3  -0.0175964189   0.0080542635   0.0000000000   0.0000000000   0.0499705105
15  4   0.0000000000   0.0000000000  -0.0017866456   0.0000000000   0.0000000000
15  5  -0.0008325674
16  1  -0.0063274022   0.0271586717   0.0000000000  -0.0020691395   0.0026430785
16  2   0.0000000000   0.0004425941   0.0023146540   0.0013019175   0.0004425941
16  3   0.0023146540  -0.0013019175  -0.0578511385  -0.0608181582   0.0000000000
16  4   0.4205333950  -0.0957604734   0.0000000000  -0.3551709031   0.1221475735
16  5   0.0000000000
17  1   0.0151368640  -0.0295918286   0.0000000000  -0.0034193054   0.0069063032
17  2   0.0000000000  -0.0042083037   0.0042722571  -0.0014093715  -0.0042083037
17  3   0.0042722571   0.0014093715  -0.0460556229  -0.1078491946   0.0000000000
17  4  -0.0957604734   0.2195252480   0.0000000000   0.1385151451  -0.0975350424
17  5   0.0000000000
18  1   0.0000000000   0.0000000000   0.0046700191   0.0000000000   0.0000000000
18  2  -0.0015457959   0.0002970102   0.0011707938  -0.0011383266  -0.0002970102
18  3  -0.0011707938  -0.0011383266   0.0000000000   0.0000000000  -0.0017866456
18  4   0.0000000000   0.0000000000   0.0010973394   0.0000000000   0.0000000000
18  5  -0.0001582638
19  1   0.0078942449  -0.0001446331   0.0000000000  -0.0009633952   0.0006324326
19  2   0.0000000000  -0.0001151322  -0.0012648315  -0.0007771933  -0.0001151322
19  3  -0.0012648315   0.0007771933   0.0063842701   0.0168082341   0.0000000000
19  4  -0.3551709031   0.1385151451   0.0000000000   0.3420860477  -0.1532815155
19  5   0.0000000000
20  1  -0.0022442375  -0.0087946791   0.0000000000   0.0020840810  -0.0015878791
20  2   0.0000000000   0.0000437365  -0.0002946267   0.0002041767   0.0000437365
20  3  -0.0002946267  -0.0002041767   0.0312066255   0.0000206085   0.0000000000
20  4   0.1221475735  -0.0975350424   0.0000000000  -0.1532815155   0.1084862455
20  5   0.0000000000
21  1   0.0000000000   0.0000000000  -0.0018044707   0.0000000000   0.0000000000
21  2   0.0015821612   0.0005194892  -0.0010364236   0.0005076329  -0.0005194892
21  3   0.0010364236   0.0005076329   0.0000000000   0.0000000000  -0.0008325674
21  4   0.0000000000   0.0000000000  -0.0001582638   0.0000000000   0.0000000000
21  5   0.0001978749
$end
