$vibrational normal modes
 1  1   0.1311277659   0.0498427342  -0.1777291331   0.3813482486  -0.0089665026
 1  2  -0.0020573861   0.0000000000  -0.0000000000  -0.1318940062  -0.1367845719
 1  3  -0.0191127438  -0.0620792486  -0.4670110873   0.0000000000   0.0927332098
 1  4   0.0788060199   0.0000000000  -0.0502539709   0.0504520562   0.0000000000
 1  5   0.0313352368
 2  1   0.0193851787   0.0073684647   0.0444055502   0.1610213701   0.3685167655
 2  2  -0.0186535414   0.0000000000   0.0000000000  -0.2199470561   0.3435197939
 2  3  -0.0128488442   0.0391611980   0.3132558323   0.0000000000   0.1255801246
 2  4  -0.0768797107  -0.0000000000  -0.0320917122   0.0079920431   0.0000000000
 2  5   0.0809628301
 3  1  -0.3097954750  -0.3039720312   0.0890565990   0.0967613669  -0.0886923010
 3  2  -0.2729265770  -0.2419432768  -0.0144444331   0.0000000000  -0.0000000000
 3  3   0.0000000000   0.0000000000   0.0000000000  -0.1439709243   0.0000000000
 3  4  -0.0000000000   0.0553987585  -0.0000000000  -0.0000000000   0.0916814869
 3  5  -0.0000000000
 4  1   0.1234946633   0.0469413296  -0.3824179869   0.5096993597   0.0869128857
 4  2   0.0098375440   0.0000000000   0.0000000000  -0.5410598722   0.0253370980
 4  3   0.6352734000  -0.1081910164  -0.3876442858  -0.0000000000  -0.6903982990
 4  4  -0.6247044646  -0.0000000000  -0.2570261224   0.0541385066  -0.0000000000
 4  5  -0.2348197743
 5  1   0.0211247496   0.0080296898   0.0910537862   0.1317703737   0.3466660186
 5  2  -0.0213643754   0.0000000000   0.0000000000  -0.1298768673   0.3153739348
 5  3  -0.1785956747   0.0374899397   0.2532366462   0.0000000000   0.3019431180
 5  4   0.1103094177   0.0000000000   0.0427442923   0.2056349552  -0.0000000000
 5  5  -0.9496499028
 6  1  -0.2377631231  -0.2154558723  -0.0363962943   0.0506588358  -0.0780187129
 6  2  -0.6581883314  -0.1186404066  -0.6314468356   0.0000000000   0.0000000000
 6  3   0.0000000000   0.0000000000  -0.0000000000   0.2780502516  -0.0000000000
 6  4   0.0000000000  -0.7187469106   0.0000000000  -0.0000000000   0.0301179388
 6  5  -0.0000000000
 7  1   0.1606828848   0.3402481903  -0.2763501715   0.2849081450   0.0085886417
 7  2  -0.2655122301   0.3735671715  -0.1801566044  -0.0463487698  -0.1849086512
 7  3  -0.0878592531  -0.0025655648  -0.2963985358  -0.5808430898   0.1466835284
 7  4  -0.2716702191  -0.0463894572   0.4986172947  -0.3679350681  -0.3953451215
 7  5  -0.0623324886
 8  1   0.0685118019   0.0133004901  -0.1471423600   0.2133643191   0.4247439605
 8  2  -0.2728816037  -0.0127681063  -0.4633280186  -0.4788377826   0.4820981848
 8  3   0.2827367525  -0.0567882712   0.1420073512   0.2635336038  -0.4148288776
 8  4   0.4570999370   0.4836075479   0.2227895931  -0.1299660613  -0.1522689569
 8  5  -0.0079289072
 9  1  -0.3422015015  -0.5081160065   0.2038105365   0.1515374459  -0.1144234075
 9  2  -0.0280846609  -0.4965572144   0.2212596969   0.0039986930  -0.0030748979
 9  3  -0.0161619889   0.0042249145   0.0091364496   0.2047388035   0.0800540006
 9  4   0.0985965352  -0.0637950971  -0.4073672111  -0.5690339607  -0.5620143145
 9  5  -0.1174494247
10  1   0.1046178808  -0.2394052037   0.0025527248   0.4265825503  -0.0647728230
10  2   0.2566519638  -0.3735671715   0.1801566044  -0.0463487698  -0.1849086512
10  3  -0.0878592531  -0.0025655648  -0.2963985358   0.5808430898   0.1466835284
10  4  -0.2716702191   0.0463894572   0.4986172947  -0.3679350681   0.3953451215
10  5  -0.0623324886
11  1  -0.0386107149  -0.0019348429  -0.0018843990   0.2578157724   0.4236964597
11  2   0.2493958143   0.0127681063   0.4633280186  -0.4788377826   0.4820981848
11  3   0.2827367525  -0.0567882712   0.1420073512  -0.2635336038  -0.4148288776
11  4   0.4570999370  -0.4836075479   0.2227895931  -0.1299660613   0.1522689569
11  5  -0.0079289072
12  1  -0.3422015015  -0.5081160065   0.2038105365   0.1515374459  -0.1144234075
12  2  -0.0280846609  -0.4965572144   0.2212596969  -0.0039986930   0.0030748979
12  3   0.0161619889  -0.0042249145  -0.0091364496   0.2047388035  -0.0800540006
12  4  -0.0985965352  -0.0637950971   0.4073672111   0.5690339607  -0.5620143145
12  5   0.1174494247
13  1   0.1362642139   0.0517951400  -0.0399904311   0.2949785460  -0.0734854162
13  2  -0.0100616922   0.0000000000  -0.0000000000   0.1302316850  -0.2004726118
13  3  -0.2828886360   0.0880683448   0.4093279190   0.0000000000  -0.0596535306
13  4   0.0131555915   0.0000000000  -0.0098306771   0.0051534690   0.0000000000
13  5  -0.0008067230
14  1   0.0278305216   0.0105786084   0.2708753947   0.0190123861   0.2624348282
14  2  -0.0318142139   0.0000000000  -0.0000000000   0.1805489776   0.2184684788
14  3  -0.4313187333  -0.0121459221  -0.2857907876  -0.0000000000  -0.0642156073
14  4  -0.0176146008  -0.0000000000  -0.0072377240  -0.0035810012  -0.0000000000
14  5   0.0012846052
15  1  -0.3158354670   0.0751646091  -0.0376068231   0.0205607261  -0.0403523811
15  2  -0.4088682142   0.2489673206   0.0888414006   0.0000000000   0.0000000000
15  3   0.0000000000   0.0000000000   0.0000000000   0.0668304803  -0.0000000000
15  4  -0.0000000000   0.0115432284   0.0000000000   0.0000000000   0.0000340593
15  5   0.0000000000
16  1   0.1486715514   0.0565112703   0.2927240404   0.0863483675  -0.2293339610
16  2  -0.0293964791   0.0000000000  -0.0000000000   0.0698969851   0.1363452129
16  3   0.1402931884  -0.4145302115   0.0252778727   0.0000000000   0.0077791315
16  4   0.0001794227  -0.0000000000   0.0006700603  -0.0002408116  -0.0000000000
16  5  -0.0000360226
17  1   0.0252079269   0.0095817388   0.2005480398   0.0631114856   0.2953772363
17  2  -0.0277273330   0.0000000000  -0.0000000000   0.1547453091  -0.1141302072
17  3   0.2825649555   0.1741404056  -0.0072943210   0.0000000000   0.0044397010
17  4   0.0060506062   0.0000000000   0.0005524984   0.0005566700  -0.0000000000
17  5  -0.0006377676
18  1  -0.4320168340  -0.0593619688   0.1618120224   0.0932126943  -0.0565181579
18  2   0.2089354504   0.1371186126  -0.0315426621   0.0000000000   0.0000000000
18  3  -0.0000000000  -0.0000000000  -0.0000000000  -0.0008503962  -0.0000000000
18  4   0.0000000000   0.0010208676  -0.0000000000  -0.0000000000   0.0001030651
18  5  -0.0000000000
19  1   0.1534431479   0.0583249930   0.4206789040   0.0061136669  -0.2892699753
19  2  -0.0368322243   0.0000000000  -0.0000000000  -0.1313673388   0.0516165807
19  3  -0.0128732242   0.7964251483  -0.0476214810  -0.0000000000  -0.0005404131
19  4   0.0009105790   0.0000000000  -0.0004187548   0.0004029394  -0.0000000000
19  5   0.0000024832
20  1   0.0350644511   0.0133282841   0.4648600425  -0.1026266021   0.1715694536
20  2  -0.0430870985   0.0000000000  -0.0000000000  -0.2570341135  -0.3282454260
20  3  -0.1496902161  -0.3614503362   0.0313930649   0.0000000000  -0.0057117503
20  4  -0.0013403307   0.0000000000  -0.0005420901  -0.0001136860  -0.0000000000
20  5   0.0000401631
21  1  -0.4287536261   0.3845934822   0.0000000000   0.0000000000   0.0000000000
21  2   0.0000000000  -0.2720893555  -0.0028812168  -0.0000000000   0.0000000000
21  3  -0.0000000000  -0.0000000000  -0.0000000000  -0.0003582367  -0.0000000000
21  4   0.0000000000  -0.0018587080  -0.0000000000   0.0000000000  -0.0001512894
21  5   0.0000000000
$end
