$coord
    0.27258846682972     -0.34742983349371     -0.55587492471681  c
    1.78434875276723     -1.39863126510233      1.30404649806714  c
    1.96276827950720     -4.00948008315414      1.46099131504888  c
    0.65770929704231     -5.53455498066831     -0.22438497276465  c
   -0.84256361363225     -4.44725472425370     -2.08022268005454  c
   -1.04787938033502     -1.84149560955157     -2.25187919531076  c
    0.12868036235675      2.26279192433503     -0.82326494178675  o
   -1.65279626688541      3.89997290694439      1.14640018829382  s
    2.79394234682162     -0.17993405622571      2.59638782879676  h
    3.13720057827090     -4.85228045427414      2.90979317617954  h
    0.81197117000117     -7.57069063884312     -0.09511479156606  h
   -1.86120701398603     -5.63054310601009     -3.40354726883028  h
   -2.20286188965604     -0.95388215837749     -3.68820420557210  h
   -0.86802717252585      3.42293841019949      3.77680097233787  o
$user-defined bonds
$redundant
     number_of_atoms            14
     degrees_of_freedom         36
     internal_coordinates       36
     frozen_coordinates          0
# definitions of redundant internals
   1 k  1.0000000000000 stre   2    9           val=   2.04320
   2 k -0.7071056412454 bend   1    9    2      val=   0.90467
        0.7071079211258 bend   3    9    2
   3 k  1.0000000000000 outp   9    3    1    2 val=  -0.03355
   4 k  1.0000000000000 stre   3   10           val=   2.04661
   5 k -0.7071061061916 bend   2   10    3      val=   0.32289
        0.7071074561809 bend   4   10    3
   6 k  1.0000000000000 outp  10    4    2    3 val=   0.17661
   7 k  1.0000000000000 stre   4   11           val=   2.04606
   8 k -0.7071066681346 bend   5   11    4      val=   0.01442
        0.7071068942384 bend   3   11    4
   9 k  1.0000000000000 outp  11    3    5    4 val=  -0.10877
  10 k  1.0000000000000 stre   5   12           val=   2.04670
  11 k  0.7071070034934 bend   4   12    5      val=   0.29220
       -0.7071065588797 bend   6   12    5
  12 k  1.0000000000000 outp  12    6    4    5 val=  -0.01943
  13 k  1.0000000000000 stre   6   13           val=   2.04570
  14 k  0.7071068128799 bend   5   13    6      val=   0.99143
       -0.7071067494932 bend   1   13    6
  15 k  1.0000000000000 outp  13    1    5    6 val=   0.42108
  16 k  1.0000000000000 tors  14    8    7    1 val=  56.65424
  17 k  1.0000000000000 stre   8   14           val=   2.78611
  18 k  1.0000000000000 bend   7   14    8      val= 110.20370
  19 k  0.7071067811865 tors   8    7    1    2 val=  13.00577
        0.7071067811865 tors   8    7    1    6
  20 k  1.0000000000000 stre   7    8           val=   3.11987
  21 k  1.0000000000000 bend   1    8    7      val= 119.22722
  22 k  1.0000000000000 stre   1    7           val=   2.62783
  23 k  0.7071160120339 bend   2    7    1      val=   0.97065
       -0.7070975502187 bend   6    7    1
  24 k  1.0000000000000 outp   7    6    2    1 val=  -2.24209
  25 k  1.0000000000000 stre   1    2           val=   2.61720
  26 k  1.0000000000000 stre   2    3           val=   2.62164
  27 k  1.0000000000000 stre   3    4           val=   2.62098
  28 k  1.0000000000000 stre   4    5           val=   2.62244
  29 k  1.0000000000000 stre   5    6           val=   2.61947
  30 k  1.0000000000000 stre   6    1           val=   2.61769
  31 k -0.2886751345948 bend   1    3    2      val=   0.53124
       -0.2886751345948 bend   2    4    3
        0.5773502691896 bend   3    5    4
       -0.2886751345948 bend   4    6    5
       -0.2886751345948 bend   5    1    6
        0.5773502691896 bend   6    2    1
  32 k  0.5000000000000 bend   1    3    2      val=  -0.12121
       -0.5000000000000 bend   2    4    3
        0.5000000000000 bend   4    6    5
       -0.5000000000000 bend   5    1    6
  33 k -0.4082482904639 bend   1    3    2      val=   0.73931
        0.4082482904639 bend   2    4    3
       -0.4082482904639 bend   3    5    4
        0.4082482904639 bend   4    6    5
       -0.4082482904639 bend   5    1    6
        0.4082482904639 bend   6    2    1
  34 k -0.2886751345948 tors   2    3    4    5 val=   0.22471
       -0.2886751345948 tors   3    4    5    6
        0.5773502691896 tors   4    5    6    1
       -0.2886751345948 tors   5    6    1    2
       -0.2886751345948 tors   6    1    2    3
        0.5773502691896 tors   1    2    3    4
  35 k  0.5000000000000 tors   2    3    4    5 val=   0.02806
       -0.5000000000000 tors   3    4    5    6
        0.5000000000000 tors   5    6    1    2
       -0.5000000000000 tors   6    1    2    3
  36 k -0.4082482904639 tors   2    3    4    5 val=  -0.00454
        0.4082482904639 tors   3    4    5    6
       -0.4082482904639 tors   4    5    6    1
        0.4082482904639 tors   5    6    1    2
       -0.4082482904639 tors   6    1    2    3
        0.4082482904639 tors   1    2    3    4
        36 non zero eigenvalues  of BmBt
           1          10.556151092    1    0
         1
           2           5.011656661    2    0
         2
           3           4.819947298    3    0
         3
           4           4.360017714    4    0
         4
           5           4.233580452    5    0
         5
           6           3.567083801    6    0
         6
           7           3.462601959    7    0
         7
           8           3.408179489    8    0
         8
           9           3.135781344    9    0
         9
          10           2.665260875   10    0
        10
          11           2.469862554   11    0
        11
          12           2.133748119   12    0
        12
          13           1.928811568   13    0
        13
          14           1.874073340   14    0
        14
          15           1.816036186   15    0
        15
          16           1.609940260   16    0
        16
          17           1.541120050   17    0
        17
          18           1.045598833   18    0
        18
          19           0.933017824   19    0
        19
          20           0.778302207   20    0
        20
          21           0.584824512   21    0
        21
          22           0.487387121   22    0
        22
          23           0.380564566   23    0
        23
          24           0.374257118   24    0
        24
          25           0.341163100   25    0
        25
          26           0.335537398   26    0
        26
          27           0.289220575   27    0
        27
          28           0.277048705   28    0
        28
          29           0.262303365   29    0
        29
          30           0.247609506   30    0
        30
          31           0.143164805   31    0
        31
          32           0.126323012   32    0
        32
          33           0.105194388   33    0
        33
          34           0.093788922   34    0
        34
          35           0.042730314   35    0
        35
          36           0.020816112   36    0
        36
$end
