$dipgrad          cartesian dipole gradients
  0.11594587159954D+00  -.86067697993409D-01  0.19811864949907D-01
  -.23434379517326D+00  0.13868475099618D+01  0.26020462497681D+00
  0.14789339729764D+00  -.13544847464113D+00  0.18079961634805D-01
  -.12298229991522D+00  0.11030206064363D+00  0.31691807590844D-01
  0.63729623678804D-01  -.16292770604437D+00  -.26821669740299D-02
  0.65710755010729D-01  0.10995572911222D+00  -.13289803121005D+00
  -.80790761506787D-01  0.37020842091027D-01  0.15870948321140D+00
  -.38826004017499D-01  0.60121688855787D-01  -.25563966639811D-01
  0.16764695395628D+00  -.67508498211609D-01  -.37800266045580D-01
  -.12432804201927D+00  0.64474794414458D-01  0.20018453235768D-01
  -.43212432961023D-02  0.55390449660474D-01  -.27757768700858D-01
  0.53776837838155D-01  -.72147212040070D-01  -.13037889844767D+00
  -.91428559534355D-02  0.85409010426020D-01  0.27427401191963D-01
  0.24314387772861D-01  0.46571363922248D-01  0.31875884489938D-01
  0.10137539254551D+00  0.31666497726062D-02  0.22367780035275D-01
  -.33519334748401D-01  -.36263070285619D-01  -.25758885461385D-01
  0.22912154729035D-01  -.19923450259909D+00  -.93435211570603D-01
  0.21927239419102D-01  -.10387547749561D+00  -.55144615954248D-02
  -.45411343375173D+00  0.52811511188429D+00  0.33572919228612D+00
  0.46185543180424D+00  -.16197303134014D+01  -.50750357798477D+00
  0.16356429006022D+00  -.31766683111288D+00  -.60584154739729D+00
  0.66923296725712D+00  -.72495260508385D+00  -.26234586111968D+00
  -.37173490657786D+00  0.71116215851881D+00  0.28152995803892D+00
  -.48672027623350D+00  0.89220572762090D+00  0.13344323142356D+01
  0.10039828109817D+00  -.32989435535256D-01  -.32350386824931D-01
  -.39328982259173D-01  0.48574173284288D-01  -.28704393347424D-01
  -.47020449188924D-01  -.37969570288732D-01  0.62539264823152D-01
  0.53137478515400D-01  0.44396929556255D-01  -.75103058085392D-01
  0.37804537301109D-01  0.36974763636212D-01  0.32377257753915D-01
  -.80613942559348D-01  0.39661696615120D-01  0.17194648130301D-01
  0.10842811954312D+00  0.22992188632774D-01  -.29886027514416D-01
  0.13656446251672D-01  -.78290005347373D-01  0.67042454122061D-02
  -.29504748218390D-01  0.16130602975833D-02  0.93137453428787D-01
  0.77918374728256D-01  -.35060339749330D-01  -.84149011928702D-01
  -.33382132816944D-01  0.10509814933956D-01  -.62842764382393D-01
  -.77831107237778D-01  -.59978709090897D-01  0.37389619446121D-01
  0.87792347168057D-01  0.35217310909265D-01  -.79048765964390D-01
  0.33976786072614D-01  0.51747079244996D-01  0.47401290904499D-01
  -.75079582955981D-01  0.43810427439091D-01  0.61218333372316D-01
  -.38797670472108D+00  -.12595099910032D-01  -.47462055670003D-02
  0.63687696530751D-01  -.34771646733285D+00  0.88396588023423D-01
  0.74875240266283D-01  -.29581851797658D+00  -.73392616311634D+00
$end
