$energy      SCF               SCFKIN            SCFPOT
     1 -779.7917046101      775.4591505789     -1555.250855189
     2 -779.7902818862      775.4629349313     -1555.253216817
     3 -779.7917126003      775.4592838581     -1555.250996458
     4 -779.7917172324      775.4596429902     -1555.251360223
     5 -779.7917544018      775.4601674773     -1555.251921879
     6 -779.7919386704      775.4734593964     -1555.265398067
     7 -779.7921013175      775.4749691749     -1555.267070492
     8 -779.7924400761      775.4800829476     -1555.272523024
     9 -779.7924528327      775.4798585929     -1555.272311426
    10 -779.7930111219      775.5016423120     -1555.294653434
    11 -779.7934614719      775.5231920881     -1555.316653560
    12 -779.7940540674      775.5412765590     -1555.335330626
    13 -779.7949102270      775.5539573401     -1555.348867567
    14 -779.7953830496      775.5731931747     -1555.368576224
    15 -779.7960120719      775.5904180084     -1555.386430080
    16 -779.7964884872      775.5971119693     -1555.393600457
    17 -779.7970408856      775.6037237379     -1555.400764624
    18 -779.7976147100      775.6111565157     -1555.408771226
    19 -779.7985555174      775.6295950517     -1555.428150569
    20 -779.7992230631      775.6490275934     -1555.448250657
    21 -779.7998424706      775.6624177929     -1555.462260263
    22 -779.8002741503      775.6750599231     -1555.475334073
    23 -779.8007254329      775.6808988836     -1555.481624317
    24 -779.8015432381      775.6789343344     -1555.480477573
    25 -779.8028121658      775.6738935071     -1555.476705673
    26 -779.8036237773      775.6890864721     -1555.492710249
    27 -779.8046338516      775.7126598579     -1555.517293710
    28 -779.8057169515      775.7398817618     -1555.545598713
    29 -779.8064707634      775.7532772375     -1555.559748001
    30 -779.8070593467      775.7711214103     -1555.578180757
    31 -779.8073167511      775.7959085858     -1555.603225337
    32 -779.8076535907      775.8053518804     -1555.613005471
    33 -779.8079755445      775.8125294257     -1555.620504970
    34 -779.8080490808      775.8011050811     -1555.609154162
    35 -779.8082435854      775.8074887194     -1555.615732305
    36 -779.8084173510      775.8034358166     -1555.611853168
    37 -779.8086138682      775.8261325938     -1555.634746462
    38 -779.8090254689      775.8260790880     -1555.635104557
    39 -779.8098751779      775.8530638942     -1555.662939072
    40 -779.8108440562      775.8879478868     -1555.698791943
    41 -779.8118645997      775.9364907136     -1555.748355313
    42 -779.8134497772      776.0186477997     -1555.832097577
    43 -779.8145684216      776.0934439595     -1555.908012381
    44 -779.8154119867      776.1450616991     -1555.960473686
    45 -779.8170977659      776.2505812115     -1556.067678977
    46 -779.8184491046      776.3379423903     -1556.156391495
    47 -779.8200075222      776.4300968494     -1556.250104372
    48 -779.8222974142      776.5353290334     -1556.357626448
    49 -779.8238514363      776.6555727032     -1556.479424140
    50 -779.8241826599      776.6616214605     -1556.485804120
    51 -779.8244422583      776.6813861335     -1556.505828392
    52 -779.8245157175      776.6855010103     -1556.510016728
    53 -779.8245499646      776.6995801851     -1556.524130150
    54 -779.8245627322      776.6953432823     -1556.519906014
    55 -779.8245813305      776.6961712843     -1556.520752615
    56 -779.8246089143      776.6936528138     -1556.518261728
    57 -779.8246958653      776.6742464111     -1556.498942276
    58 -779.8247583137      776.6681858345     -1556.492944148
    59 -779.8248982937      776.6590013594     -1556.483899653
    60 -779.8249823811      776.6539455576     -1556.478927939
    61 -779.8249887087      776.6535185673     -1556.478507276
    62 -779.8249911061      776.6526264849     -1556.477617591
    63 -779.8249919726      776.6521513666     -1556.477143339
    64 -779.8249933588      776.6512029765     -1556.476196335
    65 -779.8249930944      776.6516572816     -1556.476650376
    66 -779.8249934465      776.6513207279     -1556.476314174
    67 -779.8249934408      776.6516624797     -1556.476655920
    68 -779.8249934617      776.6517741023     -1556.476767564
    69 -779.8249934945      776.6516941004     -1556.476687595
    70 -779.8249935369      776.6517374410     -1556.476730978
    71 -779.8249935474      776.6518168705     -1556.476810418
    72 -779.8246023516      776.6521801689     -1556.476782520
    73 -779.8246022951      776.6526920276     -1556.477294323
    74 -779.8246023188      776.6530326553     -1556.477634974
    75 -779.8246023222      776.6526995952     -1556.477301917
    76 -779.8246023496      776.6527099266     -1556.477312276
    77 -779.8246023815      776.6526488618     -1556.477251243
$end
