$hessapprox internal
  0.457607727365D+00  0.263403810091D-02  0.272522940562D+00 -0.142892761435D-02
 -0.902761682906D-02  0.248026667413D+00  0.764182819177D-03  0.418590353366D-02
  0.964248087163D-02  0.440098535667D+00 -0.630113004735D-03  0.388861392027D-01
  0.328222383445D-02  0.170567234519D-02  0.292874992837D+00  0.117960311723D-02
 -0.397580000438D-01 -0.137996719651D+00 -0.104821999538D-01  0.182884310576D-01
  0.304739832391D+00  0.443535593396D-03 -0.568937978724D-03  0.282638079603D-03
  0.158691029442D-03  0.698344756192D-03  0.442784844831D-02  0.444151567951D+00
 -0.915343179608D-02  0.109966897251D-01 -0.884118630153D-02 -0.112967867122D-02
 -0.137543361073D-01 -0.587895864632D-02 -0.338713908697D-02  0.280789417933D+00
  0.562371304027D-03  0.237316488288D-02  0.323397817408D-01 -0.147206670620D-02
  0.106807041415D-01 -0.168665612771D-01 -0.462721120342D-03  0.176593274772D-01
  0.136687123727D+00  0.223140585780D-02  0.806902566319D-02  0.125595269646D-01
 -0.322717659013D-02 -0.344006992080D-03 -0.697695661257D-02  0.973953810667D-03
 -0.127970679932D-01 -0.923805410195D-03  0.441306085847D+00  0.687731109566D-02
 -0.136623018627D-01  0.153154146561D-01  0.264581769671D-02  0.177039064660D-02
  0.119996459791D-01  0.228564381570D-02  0.642619416436D-01 -0.686283847620D-02
  0.846623389370D-02  0.317744105096D+00  0.451434795040D-02  0.431182794069D-01
  0.173895001356D+00  0.789284591126D-02 -0.109971439036D-01 -0.195295829057D+00
 -0.367352055144D-02 -0.375394316073D-02  0.535600641155D-01  0.997312833229D-02
 -0.164162786919D-01  0.392379816761D+00  0.298608831325D-02 -0.258318319408D-02
 -0.676780797700D-02  0.160195688771D-03  0.240594095899D-03  0.697765722690D-02
  0.456669615089D-03 -0.593949394871D-02  0.251949764411D-02  0.135211494824D-02
  0.567468015088D-02 -0.762384436731D-02  0.450875988554D+00  0.617597304449D-02
  0.394594639597D-02 -0.993383632361D-02 -0.372863502541D-03 -0.672745087350D-01
 -0.158636407858D-02  0.151989601670D-02  0.754759929576D-02 -0.289943907657D-02
  0.553712120975D-02  0.248103478133D-01 -0.236918072082D-02 -0.424896548359D-02
  0.154797401360D+00 -0.134372675816D-01 -0.228695262714D-01 -0.879673707329D-01
 -0.112761847979D-02 -0.779953174017D-02  0.921835160095D-01 -0.183992570501D-02
  0.704645095081D-03 -0.223407566889D-01 -0.738851498143D-02  0.166778629262D-01
 -0.161954016795D+00  0.160395996426D-02  0.145613388606D-01  0.257120546144D+00
  0.274186252408D-02 -0.408475405505D-01  0.268271522127D-01 -0.108750842013D-01
  0.284513121234D-01  0.120434371857D-01 -0.268159099730D-02 -0.838652874472D-03
  0.378363035541D-01 -0.153640778078D-01  0.733481150725D-01 -0.356369311207D-01
  0.127520190755D-02  0.571866020345D-02  0.119521034591D+00  0.657169785401D+00
 -0.113171966136D-01 -0.757371140981D-02  0.319327182045D-01  0.311606592572D-02
 -0.244047226253D-01 -0.143659086215D-01 -0.152564013165D-03 -0.483901634616D-01
 -0.783124452617D-02 -0.763751875407D-02  0.200647871787D-01 -0.194544355161D-02
  0.261362275636D-02  0.990552477968D-02 -0.128741661283D-01  0.152712265385D-01
  0.678765613858D+00  0.663688005348D-03 -0.427379698974D-01 -0.117780968390D+00
 -0.103045759538D-01  0.264408986528D-04  0.166152653665D+00  0.402645076884D-02
 -0.247702652385D-01 -0.415741715547D-01 -0.202833782851D-01  0.232136433106D-01
 -0.197975310318D+00  0.130321135217D-01  0.233947553948D-01  0.965224703291D-01
  0.124758349552D+00  0.106888158759D-01  0.690296855027D+00 -0.496961718110D-02
 -0.580150495802D-02  0.572665847077D-01 -0.117817339697D-01  0.508228056219D-01
 -0.484069757184D-01  0.205135045218D-02 -0.258782174188D-02  0.238393158456D-01
 -0.123651145932D-01  0.213172150776D-01  0.886332034215D-01  0.539444987496D-02
 -0.230314398058D-01 -0.540554929844D-01  0.647927176017D-01  0.368953406281D-02
 -0.454720047340D-01  0.177232591555D+00 -0.399257756342D-02  0.437476641634D-01
 -0.266418833547D-01 -0.748903677292D-02  0.759473405357D-02  0.358308368488D-01
  0.224862176164D-02 -0.905807580540D-02 -0.172865983474D-01 -0.193405176321D-02
  0.161442415474D-01 -0.726703670360D-02 -0.494358768280D-03  0.249158524713D-01
  0.140143990586D-01 -0.276668871974D-01  0.775761612371D-02  0.578775735558D-01
 -0.889715133081D-02  0.311470179789D+00  0.144807640681D-01  0.723126216174D-02
 -0.671714394692D-01 -0.671892010275D-02 -0.118693617433D-01  0.100785165386D+00
  0.365241140072D-02 -0.207381946084D-01 -0.254675345820D-01  0.322623448860D-02
  0.621141328403D-02 -0.106407565906D+00  0.292737831358D-02  0.283821757917D-01
  0.914164414571D-01 -0.170586354857D-01 -0.281003571161D-01  0.667610510518D-01
 -0.123250555730D+00  0.109771395517D+00  0.346222195626D+00  0.729102288672D-02
 -0.142002622600D-01  0.295682195640D-01 -0.102337036710D-02 -0.157800220229D-01
 -0.656255881608D-02  0.230460536410D-02 -0.153379410900D-01 -0.239106731517D-01
  0.283825321802D-02  0.647989268026D-03 -0.569545158826D-02 -0.915611866542D-03
 -0.929746236417D-02 -0.134080355093D-01 -0.214387918943D-01 -0.320589400322D-01
 -0.147608551331D-01 -0.178651009670D-01  0.558305633481D-01  0.713551768029D-01
  0.527307926873D+00 -0.410176804044D-02 -0.482772155820D-01 -0.782987639147D-02
 -0.193074605941D-02  0.224424650280D-01  0.369444964928D-01 -0.829459709042D-02
  0.183654998040D-01  0.213803260715D-01 -0.115289703026D-01  0.454178427946D-01
 -0.844144631023D-01 -0.701707130631D-02  0.838872620533D-02  0.164596201936D+00
  0.500107419809D+00 -0.299739122796D-01  0.125493673095D+00 -0.699429892276D-01
 -0.254140580634D-01  0.828262953453D-01  0.107329102699D-01  0.742547254531D+00
 -0.582195994181D-02  0.210147428600D-01  0.141924802066D+00  0.458870918813D-02
  0.205167226055D-03 -0.109741267660D+00 -0.549983621188D-02  0.149847709516D-01
  0.422046095102D-01  0.361259131923D-02 -0.211494675311D-04  0.160265759943D+00
 -0.118018295736D-01  0.792341079784D-02 -0.114544639105D-01  0.210924669657D+00
  0.238497885172D-02 -0.887965249873D-01  0.592412604949D-01 -0.202532297517D-01
 -0.104172409331D+00 -0.144771971391D-01  0.133676444896D+00  0.422548639547D+00
  0.161089863596D-01  0.211681462130D-02 -0.995653056739D-02 -0.603197220701D-02
 -0.987179781119D-02  0.405421197048D-02 -0.290051662954D-03  0.689678046278D-02
  0.904497796295D-02 -0.103810526647D-02 -0.605855105720D-03 -0.540437234075D-02
  0.489636245553D-02  0.121484717618D-01  0.255881497229D-01  0.501225629704D-01
 -0.679836205938D-02  0.626299163284D-02 -0.115591520696D-01 -0.180570380379D-01
  0.764763525927D-02 -0.123965797023D-01  0.817037303806D-01  0.133231054817D-01
  0.592087803123D+00  0.474532160770D-02  0.976718758467D-03  0.259867792636D-01
  0.525136827286D-03 -0.414613201916D-02 -0.224988248991D-01 -0.131264504583D-02
 -0.185873634052D-02  0.706920461256D-02 -0.326936790085D-02  0.117894427057D-01
  0.207833662952D-02  0.172283650755D-03 -0.175411482297D-01  0.103282849853D-01
  0.852052397346D-01  0.659058198707D-02  0.103172315305D-01 -0.233083171268D-02
 -0.270874699524D-01 -0.908685349819D-02  0.125144464705D-01  0.631396173178D-01
  0.154736151365D-01  0.533005263882D-01  0.596366593599D+00  0.216453439246D-02
 -0.160928486320D-01 -0.110540772529D-01  0.249191534403D-02 -0.455132723733D-02
  0.329565216295D-01 -0.401356892141D-04 -0.181115476463D-01  0.710656064438D-02
  0.426995903491D-02  0.580427464799D-02 -0.235665611423D-01  0.180906928329D-03
  0.369728349332D-01  0.985238403849D-02  0.315271041780D-01 -0.363951420768D-01
  0.195290227577D-01  0.160871536887D-01  0.275442321827D-01  0.336418572506D-01
 -0.384514275470D-02  0.881922625306D-02 -0.884303420671D-02 -0.311772160798D-01
  0.410284544685D-01  0.582301251749D+00 -0.651516403911D-02  0.251173568963D-02
 -0.181082154552D-01  0.439066622621D-02  0.655197558511D-02  0.207057754760D-01
 -0.160443550688D-02 -0.127898422695D-01 -0.235010830063D-02  0.205050685645D-02
  0.113668044395D-01 -0.152922910012D-01 -0.181884995942D-02 -0.904666193499D-02
 -0.231401987485D-01 -0.283371968466D-01  0.145387707813D-01  0.167405092558D-01
  0.282796970660D-01 -0.132920862844D-01 -0.128979074032D-01  0.197867098436D-01
 -0.697283022204D-01 -0.371352525836D-01  0.175771007795D-01 -0.420740773815D-01
  0.241411850830D-01  0.586910673899D+00 -0.217155039985D-02  0.457813301124D-02
  0.238951489393D-02  0.594250789010D-03 -0.949569294469D-02  0.153706762506D-01
  0.785114975773D-03 -0.472717979459D-03 -0.760035107173D-02  0.358118861825D-02
 -0.178169088282D-01  0.247584259620D-02 -0.137372479690D-02  0.343919005448D-01
 -0.162824284337D-01 -0.683203906778D-01 -0.139534082430D-01 -0.973275853733D-02
  0.708099013687D-02  0.173659808035D-01  0.110804302601D-01 -0.165052362683D-01
 -0.553760824875D-01 -0.250051102576D-01 -0.522382299119D-01  0.345323935402D-01
 -0.512564528120D-01  0.457528166341D-01  0.593309507439D+00  0.521925604613D-02
  0.261681458486D-01 -0.121082799181D-01  0.185974951136D-02 -0.579011073656D-03
  0.951106273138D-02  0.253152110463D-02 -0.196694271541D-01  0.557752448552D-02
 -0.165493425670D-02  0.163406079159D-01  0.163835524322D-03  0.549590017313D-02
 -0.120337346900D-01 -0.178531964118D-01 -0.148815091977D-01 -0.278775709590D-02
 -0.163472794756D-01  0.135423504092D-01 -0.187108188444D-01 -0.298470895609D-02
  0.498713935326D-01 -0.744826236482D-01 -0.162392298969D-01  0.552354333314D-01
 -0.465020782421D-01  0.417030331689D-01 -0.513629740161D-01  0.704531798874D-01
  0.545556781580D+00  0.110269942603D-01 -0.351364885043D-01  0.217455343576D-01
 -0.345736213710D-02  0.217235614786D-02 -0.305790176677D-01 -0.226329631582D-02
 -0.768380920043D-02 -0.705825449667D-04  0.850233241488D-03  0.996468789464D-02
  0.168313034362D-01  0.547125874752D-02 -0.315462072599D-01 -0.213057883909D-01
 -0.442176995834D-02 -0.139685693510D-01  0.136570805085D-01 -0.589651857732D-02
  0.109388260522D-01 -0.864485453687D-02 -0.404359785109D-01 -0.129571856128D-01
 -0.952430216332D-02 -0.245715612723D-02  0.180948277974D-02 -0.539169574098D-02
  0.383280272653D-02 -0.175073105466D-01  0.326858160935D-01  0.423867982605D+00
 -0.246802471864D-02  0.274875523095D-01 -0.120963999873D-01  0.989462482534D-02
 -0.437419023038D-02  0.288697546950D-02  0.672804209107D-02 -0.257129557237D-01
 -0.493748098829D-02  0.691015565054D-02 -0.543162086226D-02  0.239343510362D-01
  0.331943868118D-02  0.131277239926D-01 -0.492938189394D-01 -0.136532618557D+00
 -0.248309268824D-01 -0.472560740464D-01  0.393567274052D-02  0.279930204649D-01
 -0.848133870899D-02 -0.659165974724D-03 -0.833945886918D-01 -0.138850586062D-01
  0.174348532864D-01 -0.138506869268D-01  0.499304798987D-02  0.307531382752D-01
  0.364977146892D-01  0.173180008236D-01  0.159958585731D-01  0.375847069790D+00
  0.191290321159D-02 -0.370764846732D-02  0.993033058245D-02 -0.389815756236D-02
 -0.348479912365D-02 -0.143394292632D-01 -0.244586779138D-02 -0.448290684782D-02
 -0.491348808201D-02 -0.392235481337D-02  0.376399080005D-02  0.902156462469D-02
  0.273327999532D-02 -0.634156999431D-02 -0.720072021905D-02 -0.401119236534D-02
 -0.143138506252D-01 -0.729866254829D-02 -0.144789604601D-01 -0.750317780321D-02
 -0.125907543297D-01 -0.214406223679D-01  0.118837046123D-01 -0.128566489490D-02
 -0.151665266115D-01  0.767134326532D-02 -0.108633977726D-01  0.426291352370D-02
 -0.197070198370D-01  0.159379007468D-01  0.278474448858D-02  0.812655106315D-02
  0.434413485001D+00  0.819523283806D-03  0.323006642510D-01  0.337037792726D+00
  0.363744941655D-02  0.269801852645D-01 -0.350587484041D+00 -0.108881718221D-02
  0.128898070274D-02  0.764234872652D-01  0.763222030383D-02 -0.661356665666D-02
  0.490553354423D+00 -0.792088088553D-02 -0.154846739234D-01 -0.329644698485D+00
 -0.490914213072D-01  0.141449402286D-01 -0.264687442330D+00  0.239878152702D+00
 -0.221128811605D-01 -0.241174731842D+00  0.232713119388D-02 -0.212038925325D+00
  0.251900470836D+00 -0.313195404121D-01  0.152814446158D-02 -0.229395004313D-01
 -0.336846275431D-02  0.119765571533D-01 -0.224295515629D-02  0.266085515277D-01
  0.588510592786D-01 -0.210516841637D-02  0.965866233692D+00 -0.392965820606D-02
  0.125385658355D-01  0.142791045290D+00  0.887669479705D-02 -0.116304413402D-01
 -0.100590842826D+00 -0.684761030430D-02 -0.444873848248D-02  0.810016928886D-01
  0.978481708774D-02  0.120701993823D-01  0.186609868319D+00 -0.865339946451D-02
  0.494925759185D-02 -0.646617662163D-02  0.185979079296D+00  0.142634491346D-01
 -0.119952786719D+00  0.444449396700D-01 -0.154094672219D-01 -0.513468556175D-01
 -0.618929748571D-02  0.133182365949D+00  0.255111539749D+00  0.206681709720D-01
  0.267665141965D-01 -0.135971942438D-01 -0.487953753030D-01 -0.302750727635D-01
 -0.698612789680D-02 -0.427746019896D-03 -0.352909171868D-01  0.404863468472D-02
  0.225813489334D+00  0.285023831875D+00 -0.300524198340D-02 -0.108766650286D-01
  0.461291433586D-01  0.389225448838D-02  0.192027741723D-02 -0.405340630594D-01
 -0.696244525332D-03 -0.901752276315D-02 -0.300364173534D-01  0.199253005953D-02
  0.144514528164D-01 -0.365913279744D-01 -0.106163206930D-02  0.663159914486D-02
  0.801530562365D-01  0.940622742788D-01 -0.171629321758D-02  0.364891861982D-01
  0.236208614795D-02  0.147842409708D-01  0.123222054821D-01  0.322160684304D-02
  0.865092205098D-01  0.986782994656D-01  0.176192274147D-01  0.142839769242D-01
 -0.120747567057D-02 -0.190694439325D-01 -0.111217216530D-01 -0.483973978582D-02
 -0.395505892398D-02 -0.326238093436D-01  0.373396073301D-02 -0.117610410963D-01
  0.448418378924D-01  0.133638710436D+00
$end
