$hessian (projected)
 1  1   0.3736064944  -0.0097120210   0.2594866320  -0.1666711571   0.0177773635
 1  2  -0.1230059779   0.0124585406   0.0564407287   0.0130580198  -0.0340833642
 1  3  -0.0044862224  -0.0346456480   0.0224230516  -0.0478406148   0.0222381552
 1  4  -0.1486730109  -0.0326605383  -0.1024609886  -0.0526771774   0.0032238342
 1  5  -0.0047607396  -0.0108306683   0.0215211400   0.0004983197  -0.0039414912
 1  6   0.0076418893  -0.0108603319   0.0055399824  -0.0005322175  -0.0027189426
 1  7  -0.0007737885  -0.0002034058  -0.0009673198   0.0053372676   0.0016116170
 1  8  -0.0029073181  -0.0044257540  -0.0103829935  -0.0119862477   0.0027110752
 1  9  -0.0023985596  -0.0009676126
 2  1  -0.0097120210   0.6143968953   0.0185316358   0.0669892732  -0.1405117417
 2  2   0.0790870623   0.0210824497  -0.0177849566   0.0240958448  -0.0051896297
 2  3   0.0011429785  -0.0064554915  -0.0103266526  -0.0398156547  -0.0148391939
 2  4  -0.0801349849  -0.1689603423  -0.1053536228  -0.0075708084  -0.2190808286
 2  5   0.0330199070   0.0287449550  -0.0432131879  -0.0392383932  -0.0138309808
 2  6   0.0097360458  -0.0156626918  -0.0001088522  -0.0041699496  -0.0002366517
 2  7  -0.0003513881   0.0008493310  -0.0001169561   0.0010256653  -0.0036418191
 2  8   0.0009356211   0.0088993895   0.0097484150   0.0126976918   0.0004835850
 2  9   0.0013048148   0.0135352381
 3  1   0.2594866320   0.0185316358   0.5026226167  -0.1201370743   0.0206650864
 3  2  -0.2176504911   0.0113067788   0.0691709268   0.0199930032  -0.0334903337
 3  3  -0.0058343103  -0.0487894311   0.0225187855  -0.0592672874   0.0302161317
 3  4  -0.1052124342  -0.0476741128  -0.2025273232  -0.0072974238   0.0252486675
 3  5  -0.0719405930   0.0043978945  -0.0180835099   0.0019810363  -0.0114161554
 3  6   0.0092875404  -0.0091529218  -0.0027229000  -0.0009883143   0.0042407935
 3  7  -0.0008411866  -0.0002330811  -0.0012895807  -0.0029314856   0.0015162784
 3  8   0.0039891201  -0.0116711053  -0.0128580279  -0.0096205760  -0.0019899919
 3  9   0.0005185084  -0.0020717845
 4  1  -0.1666711571   0.0669892732  -0.1201370743   0.3671473229   0.0191077259
 4  2   0.2913334906  -0.0901040551  -0.0056080872  -0.0339743733   0.0233554285
 4  3  -0.0134760526   0.0193288893  -0.0128505001   0.0215892529  -0.0100193789
 4  4  -0.0152031654  -0.0229000769  -0.0312087200   0.0045908033   0.0048235989
 4  5  -0.0017826243   0.0010528361  -0.0008939991   0.0003836298  -0.1164806732
 4  6  -0.0865460004  -0.1035006985   0.0025646287   0.0189086415  -0.0012114433
 4  7   0.0027983696  -0.0021078298  -0.0052699484  -0.0006189958   0.0005709122
 4  8   0.0005230669   0.0023006120  -0.0020251799  -0.0038741972  -0.0018814543
 4  9   0.0015678215  -0.0005906184
 5  1   0.0177773635  -0.1405117417   0.0206650864   0.0191077259   0.7185980115
 5  2   0.0375472055   0.0365858841  -0.3477964457   0.0386779587  -0.0427922751
 5  3  -0.0375089307  -0.0545198304   0.0215838152  -0.0448086493   0.0254750526
 5  4   0.0076862018   0.0612577481   0.0106776339   0.0309735175  -0.0427967059
 5  5   0.0282324260  -0.0018735388   0.0023610889   0.0084039991  -0.0841978590
 5  6  -0.1582587943  -0.1070463182  -0.0002729074  -0.0086968108  -0.0010101770
 5  7  -0.0017756598  -0.0000904523  -0.0024540730   0.0006221071  -0.0007940071
 5  8   0.0008433450  -0.0025806712  -0.0017374015  -0.0033564843  -0.0008437039
 5  9   0.0007830908  -0.0021358243
 6  1  -0.1230059779   0.0790870623  -0.2176504911   0.2913334906   0.0375472055
 6  2   0.4979750559  -0.0324455383  -0.0135443370  -0.1042381220   0.0179869475
 6  3  -0.0181034540   0.0300247281  -0.0099199416   0.0255261845  -0.0160367664
 6  4  -0.0303164342  -0.0264942500  -0.0286987128  -0.0023271306   0.0093300168
 6  5   0.0038048023   0.0020089154  -0.0029872548  -0.0009623404  -0.1019522782
 6  6  -0.1093102870  -0.1671883122  -0.0017062808   0.0232801806   0.0023850597
 6  7  -0.0052404354  -0.0028322997   0.0002842674   0.0005659274   0.0007043261
 6  8  -0.0003469766  -0.0040395920  -0.0027530325   0.0003868042  -0.0009416720
 6  9   0.0005499393   0.0002610040
 7  1   0.0124585406   0.0210824497   0.0113067788  -0.0901040551   0.0365858841
 7  2  -0.0324455383   0.3719348936  -0.0230336193   0.2914407990  -0.1439705093
 7  3  -0.0830830554  -0.1017792840  -0.0178070166   0.0069691583  -0.0321064488
 7  4  -0.0073124807  -0.0164305461  -0.0043039440   0.0006467799   0.0033837683
 7  5  -0.0065417739   0.0011406293  -0.0015578607  -0.0006412052   0.0050546966
 7  6  -0.0157446616   0.0022338380  -0.1392935304   0.0669789320  -0.1246212804
 7  7   0.0048892334   0.0031774577   0.0021028734   0.0024923484   0.0019827978
 7  8  -0.0053934987  -0.0004782311  -0.0004258551   0.0006991642   0.0003487015
 7  9   0.0001151502   0.0000495200
 8  1   0.0564407287  -0.0177849566   0.0691709268  -0.0056080872  -0.3477964457
 8  2  -0.0135443370  -0.0230336193   0.6908663612  -0.0136242015  -0.0417235587
 8  3  -0.2028557442  -0.0571718348  -0.0236503920   0.0645209918  -0.0274518626
 8  4  -0.0161139924  -0.0564931023  -0.0217231991  -0.0016205794   0.0027473563
 8  5  -0.0016117134  -0.0001440977  -0.0004146702   0.0002380776   0.0028459344
 8  6  -0.0117814958   0.0028712497   0.0669141911  -0.1063631608   0.0822880577
 8  7  -0.0163151658  -0.0135187377  -0.0209376693   0.0024121001   0.0000057911
 8  8   0.0028610769  -0.0005493492  -0.0011022766  -0.0007646313   0.0001458873
 8  9  -0.0000299105  -0.0005999397
 9  1   0.0130580198   0.0240958448   0.0199930032  -0.0339743733   0.0386779587
 9  2  -0.1042381220   0.2914407990  -0.0136242015   0.5050845016  -0.1004758690
 9  3  -0.1087094947  -0.1951295083  -0.0329570388   0.0100137591  -0.0328232627
 9  4  -0.0038692773  -0.0215991709  -0.0102044140  -0.0080015334   0.0046265461
 9  5   0.0000965893  -0.0002206916   0.0005645516  -0.0022273690   0.0021815727
 9  6  -0.0204162611   0.0059078610  -0.1246794614   0.0820920619  -0.1922425252
 9  7   0.0013772294   0.0034188280   0.0052765814  -0.0054623605   0.0022674582
 9  8   0.0001996928   0.0007805611  -0.0005344614  -0.0002214916   0.0008024231
 9  9  -0.0008734189   0.0005284636
10  1  -0.0340833642  -0.0051896297  -0.0334903337   0.0233554285  -0.0427922751
10  2   0.0179869475  -0.1439705093  -0.0417235587  -0.1004758690   0.3469777513
10  3  -0.0132901526   0.2637220694  -0.1607100811   0.0320867360  -0.1197205562
10  4   0.0133300643   0.0512549371   0.0084531856   0.0003866482   0.0011102876
10  5   0.0018153192   0.0002304446  -0.0003253358  -0.0006968860   0.0049848893
10  6   0.0013626462  -0.0027885163  -0.0044666881  -0.0111589341  -0.0109180571
10  7  -0.0471066012   0.0215472899  -0.0116744465  -0.0042812084   0.0072529249
10  8  -0.0100960884   0.0052962687  -0.0001582728  -0.0025568768   0.0000569574
10  9   0.0000233372   0.0004401083
11  1  -0.0044862224   0.0011429785  -0.0058343103  -0.0134760526  -0.0375089307
11  2  -0.0181034540  -0.0830830554  -0.2028557442  -0.1087094947  -0.0132901526
11  3   0.7517814714   0.0022563616   0.0732205006  -0.1657122587   0.0889863195
11  4   0.0220086374  -0.0176397111   0.0265117064   0.0006058151  -0.0036565634
11  5  -0.0001711050  -0.0005347332   0.0007692212   0.0015001970   0.0010452763
11  6  -0.0051459498   0.0012511843   0.0082284755   0.0116319867   0.0104811587
11  7   0.0216087083  -0.3387638189   0.0175122511  -0.0120735907   0.0113751517
11  8  -0.0147998656   0.0002484625  -0.0056533970  -0.0002693156  -0.0000220688
11  9   0.0002355643  -0.0006116333
12  1  -0.0346456480  -0.0064554915  -0.0487894311   0.0193288893  -0.0545198304
12  2   0.0300247281  -0.1017792840  -0.0571718348  -0.1951295083   0.2637220694
12  3   0.0022563616   0.4691300219  -0.1180078273   0.0374283326  -0.2133056253
12  4   0.0073435634   0.0635866700   0.0196086446   0.0018150929   0.0015059754
12  5   0.0011759889   0.0005648817  -0.0008882486  -0.0007439544  -0.0029402834
12  6   0.0012677271   0.0037917304  -0.0102524581  -0.0137340921  -0.0094287733
12  7  -0.0116723867   0.0175655412  -0.0514587840  -0.0107013553   0.0094227130
12  8  -0.0093534769  -0.0026096674  -0.0005911858   0.0040351693  -0.0001655864
12  9   0.0003273623   0.0004432701
13  1   0.0224230516  -0.0103266526   0.0225187855  -0.0128505001   0.0215838152
13  2  -0.0099199416  -0.0178070166  -0.0236503920  -0.0329570388  -0.1607100811
13  3   0.0732205006  -0.1180078273   0.3644719563   0.0117392095   0.2848232812
13  4  -0.0898154228  -0.0027076870  -0.0336767277   0.0031956017  -0.0041736081
13  5  -0.0060698114  -0.0007403560  -0.0004501232   0.0002382771  -0.0005701768
13  6   0.0005460465   0.0004982077   0.0032321234  -0.0021000667  -0.0046957587
13  7   0.0024940210  -0.0007992444  -0.0010755426  -0.1158236117  -0.0808789333
13  8  -0.1008641720   0.0024261458   0.0181916774  -0.0001165242   0.0000742653
13  9  -0.0001945420  -0.0006952071
14  1  -0.0478406148  -0.0398156547  -0.0592672874   0.0215892529  -0.0448086493
14  2   0.0255261845   0.0069691583   0.0645209918   0.0100137591   0.0320867360
14  3  -0.1657122587   0.0374283326   0.0117392095   0.7035992442   0.0327986492
14  4   0.0387472135  -0.3498779317   0.0398395513   0.0007777750   0.0040350507
14  5   0.0007228098   0.0006256573  -0.0014088091  -0.0015108415   0.0005809811
14  6  -0.0007369075   0.0009746771  -0.0024841075  -0.0013950943  -0.0034243534
14  7   0.0184799066  -0.0086584726   0.0230641956  -0.0808695798  -0.1527960890
14  8  -0.1058752724  -0.0005056633  -0.0069812021  -0.0009500363   0.0001040751
14  9   0.0000357823   0.0006596317
15  1   0.0222381552  -0.0148391939   0.0302161317  -0.0100193789   0.0254750526
15  2  -0.0160367664  -0.0321064488  -0.0274518626  -0.0328232627  -0.1197205562
15  3   0.0889863195  -0.2133056253   0.2848232812   0.0327986492   0.4990452422
15  4  -0.0324291585  -0.0127963743  -0.1037364811  -0.0049931927  -0.0069717880
15  5  -0.0017360338  -0.0019492299   0.0018590618   0.0011814048   0.0006548198
15  6   0.0007399763  -0.0004208798  -0.0047496689  -0.0028896771   0.0009217518
15  7  -0.0003591504  -0.0014358448   0.0026545464  -0.1007987757  -0.1056824420
15  8  -0.1686887848  -0.0009137951   0.0226141909   0.0029274746   0.0003230989
15  9  -0.0004060675  -0.0001987178
16  1  -0.1486730109  -0.0801349849  -0.1052124342  -0.0152031654   0.0076862018
16  2  -0.0303164342  -0.0073124807  -0.0161139924  -0.0038692773   0.0133300643
16  3   0.0220086374   0.0073435634  -0.0898154228   0.0387472135  -0.0324291585
16  4   0.3673843253  -0.0294501313   0.2957860517   0.0080804762  -0.0007415587
16  5   0.0011560689  -0.0004592393   0.0018181289   0.0018972262   0.0018511115
16  6   0.0020720459  -0.0047384881  -0.0004718568  -0.0004367685   0.0007364518
16  7   0.0022966473   0.0016840288  -0.0057485361   0.0049341954  -0.0166687031
16  8   0.0008181525  -0.1357227584   0.0696242387  -0.1251557286  -0.0002188855
16  9  -0.0000943559  -0.0002674576
17  1  -0.0326605383  -0.1689603423  -0.0476741128  -0.0229000769   0.0612577481
17  2  -0.0264942500  -0.0164305461  -0.0564931023  -0.0215991709   0.0512549371
17  3  -0.0176397111   0.0635866700  -0.0027076870  -0.3498779317  -0.0127963743
17  4  -0.0294501313   0.7071043496  -0.0195139678  -0.0148288035  -0.0565672868
17  5  -0.0301488479  -0.0068096258   0.0046577894   0.0077099339   0.0026454305
17  6  -0.0004439708   0.0025745840  -0.0005246460  -0.0011531861  -0.0006271950
17  7   0.0014922234   0.0010383092   0.0014576763   0.0027239034  -0.0137109664
17  8   0.0028216495   0.0683608923  -0.1089879982   0.0843210447  -0.0001653318
17  9  -0.0002237007  -0.0036176395
18  1  -0.1024609886  -0.1053536228  -0.2025273232  -0.0312087200   0.0106776339
18  2  -0.0286987128  -0.0043039440  -0.0217231991  -0.0102044140   0.0084531856
18  3   0.0265117064   0.0196086446  -0.0336767277   0.0398395513  -0.1037364811
18  4   0.2957860517  -0.0195139678   0.5037335388   0.0000158652  -0.0002281960
18  5   0.0080440927   0.0001039071   0.0015213927   0.0009199197  -0.0046348384
18  6   0.0022275219  -0.0002854345   0.0007478269  -0.0005141526  -0.0001569746
18  7  -0.0057587207   0.0019757731  -0.0003323563   0.0014803758  -0.0214770359
18  8   0.0048748378  -0.1244730833   0.0859722149  -0.1915893708  -0.0000701896
18  9   0.0000843802   0.0003500336
19  1  -0.0526771774  -0.0075708084  -0.0072974238   0.0045908033   0.0309735175
19  2  -0.0023271306   0.0006467799  -0.0016205794  -0.0080015334   0.0003866482
19  3   0.0006058151   0.0018150929   0.0031956017   0.0007777750  -0.0049931927
19  4   0.0080804762  -0.0148288035   0.0000158652   0.1129367317  -0.0688332645
19  5  -0.0555267662  -0.0857113866   0.0684429387   0.0634239078  -0.0019883703
19  6  -0.0010618304   0.0037674608  -0.0002540125   0.0015589985   0.0000038157
19  7  -0.0005864140   0.0001328673   0.0007194088  -0.0000793588  -0.0002199880
19  8   0.0001984120  -0.0017757902   0.0001571062   0.0031396188   0.0132354687
19  9  -0.0085137442   0.0050624646
20  1   0.0032238342  -0.2190808286   0.0252486675   0.0048235989  -0.0427967059
20  2   0.0093300168   0.0033837683   0.0027473563   0.0046265461   0.0011102876
20  3  -0.0036565634   0.0015059754  -0.0041736081   0.0040350507  -0.0069717880
20  4  -0.0007415587  -0.0565672868  -0.0002281960  -0.0688332645   0.3741904911
20  5   0.0144725410   0.0729352738  -0.0660561454  -0.0364945019   0.0005174559
20  6   0.0016588653  -0.0009884271   0.0002456268  -0.0021239975  -0.0000427876
20  7   0.0001253312  -0.0002109925   0.0000541697   0.0002463327  -0.0023096080
20  8   0.0001205490   0.0007369604   0.0024097565   0.0008224941  -0.0136000385
20  9   0.0077606083  -0.0114552590
21  1  -0.0047607396   0.0330199070  -0.0719405930  -0.0017826243   0.0282324260
21  2   0.0038048023  -0.0065417739  -0.0016117134   0.0000965893   0.0018153192
21  3  -0.0001711050   0.0011759889  -0.0060698114   0.0007228098  -0.0017360338
21  4   0.0011560689  -0.0301488479   0.0080440927  -0.0555267662   0.0144725410
21  5   0.1673362009   0.0488409254  -0.0292027550  -0.0787568112   0.0036740507
21  6  -0.0007582069  -0.0000391455   0.0001336364   0.0008846855  -0.0000533550
21  7   0.0006923700  -0.0000301833  -0.0001149867   0.0000990121  -0.0012762173
21  8   0.0000748754   0.0032540381   0.0009550496   0.0001922061   0.0150162945
21  9  -0.0150883901  -0.0280838302
22  1  -0.0108306683   0.0287449550   0.0043978945   0.0010528361  -0.0018735388
22  2   0.0020089154   0.0011406293  -0.0001440977  -0.0002206916   0.0002304446
22  3  -0.0005347332   0.0005648817  -0.0007403560   0.0006256573  -0.0019492299
22  4  -0.0004592393  -0.0068096258   0.0001039071  -0.0857113866   0.0729352738
22  5   0.0488409254   0.1729819947  -0.1464993094   0.0885327520  -0.0007500220
22  6   0.0008267805  -0.0006460728   0.0001816392  -0.0003919006   0.0000352386
22  7  -0.0000974291  -0.0001712363   0.0000746628   0.0000710676  -0.0005202944
22  8  -0.0000914263   0.0000341987   0.0002170494   0.0001783371  -0.0771037090
22  9   0.0535950201  -0.1418300939
23  1   0.0215211400  -0.0432131879  -0.0180835099  -0.0008939991   0.0023610889
23  2  -0.0029872548  -0.0015578607  -0.0004146702   0.0005645516  -0.0003253358
23  3   0.0007692212  -0.0008882486  -0.0004501232  -0.0014088091   0.0018590618
23  4   0.0018181289   0.0046577894   0.0015213927   0.0684429387  -0.0660561454
23  5  -0.0292027550  -0.1464993094   0.1444475655  -0.0369549081   0.0008835216
23  6  -0.0001849159   0.0003095305  -0.0001268891   0.0003339938  -0.0000485206
23  7   0.0001508154   0.0001482911  -0.0001320930  -0.0000523852   0.0002759448
23  8   0.0001668230   0.0002746349  -0.0002141161  -0.0007172862   0.0568147229
23  9  -0.0415020503   0.0845932166
24  1   0.0004983197  -0.0392383932   0.0019810363   0.0003836298   0.0084039991
24  2  -0.0009623404  -0.0006412052   0.0002380776  -0.0022273690  -0.0006968860
24  3   0.0015001970  -0.0007439544   0.0002382771  -0.0015108415   0.0011814048
24  4   0.0018972262   0.0077099339   0.0009199197   0.0634239078  -0.0364945019
24  5  -0.0787568112   0.0885327520  -0.0369549081   0.5676051722  -0.0018975904
24  6   0.0003018108   0.0004368084  -0.0002298407   0.0008306059  -0.0000586885
24  7  -0.0001431471   0.0001199250  -0.0000865835  -0.0000646453   0.0005914870
24  8   0.0001509345  -0.0004098385  -0.0007603695  -0.0007150394  -0.1508909592
24  9   0.0952629780  -0.4887244895
25  1  -0.0039414912  -0.0138309808  -0.0114161554  -0.1164806732  -0.0841978590
25  2  -0.1019522782   0.0050546966   0.0028459344   0.0021815727   0.0049848893
25  3   0.0010452763  -0.0029402834  -0.0005701768   0.0005809811   0.0006548198
25  4   0.0018511115   0.0026454305  -0.0046348384  -0.0019883703   0.0005174559
25  5   0.0036740507  -0.0007500220   0.0008835216  -0.0018975904   0.1139146159
25  6   0.0910686666   0.1131206741  -0.0023127650  -0.0003384762   0.0024068167
25  7   0.0001738814   0.0002045148   0.0000445735  -0.0005169623  -0.0000655748
25  8   0.0003937756  -0.0001752401  -0.0005616550  -0.0006123567   0.0007565062
25  9  -0.0007972355   0.0009772194
26  1   0.0076418893   0.0097360458   0.0092875404  -0.0865460004  -0.1582587943
26  2  -0.1093102870  -0.0157446616  -0.0117814958  -0.0204162611   0.0013626462
26  3  -0.0051459498   0.0012677271   0.0005460465  -0.0007369075   0.0007399763
26  4   0.0020720459  -0.0004439708   0.0022275219  -0.0010618304   0.0016588653
26  5  -0.0007582069   0.0008267805  -0.0001849159   0.0003018108   0.0910686666
26  6   0.1647727141   0.1171409783   0.0000534743   0.0012049046   0.0003153853
26  7  -0.0007828088  -0.0006607475  -0.0009679157  -0.0000918296   0.0000318206
26  8  -0.0000530059   0.0004918430   0.0004747035   0.0005119987   0.0001637386
26  9  -0.0006662722  -0.0002872623
27  1  -0.0108603319  -0.0156626918  -0.0091529218  -0.1035006985  -0.1070463182
27  2  -0.1671883122   0.0022338380   0.0028712497   0.0059078610  -0.0027885163
27  3   0.0012511843   0.0037917304   0.0004982077   0.0009746771  -0.0004208798
27  4  -0.0047384881   0.0025745840  -0.0002854345   0.0037674608  -0.0009884271
27  5  -0.0000391455  -0.0006460728   0.0003095305   0.0004368084   0.1131206741
27  6   0.1171409783   0.1691989169   0.0024034566  -0.0003105317  -0.0012018066
27  7   0.0000247373   0.0002730709   0.0002664110   0.0003900715  -0.0000608326
27  8  -0.0003214107  -0.0005271344  -0.0007032653  -0.0004324371   0.0006227959
27  9  -0.0006232081  -0.0005593796
28  1   0.0055399824  -0.0001088522  -0.0027229000   0.0025646287  -0.0002729074
28  2  -0.0017062808  -0.1392935304   0.0669141911  -0.1246794614  -0.0044666881
28  3   0.0082284755  -0.0102524581   0.0032321234  -0.0024841075  -0.0047496689
28  4  -0.0004718568  -0.0005246460   0.0007478269  -0.0002540125   0.0002456268
28  5   0.0001336364   0.0001816392  -0.0001268891  -0.0002298407  -0.0023127650
28  6   0.0000534743   0.0024034566   0.1382871465  -0.0721571059   0.1386471986
28  7  -0.0020769757  -0.0002089929   0.0024417575  -0.0003685075   0.0004202203
28  8  -0.0004808081  -0.0005134257   0.0000435584   0.0003541035  -0.0000477585
28  9  -0.0000220456   0.0000934382
29  1  -0.0005322175  -0.0041699496  -0.0009883143   0.0189086415  -0.0086968108
29  2   0.0232801806   0.0669789320  -0.1063631608   0.0820920619  -0.0111589341
29  3   0.0116319867  -0.0137340921  -0.0021000667  -0.0013950943  -0.0028896771
29  4  -0.0004367685  -0.0011531861  -0.0005141526   0.0015589985  -0.0021239975
29  5   0.0008846855  -0.0003919006   0.0003339938   0.0008306059  -0.0003384762
29  6   0.0012049046  -0.0003105317  -0.0721571059   0.1093196115  -0.0881751829
29  7   0.0003175735   0.0008575730   0.0005434302  -0.0005908275   0.0004038864
29  8  -0.0007410850   0.0000385666   0.0000690740   0.0000636154  -0.0000964153
29  9   0.0000811691  -0.0003415436
30  1  -0.0027189426  -0.0002366517   0.0042407935  -0.0012114433  -0.0010101770
30  2   0.0023850597  -0.1246212804   0.0822880577  -0.1922425252  -0.0109180571
30  3   0.0104811587  -0.0094287733  -0.0046957587  -0.0034243534   0.0009217518
30  4   0.0007364518  -0.0006271950  -0.0001569746   0.0000038157  -0.0000427876
30  5  -0.0000533550   0.0000352386  -0.0000485206  -0.0000586885   0.0024068167
30  6   0.0003153853  -0.0012018066   0.1386471986  -0.0881751829   0.1974069237
30  7   0.0024505153  -0.0001284806  -0.0009397010  -0.0004899417   0.0005275643
30  8  -0.0006048842   0.0003544155   0.0000748831  -0.0003331409   0.0000209715
30  9   0.0000062997   0.0000653205
31  1  -0.0007737885  -0.0003513881  -0.0008411866   0.0027983696  -0.0017756598
31  2  -0.0052404354   0.0048892334  -0.0163151658   0.0013772294  -0.0471066012
31  3   0.0216087083  -0.0116723867   0.0024940210   0.0184799066  -0.0003591504
31  4   0.0022966473   0.0014922234  -0.0057587207  -0.0005864140   0.0001253312
31  5   0.0006923700  -0.0000974291   0.0001508154  -0.0001431471   0.0001738814
31  6  -0.0007828088   0.0000247373  -0.0020769757   0.0003175735   0.0024505153
31  7   0.0398362141  -0.0233333916   0.0169507497  -0.0020117378  -0.0004203984
31  8   0.0024491844   0.0001047792   0.0008812026  -0.0000743099   0.0000598002
31  9  -0.0000769486   0.0001445508
32  1  -0.0002034058   0.0008493310  -0.0002330811  -0.0021078298  -0.0000904523
32  2  -0.0028322997   0.0031774577  -0.0135187377   0.0034188280   0.0215472899
32  3  -0.3387638189   0.0175655412  -0.0007992444  -0.0086584726  -0.0014358448
32  4   0.0016840288   0.0010383092   0.0019757731   0.0001328673  -0.0002109925
32  5  -0.0000301833  -0.0001712363   0.0001482911   0.0001199250   0.0002045148
32  6  -0.0006607475   0.0002730709  -0.0002089929   0.0008575730  -0.0001284806
32  7  -0.0233333916   0.3587520943  -0.0187376176   0.0001145906   0.0007907858
32  8   0.0002564493  -0.0001040272  -0.0004701594  -0.0001431910   0.0000673788
32  9  -0.0000630036  -0.0000688894
33  1  -0.0009673198  -0.0001169561  -0.0012895807  -0.0052699484  -0.0024540730
33  2   0.0002842674   0.0021028734  -0.0209376693   0.0052765814  -0.0116744465
33  3   0.0175122511  -0.0514587840  -0.0010755426   0.0230641956   0.0026545464
33  4  -0.0057485361   0.0014576763  -0.0003323563   0.0007194088   0.0000541697
33  5  -0.0001149867   0.0000746628  -0.0001320930  -0.0000865835   0.0000445735
33  6  -0.0009679157   0.0002664110   0.0024417575   0.0005434302  -0.0009397010
33  7   0.0169507497  -0.0187376176   0.0465244285   0.0024792174  -0.0003933576
33  8  -0.0008660391  -0.0001315347   0.0011162493   0.0000961780   0.0000540853
33  9  -0.0000082901  -0.0000143813
34  1   0.0053372676   0.0010256653  -0.0029314856  -0.0006189958   0.0006221071
34  2   0.0005659274   0.0024923484   0.0024121001  -0.0054623605  -0.0042812084
34  3  -0.0120735907  -0.0107013553  -0.1158236117  -0.0808695798  -0.1007987757
34  4   0.0049341954   0.0027239034   0.0014803758  -0.0000793588   0.0002463327
34  5   0.0000990121   0.0000710676  -0.0000523852  -0.0000646453  -0.0005169623
34  6  -0.0000918296   0.0003900715  -0.0003685075  -0.0005908275  -0.0004899417
34  7  -0.0020117378   0.0001145906   0.0024792174   0.1132254994   0.0868184127
34  8   0.1129828286  -0.0023592616  -0.0003233292   0.0023920046  -0.0000007347
34  9   0.0000384301   0.0000591268
35  1   0.0016116170  -0.0036418191   0.0015162784   0.0005709122  -0.0007940071
35  2   0.0007043261   0.0019827978   0.0000057911   0.0022674582   0.0072529249
35  3   0.0113751517   0.0094227130  -0.0808789333  -0.1527960890  -0.1056824420
35  4  -0.0166687031  -0.0137109664  -0.0214770359  -0.0002199880  -0.0023096080
35  5  -0.0012762173  -0.0005202944   0.0002759448   0.0005914870  -0.0000655748
35  6   0.0000318206  -0.0000608326   0.0004202203   0.0004038864   0.0005275643
35  7  -0.0004203984   0.0007907858  -0.0003933576   0.0868184127   0.1591424385
35  8   0.1138008923   0.0001328638   0.0012189392   0.0003717616  -0.0000158566
35  9   0.0000077313  -0.0003125956
36  1  -0.0029073181   0.0009356211   0.0039891201   0.0005230669   0.0008433450
36  2  -0.0003469766  -0.0053934987   0.0028610769   0.0001996928  -0.0100960884
36  3  -0.0147998656  -0.0093534769  -0.1008641720  -0.1058752724  -0.1686887848
36  4   0.0008181525   0.0028216495   0.0048748378   0.0001984120   0.0001205490
36  5   0.0000748754  -0.0000914263   0.0001668230   0.0001509345   0.0003937756
36  6  -0.0000530059  -0.0003214107  -0.0004808081  -0.0007410850  -0.0006048842
36  7   0.0024491844   0.0002564493  -0.0008660391   0.1129828286   0.1138008923
36  8   0.1721490294   0.0024508444  -0.0002767354  -0.0011895165   0.0000170471
36  9  -0.0000604418  -0.0000674012
37  1  -0.0044257540   0.0088993895  -0.0116711053   0.0023006120  -0.0025806712
37  2  -0.0040395920  -0.0004782311  -0.0005493492   0.0007805611   0.0052962687
37  3   0.0002484625  -0.0026096674   0.0024261458  -0.0005056633  -0.0009137951
37  4  -0.1357227584   0.0683608923  -0.1244730833  -0.0017757902   0.0007369604
37  5   0.0032540381   0.0000341987   0.0002746349  -0.0004098385  -0.0001752401
37  6   0.0004918430  -0.0005271344  -0.0005134257   0.0000385666   0.0003544155
37  7   0.0001047792  -0.0001040272  -0.0001315347  -0.0023592616   0.0001328638
37  8   0.0024508444   0.1352047628  -0.0753080225   0.1375307087   0.0000836939
37  9  -0.0001358797   0.0004051829
38  1  -0.0103829935   0.0097484150  -0.0128580279  -0.0020251799  -0.0017374015
38  2  -0.0027530325  -0.0004258551  -0.0011022766  -0.0005344614  -0.0001582728
38  3  -0.0056533970  -0.0005911858   0.0181916774  -0.0069812021   0.0226141909
38  4   0.0696242387  -0.1089879982   0.0859722149   0.0001571062   0.0024097565
38  5   0.0009550496   0.0002170494  -0.0002141161  -0.0007603695  -0.0005616550
38  6   0.0004747035  -0.0007032653   0.0000435584   0.0000690740   0.0000748831
38  7   0.0008812026  -0.0004701594   0.0011162493  -0.0003233292   0.0012189392
38  8  -0.0002767354  -0.0753080225   0.1112862506  -0.0925839582   0.0000704753
38  9  -0.0000605880   0.0003284481
39  1  -0.0119862477   0.0126976918  -0.0096205760  -0.0038741972  -0.0033564843
39  2   0.0003868042   0.0006991642  -0.0007646313  -0.0002214916  -0.0025568768
39  3  -0.0002693156   0.0040351693  -0.0001165242  -0.0009500363   0.0029274746
39  4  -0.1251557286   0.0843210447  -0.1915893708   0.0031396188   0.0008224941
39  5   0.0001922061   0.0001783371  -0.0007172862  -0.0007150394  -0.0006123567
39  6   0.0005119987  -0.0004324371   0.0003541035   0.0000636154  -0.0003331409
39  7  -0.0000743099  -0.0001431910   0.0000961780   0.0023920046   0.0003717616
39  8  -0.0011895165   0.1375307087  -0.0925839582   0.1962887078   0.0000823041
39  9  -0.0000037034   0.0001750322
40  1   0.0027110752   0.0004835850  -0.0019899919  -0.0018814543  -0.0008437039
40  2  -0.0009416720   0.0003487015   0.0001458873   0.0008024231   0.0000569574
40  3  -0.0000220688  -0.0001655864   0.0000742653   0.0001040751   0.0003230989
40  4  -0.0002188855  -0.0001653318  -0.0000701896   0.0132354687  -0.0136000385
40  5   0.0150162945  -0.0771037090   0.0568147229  -0.1508909592   0.0007565062
40  6   0.0001637386   0.0006227959  -0.0000477585  -0.0000964153   0.0000209715
40  7   0.0000598002   0.0000673788   0.0000540853  -0.0000007347  -0.0000158566
40  8   0.0000170471   0.0000836939   0.0000704753   0.0000823041   0.0619260736
40  9  -0.0431064480   0.1371193786
41  1  -0.0023985596   0.0013048148   0.0005185084   0.0015678215   0.0007830908
41  2   0.0005499393   0.0001151502  -0.0000299105  -0.0008734189   0.0000233372
41  3   0.0002355643   0.0003273623  -0.0001945420   0.0000357823  -0.0004060675
41  4  -0.0000943559  -0.0002237007   0.0000843802  -0.0085137442   0.0077606083
41  5  -0.0150883901   0.0535950201  -0.0415020503   0.0952629780  -0.0007972355
41  6  -0.0006662722  -0.0006232081  -0.0000220456   0.0000811691   0.0000062997
41  7  -0.0000769486  -0.0000630036  -0.0000082901   0.0000384301   0.0000077313
41  8  -0.0000604418  -0.0001358797  -0.0000605880  -0.0000037034  -0.0431064480
41  9   0.0323367645  -0.0796859479
42  1  -0.0009676126   0.0135352381  -0.0020717845  -0.0005906184  -0.0021358243
42  2   0.0002610040   0.0000495200  -0.0005999397   0.0005284636   0.0004401083
42  3  -0.0006116333   0.0004432701  -0.0006952071   0.0006596317  -0.0001987178
42  4  -0.0002674576  -0.0036176395   0.0003500336   0.0050624646  -0.0114552590
42  5  -0.0280838302  -0.1418300939   0.0845932166  -0.4887244895   0.0009772194
42  6  -0.0002872623  -0.0005593796   0.0000934382  -0.0003415436   0.0000653205
42  7   0.0001445508  -0.0000688894  -0.0000143813   0.0000591268  -0.0003125956
42  8  -0.0000674012   0.0004051829   0.0003284481   0.0001750322   0.1371193786
42  9  -0.0796859479   0.5178968602
$end
