$optinfo internal
 gdiistep   on
 trostep    off
 calchess   off
 iteration  23
 ndiis       3
 itrvec      0
 tradius    1.936491673104E-01
 actrad     1.833675984376E-01
 energyo   -7.798248337651E+02
 predengy  -2.276354307886E-04
 trnvec
  0.000000000000D+00  0.000000000000D+00  0.000000000000D+00
  0.000000000000D+00  0.000000000000D+00  0.000000000000D+00
  0.000000000000D+00  0.000000000000D+00  0.000000000000D+00
  0.000000000000D+00  0.000000000000D+00  0.000000000000D+00
  0.000000000000D+00  0.000000000000D+00  0.000000000000D+00
  0.000000000000D+00  0.000000000000D+00  0.000000000000D+00
  0.000000000000D+00  0.000000000000D+00  0.000000000000D+00
  0.000000000000D+00  0.000000000000D+00  0.000000000000D+00
  0.000000000000D+00  0.000000000000D+00  0.000000000000D+00
  0.000000000000D+00  0.000000000000D+00  0.000000000000D+00
  0.000000000000D+00  0.000000000000D+00  0.000000000000D+00
  0.000000000000D+00  0.000000000000D+00  0.000000000000D+00
 displ
 -0.459981263505D-04 -0.247481504645D-03 -0.397331382114D-03
  0.114005413052D-04  0.199928222440D-05  0.310318065928D-06
  0.512967046751D-05  0.233815744616D-05  0.238619254850D-03
 -0.356933626211D-06 -0.197619722152D-04  0.382704141678D-04
  0.561697590307D-05  0.600898307355D-04 -0.244812199924D-03
 -0.953046800207D-03  0.444404849365D-06  0.265641425892D-04
  0.209214267315D-02  0.168818490635D-03  0.665199295211D-04
 -0.260143213726D-04 -0.255449829488D-03  0.722121350797D-03
  0.389395890559D-04 -0.354828985993D-04  0.615113616709D-05
 -0.607522118035D-05  0.126681449415D-04  0.125420594799D-05
 -0.327468734935D-04  0.669221434876D-04 -0.534025764704D-04
  0.158651802330D-02 -0.644448698779D-05  0.373600385975D-03
 dxyz
  0.171597152127D-04 -0.104634335999D-03  0.322563318244D-04
  0.189880444793D-04 -0.233099351112D-03 -0.346117950905D-03
  0.787199555949D-04 -0.232756305398D-03  0.779885874605D-03
 -0.211291690285D-04 -0.154299204995D-03 -0.143408840174D-03
 -0.316108814071D-04 -0.800704280509D-04 -0.806183706683D-03
  0.468267022379D-05 -0.949367771183D-04  0.149467538600D-03
  0.625717757348D-03 -0.142067257489D-04  0.219131645177D-02
 -0.102725812341D-02  0.222130647282D-03 -0.261275518913D-04
 -0.261689045031D-03 -0.359748547397D-04 -0.665116297754D-03
  0.138729397608D-03 -0.306576500957D-03  0.240088043257D-02
 -0.100623745787D-03 -0.155999338994D-03 -0.834908639728D-03
 -0.742847246680D-04 -0.461433513981D-04 -0.199997193004D-02
  0.688439523400D-04 -0.386706339108D-04  0.148698145226D-02
  0.563754196526D-03  0.127523716114D-02 -0.221895316446D-02
 grado
  0.144593679257D-04  0.717077409428D-04  0.959427041887D-04
 -0.527364905522D-05 -0.156756543864D-05 -0.146357712624D-03
 -0.142007936071D-05  0.348324399801D-06 -0.329796619277D-04
  0.422267825574D-06  0.490760586546D-05  0.749976869039D-04
 -0.552039422942D-05 -0.117292383897D-04  0.971705292720D-04
 -0.188855136419D-03  0.777777017772D-05 -0.252611752700D-03
 -0.367513893879D-03 -0.535836164375D-04  0.474721632020D-04
  0.123404262688D-04  0.828743602074D-04  0.137502787123D-03
 -0.413961774944D-05  0.174897854495D-04 -0.102765299908D-04
 -0.324411357414D-05 -0.594578607672D-05 -0.499947270028D-05
 -0.623856905095D-05 -0.305030546756D-04  0.116724381681D-04
 -0.215807792698D-03  0.182298121979D-03  0.570263033200D-04
$end
