$vibrational normal modes
 1  1   0.0153103066  -0.0312791131   0.2097073577   0.0908907090  -0.1159396870
 1  2  -0.0050594063  -0.0911796863   0.1357827062   0.1470953708   0.0849927733
 1  3  -0.1132155460   0.0067801278  -0.1540313432  -0.2432122069  -0.1576898017
 1  4  -0.0823128482  -0.0555750585   0.1303103167  -0.1568113742  -0.0003035012
 1  5  -0.0221144700   0.0720690715  -0.0003056786  -0.0007214683   0.0036371104
 1  6  -0.0001425372  -0.0198323253  -0.0114342265  -0.0073174391   0.0043686827
 1  7   0.0224649724  -0.1021333691   0.1196797854  -0.0956639991   0.0106234143
 1  8  -0.1114471557   0.1915183555  -0.0000648065  -0.0002678861  -0.0007609638
 1  9   0.0014740946   0.0022319030
 2  1   0.0151878459   0.2354988521  -0.0104948748  -0.0341497883  -0.0906321198
 2  2   0.0523440455  -0.0356201461  -0.0211729509   0.1138953955  -0.0382043297
 2  3  -0.0178665361  -0.0003383447   0.0847834151  -0.1091325978   0.1130988628
 2  4   0.0107710230  -0.0652449488  -0.1101845035  -0.0119841277   0.0011714177
 2  5   0.0157532816   0.0073411638  -0.0021883066  -0.0029316232  -0.0683124124
 2  6  -0.0095206449  -0.0012753088   0.1407884499   0.0351965341   0.0102572484
 2  7  -0.3544767715  -0.0109965233   0.0110465751  -0.0135438937  -0.1579078923
 2  8   0.1536929385   0.1160981607  -0.0008071412  -0.0006865445  -0.0024900374
 2  9   0.0022797634  -0.0028153405
 3  1   0.1057130545   0.0234214344   0.0932986898   0.0203316931   0.0961689621
 3  2   0.2291360837  -0.0156633840   0.0808106397  -0.1405488738  -0.1625476655
 3  3  -0.2026820001   0.0049403524  -0.0770702333   0.1470179116   0.1560795818
 3  4  -0.0884300755   0.0534968438  -0.0940071369   0.1255041972   0.0007982131
 3  5   0.0165127998  -0.0557930316   0.0001017870   0.0004703002   0.0079301412
 3  6   0.0018788460  -0.0270934667  -0.0007182152  -0.0059442719   0.0007267417
 3  7   0.0172108884  -0.1316175420   0.1576420496  -0.1218162967   0.0059080891
 3  8  -0.1327187952   0.2483520081  -0.0001506335  -0.0003724570  -0.0010715018
 3  9   0.0019205437   0.0026032749
 4  1  -0.0939698930   0.0308071956   0.0376391449   0.2174733655  -0.0659492773
 4  2   0.0084258723  -0.2099199896   0.1688342789   0.0710585876   0.1707273183
 4  3  -0.2007872805   0.1706849324  -0.1258818106   0.0281363453  -0.0662146625
 4  4  -0.1033544144   0.0727368362  -0.0339184699   0.0632065441  -0.0701677006
 4  5   0.0998798532  -0.0837638551   0.0655371142   0.0310092905   0.2031748065
 4  6   0.0347660546   0.0170599604   0.0177611974   0.0105734330   0.0122185159
 4  7   0.0103039540   0.0092164553  -0.1034091100   0.0264066747  -0.0760643586
 4  8   0.1313366038  -0.0923309233  -0.0045456270   0.0068229733  -0.0080595027
 4  9  -0.0063157600  -0.0420446652
 5  1   0.0620607442   0.2737089018  -0.0730356240   0.0585151393  -0.0430413060
 5  2  -0.0457690958  -0.0055076874  -0.1422751153   0.1377776542  -0.0251486433
 5  3   0.0985013551   0.0003093800  -0.0820838979   0.0523426440   0.0043056428
 5  4  -0.2614464970  -0.0193913529  -0.0370936504  -0.0047637248   0.0020673307
 5  5  -0.0529360235  -0.0018142530   0.0028657969   0.0018057692   0.2148289202
 5  6  -0.0505221606   0.0954905109  -0.0116314930   0.0124638806  -0.0382345381
 5  7  -0.0849144285   0.0328185028   0.2317512924   0.1102881326   0.0757077794
 5  8  -0.2992527375  -0.0700113229  -0.0040239963   0.0059832755  -0.0069779614
 5  9  -0.0068893092  -0.0500334996
 6  1   0.2210288527  -0.0054470738   0.1978100756  -0.0301828756   0.0824339817
 6  2   0.1627229645   0.0998867208  -0.0175648324  -0.0672898758  -0.2226637587
 6  3  -0.1009792066  -0.1276666234  -0.1895763978  -0.0187824167   0.0287370259
 6  4  -0.1263393849   0.0197592372   0.1594209684  -0.0290264640   0.0398455104
 6  5   0.1312238901   0.0704901326  -0.0471107900  -0.0209577528   0.2706627910
 6  6   0.0430750222   0.0249871434   0.0139734604   0.0114454582   0.0165943419
 6  7   0.0147262785   0.0122197959  -0.1268793144   0.0356403692  -0.0927060390
 6  8   0.1563872673  -0.1180863911  -0.0057275704   0.0086128188  -0.0101447905
 6  9  -0.0080075109  -0.0533384392
 7  1  -0.0444888884   0.0526820076  -0.0962758214   0.3218389055  -0.0933646523
 7  2   0.0152554424  -0.1434252525   0.0746691397  -0.1148144176   0.0210628178
 7  3  -0.0407702432  -0.1606807781   0.0059798542   0.1285687012   0.0374575537
 7  4   0.1667224437  -0.0450504426   0.2044242517   0.0268599712  -0.0599656433
 7  5   0.1116408473   0.0108497230  -0.0738124544  -0.0734957757  -0.0471663932
 7  6  -0.1004444637   0.0369290686   0.0327489325   0.0214325431   0.0223569984
 7  7  -0.0444352326   0.0324593334  -0.0505531682   0.0227889862   0.0606360073
 7  8  -0.0298069182   0.1296266815   0.0228392725  -0.0343627662   0.0220327165
 7  9   0.0110862835  -0.0139197193
 8  1   0.0671995976   0.2772685852  -0.0807203097   0.0682233689  -0.0396632966
 8  2  -0.0539333685  -0.0020710324  -0.1560791637   0.1376133213  -0.0251398293
 8  3   0.1512503844  -0.0088633726  -0.0646227399   0.0988462704  -0.0283208153
 8  4  -0.2495114373  -0.0199002535  -0.0263225721  -0.0087184463   0.0070762641
 8  5  -0.1318731209  -0.0046283891   0.0000509486  -0.0001672675   0.0251971454
 8  6   0.0075368015  -0.0504712902  -0.0067490361   0.0316940482   0.0455495733
 8  7   0.0933279962   0.0558991265  -0.1926773146  -0.1476244036   0.1118116057
 8  8   0.2291536290   0.2445140635  -0.0174177078   0.0249997268  -0.0131689871
 8  9  -0.0055947632   0.0130419815
 9  1   0.2502645545   0.0289019517   0.2222103230   0.0126721204   0.1697953241
 9  2   0.0191424960   0.0883460524  -0.1163565882   0.1102459256  -0.0335299384
 9  3   0.0395007772   0.1276148360  -0.0303781702  -0.0224544504  -0.1375406040
 9  4   0.1929794816   0.1282563938  -0.0000053729   0.0044438326   0.0286904606
 9  5   0.2018423696  -0.0005652890   0.0555159863   0.0541252104  -0.0704737740
 9  6  -0.1282960029   0.0453555941   0.0412251530   0.0284422093   0.0294895142
 9  7  -0.0532346331   0.0424545144  -0.0683658726   0.0247454472   0.0797140603
 9  8  -0.0318217135   0.1696645292   0.0281417055  -0.0423731228   0.0272408305
 9  9   0.0137337925  -0.0171891048
10  1   0.1122020132   0.0127643807  -0.0576433237   0.2991659557  -0.1697389952
10  2   0.0086268775   0.0550079462  -0.0696652615  -0.2053821474  -0.1662349545
10  3   0.1384588982  -0.0031408157   0.0269428007  -0.1397097689  -0.1334592821
10  4   0.0745348959   0.0362153127  -0.1091542925   0.0865288814  -0.0005800198
10  5  -0.0238127696   0.0711992965  -0.0063020284   0.0824793465   0.0227963723
10  6  -0.0141156869  -0.0465241649   0.0197130239  -0.0400366889  -0.0050256304
10  7  -0.0031187841   0.0012952461   0.1733498430  -0.0955136938   0.0081473711
10  8   0.1131291986  -0.2043376315  -0.0036003191   0.0030573276   0.0033135352
10  9   0.0040599506   0.0000420592
11  1   0.0262343980   0.2430719829  -0.0271176767  -0.0133373102  -0.0836010456
11  2   0.0351186012  -0.0282056993  -0.0455687520   0.1209276513  -0.0763367883
11  3   0.0554033491  -0.0007016748  -0.2035206390   0.1645737717  -0.1341857542
11  4  -0.0110322128   0.0807382445   0.1375628128   0.0181349391  -0.0074706099
11  5   0.1160366745   0.0033026574  -0.0042865386  -0.0002233822  -0.3550839610
11  6   0.1540413305  -0.0084386590   0.0022577199  -0.0070708749   0.0032264282
11  7   0.0065959350   0.0007605251   0.0303612832  -0.0132050445  -0.1057205692
11  8  -0.1231905747  -0.1055929502   0.0495420896  -0.0122152628  -0.0560025654
11  9  -0.0414622315   0.0094015999
12  1   0.1660009558   0.0907559352   0.1437912073   0.1040319445   0.2686939388
12  2  -0.0563066819  -0.0414053467  -0.1060877960   0.1961076119   0.1595340733
12  3  -0.0062643666  -0.0027443529   0.1002015483   0.1224355245   0.0902912236
12  4   0.1067200947  -0.0386178871   0.0725811099  -0.0725803862   0.0013264351
12  5   0.0014434515  -0.0552091373   0.0057160904  -0.0656402252   0.0241368535
12  6  -0.0121754092  -0.0586547242   0.0254416649  -0.0506075790  -0.0066162990
12  7  -0.0035974473   0.0015649277   0.2196758353  -0.1206152660   0.0069967059
12  8   0.1382940413  -0.2605445759  -0.0029699338   0.0034754330   0.0023998756
12  9   0.0037839146   0.0003095821
13  1   0.2203483620  -0.0494389367   0.1158652262   0.1714346194  -0.2191379306
13  2  -0.0049154639   0.1828501621  -0.1145774908  -0.0611048328   0.0207103306
13  3  -0.0119724992   0.1599909769   0.1034455384   0.0638710267   0.1176320834
13  4   0.1453454962  -0.1298769911   0.0580585285   0.0053767546   0.0589802960
13  5  -0.1136412614   0.0072568253   0.0820747834  -0.0593880899   0.0476509421
13  6   0.0998889846   0.0219301925  -0.0502972506   0.0106529627  -0.0261969655
13  7   0.0338586297   0.0401678317  -0.0731532405   0.0028944642  -0.0765313196
13  8  -0.1289090974   0.0911901453  -0.0247407596  -0.0261416640  -0.0024923227
13  9  -0.0240202405   0.0026119394
14  1  -0.0203454738   0.2049997046   0.0348990875  -0.1054953782  -0.1311898145
14  2   0.1330347542  -0.0570554641   0.0768250414   0.1018305414  -0.1024823141
14  3  -0.0842056417   0.0064299853  -0.1494288549   0.0636966942  -0.0319012842
14  4   0.2941207523  -0.0166726647  -0.0290014782  -0.0086615200   0.0136980975
14  5  -0.1813745544  -0.0058086658   0.0025848944   0.0002453102   0.0448431679
14  6   0.0405949496   0.0594275677   0.0106390405  -0.0316211078   0.0233401481
14  7   0.0978262367  -0.0446587071   0.1752769374   0.1493936933   0.0942236591
14  8   0.2963855149   0.0762628386  -0.0295527117  -0.0291352045   0.0021577475
14  9  -0.0287108917   0.0025051878
15  1   0.0512843817   0.1187357278   0.0398600646   0.1532972290   0.2807470423
15  2   0.0120082714  -0.1615348634   0.0023220200   0.0678631243  -0.0082539666
15  3   0.0268005357  -0.1301635628   0.0646858818  -0.1116787082  -0.0340020391
15  4   0.1809515457   0.0254786550  -0.1840502885  -0.0246893556  -0.0304866104
15  5  -0.1642089717  -0.0146187053  -0.0621301109   0.0516397101   0.0628428528
15  6   0.1260412322   0.0290409550  -0.0628447541   0.0124009649  -0.0318936891
15  7   0.0451087720   0.0492777857  -0.0872268687   0.0083451661  -0.0934823704
15  8  -0.1528538837   0.1178140761  -0.0321504980  -0.0339189787  -0.0030690657
15  9  -0.0312309982   0.0033857868
16  1   0.1720437349  -0.0717164270   0.2505066706   0.0665657367  -0.1922860970
16  2  -0.0118214509   0.1079987893  -0.0040935976   0.1179054038   0.1761984882
16  3  -0.2058317754  -0.1587625217  -0.0399541622  -0.0542925089   0.0219325683
16  4  -0.1230030008   0.0044971972  -0.1557079899   0.0490880294   0.0712919807
16  5  -0.0493714273  -0.0883778816  -0.0673812499   0.0198073734  -0.2306347472
16  6  -0.0247258894   0.0341765079  -0.0192094372   0.0039211435  -0.0084865016
16  7   0.0037731614   0.0105970645  -0.0691787164   0.0394749855   0.0643607214
16  8   0.0278100682  -0.1275939240   0.0112729960   0.0165697208   0.0311097678
16  9  -0.0331264658   0.0009419721
17  1  -0.0262027735   0.2010392531   0.0437856295  -0.1164914565  -0.1347568964
17  2   0.1419413759  -0.0622198971   0.0913147350   0.1037897449  -0.0954583629
17  3  -0.0836175639  -0.0023099027  -0.1017101967   0.0391678687  -0.0136093410
17  4   0.2325106500  -0.0213472866  -0.0446318827  -0.0052352103   0.0067845077
17  5  -0.0810163099  -0.0041659117   0.0005763780   0.0018355040   0.1427330216
17  6  -0.0619772653  -0.0867533782  -0.0089835427  -0.0087860678  -0.0311082548
17  7  -0.0816893154  -0.0317872682  -0.2661634592  -0.1023064143   0.0939461270
17  8  -0.2317901041  -0.2504694803  -0.0070285336  -0.0105273080  -0.0225987220
17  9   0.0267167782  -0.0002934680
18  1   0.0201465572   0.0852615384   0.0137158568   0.1118080029   0.1944813905
18  2   0.1554716216  -0.1475514817   0.0925160592  -0.1051042820  -0.2008786716
18  3  -0.0945483632   0.1363278868  -0.0701090767  -0.1101573985   0.1378376960
18  4  -0.1347979904  -0.0698572034  -0.0060705071  -0.0490173613  -0.0409799304
18  5  -0.1411815356   0.0627262817   0.0467869041  -0.0191511284  -0.2918149029
18  6  -0.0325766899   0.0413296661  -0.0272683324   0.0039507745  -0.0100342188
18  7   0.0045714338   0.0129056231  -0.0965223203   0.0464685464   0.0843361324
18  8   0.0277850726  -0.1690666004   0.0140317510   0.0206549570   0.0386719590
18  9  -0.0410938766   0.0011475536
19  1  -0.0262140061  -0.0564248468   0.3508553461  -0.0186495809  -0.0922836106
19  2  -0.0125474735  -0.1730301299   0.2400440282   0.0968550805  -0.1138241662
19  3   0.2602978240  -0.0042153368   0.2995557598   0.0006944242   0.0588496526
19  4  -0.0711574135   0.0895821298   0.1339739309   0.0504009337   0.0093864364
19  5  -0.1452906586  -0.0273480120   0.0008176402   0.0034604287   0.0082046835
19  6  -0.0024768978   0.0050806465   0.0056576038   0.0033276468   0.0002426613
19  7  -0.0113146833   0.0077849008   0.0043666398   0.0095392344   0.0001295349
19  8  -0.0005447590  -0.0098442292   0.0000120401  -0.0000352347   0.0000069752
19  9   0.0000064320  -0.0001848787
20  1   0.0101582420   0.2304899459  -0.0049797916  -0.0447441959  -0.0983949442
20  2   0.0666149022  -0.0403023825   0.0037553350   0.1191607268  -0.0313119767
20  3   0.0143571453  -0.0024797911   0.2387249289  -0.1529522089   0.1390601592
20  4   0.0150074261  -0.0409855495  -0.0560959023   0.0146791485  -0.0278110671
20  5   0.4129911852   0.0101016277  -0.0006326712  -0.0012510732   0.0023453296
20  6   0.0177863056  -0.0008979830  -0.0640452766  -0.0157068726  -0.0096480821
20  7   0.1619672881  -0.0014144377   0.0088615968   0.0010646732   0.0263562845
20  8  -0.0018722620   0.0001132085  -0.0000204001   0.0000869012   0.0003242897
20  9  -0.0003613797   0.0004940597
21  1   0.0789630039  -0.0119414461   0.0711709029  -0.0241352543   0.0076578260
21  2   0.3724761175  -0.0217935335   0.1962002174  -0.1025308433   0.0139830211
21  3   0.0014094886  -0.0049434083   0.2835656853   0.2166195213  -0.2321390259
21  4  -0.0940232286  -0.1120698329  -0.1449652606  -0.0666002198  -0.0047074383
21  5   0.0828377670   0.0272692211  -0.0001416077  -0.0029347742  -0.0083830085
21  6   0.0004317302   0.0081113810   0.0022742957   0.0032181668   0.0024527697
21  7  -0.0154358139   0.0127965378   0.0053448766   0.0142588361  -0.0042274750
21  8   0.0109386432  -0.0086579037  -0.0000278498  -0.0000463138   0.0000114422
21  9  -0.0000670856  -0.0000859061
22  1  -0.2059573167  -0.0088165754   0.2988354219   0.0132391256  -0.0048469025
22  2  -0.0044732639  -0.0540059915  -0.1883043750  -0.1097340524   0.0126011991
22  3   0.1161797110  -0.0025726482  -0.1740712627   0.0451937649   0.0238798376
22  4   0.0164721849  -0.0538431683  -0.0837013316  -0.0096528892  -0.0046604802
22  5   0.0772654219   0.0056211922  -0.0007117274  -0.0009605058  -0.0058639399
22  6   0.0008120792  -0.0002154357   0.0257175176   0.0093941421  -0.0276021944
22  7   0.0176888717  -0.0006722428   0.0003641241   0.0000736655  -0.0011828220
22  8   0.0027672740   0.0011711845  -0.0000171664   0.0000108713  -0.0000144045
22  9  -0.0000305780  -0.0000268944
23  1  -0.0189285739   0.2486443501   0.0889098955  -0.0722510214  -0.0055722693
23  2  -0.0449203971  -0.0394605930  -0.1614955309  -0.2565430979   0.0894969608
23  3  -0.1321915510   0.0025119273   0.1731553367  -0.0441091865  -0.0497291824
23  4  -0.0195389192   0.0470729347   0.0792325360   0.0020417037   0.0040855913
23  5  -0.0702363036  -0.0024299393   0.0006866068   0.0006855924   0.0045777595
23  6  -0.0008185655   0.0005105662  -0.0177637471  -0.0062169170   0.0173850225
23  7  -0.0081959080   0.0007870319  -0.0008230809   0.0003561533   0.0021720045
23  8  -0.0032397700  -0.0022289462   0.0000304895   0.0000005840   0.0000410704
23  9   0.0000038222   0.0000490110
24  1  -0.0594301275   0.0160282715  -0.0539197461   0.0275703049   0.0095865467
24  2   0.4724867657   0.0764719326  -0.0652819054   0.0346574866   0.0965393214
24  3   0.0404207215   0.0000557205   0.0199861162  -0.0615048976   0.0200130117
24  4  -0.0026579454   0.0422844384   0.0606854707   0.0093571683   0.0040073406
24  5  -0.0570503313  -0.0024508413  -0.0006901813  -0.0002816034  -0.0019796758
24  6  -0.0009839971  -0.0022065062   0.0851623166   0.0312275369  -0.0886204398
24  7   0.0600592540  -0.0019828354  -0.0020199701  -0.0005918010   0.0036266927
24  8  -0.0054170970  -0.0032303378   0.0000382791   0.0000231019   0.0000212772
24  9  -0.0000072257  -0.0000760569
25  1  -0.2152668443   0.0610908992   0.0103484614   0.2330286306  -0.0067676482
25  2   0.0133974391  -0.3529076586   0.2681817947   0.1022696687   0.2452229286
25  3  -0.3045295892   0.3605363402  -0.0547422097   0.1717415332   0.2543897101
25  4  -0.1334654437   0.3995990700  -0.3205350396  -0.0298252872   0.4147123044
25  5   0.1868634390   0.4617821993  -0.3327065137  -0.1897133427   0.2847240550
25  6   0.1908895111  -0.1539069444   0.1571126696   0.0968852695   0.2046988221
25  7  -0.0309745303   0.2131987978   0.1617960077   0.1382727358   0.1365878496
25  8  -0.1618321287  -0.0807188694   0.0525248972  -0.0781697096   0.0883848030
25  9   0.0722962292   0.4727297642
26  1   0.0936793753   0.2999893118  -0.1145582503   0.1213854010  -0.0094613320
26  2  -0.1140338354   0.0105370965  -0.2169064812   0.1557046792  -0.0025837809
26  3   0.2500465624   0.0015781545  -0.0623712437   0.2002583950  -0.1238835592
26  4  -0.1649580373   0.0442348504   0.0612890308   0.0023789788   0.0084633430
26  5  -0.0274851103   0.0030026455  -0.0040069830  -0.0011933553   0.1690493671
26  6  -0.3642469821   0.4691657950  -0.3538749185  -0.1792150743  -0.4169805774
26  7   0.0017357228  -0.3925306235  -0.3593087679  -0.0974114163  -0.4023013369
26  8   0.3343141546  -0.1410714321   0.0611069051  -0.0908750525   0.1021818543
26  9   0.0855579024   0.5640399636
27  1   0.2859707419  -0.0538879105   0.2582863648  -0.1016224452   0.0045341174
27  2   0.2232137836   0.1956739570  -0.0213002228  -0.1099427990  -0.2997115345
27  3  -0.1633875467  -0.2758582835  -0.2643507887  -0.2740263576  -0.0985062638
27  4  -0.1905227955  -0.2933015765   0.2936987423   0.0383513728  -0.3466511710
27  5   0.0551566287  -0.3612654546   0.2716022269   0.1549194323   0.2752821751
27  6   0.2104666823  -0.1792138290   0.2353536611   0.1275505249   0.2183388737
27  7  -0.0602064130   0.2558638771   0.2136917867   0.1734314282   0.1603228209
27  8  -0.1978570707  -0.0981417985   0.0671086271  -0.0999439994   0.1128638277
27  9   0.0925015043   0.6040894116
28  1  -0.1290560288   0.1012026982  -0.2314439829   0.4213314681  -0.0547246802
28  2   0.0258139817  -0.2385021116   0.1069270353  -0.2108349250  -0.0035394647
28  3  -0.0365206343  -0.3607934413   0.1108901854   0.3303576694   0.3627020077
28  4   0.2255664986   0.1755566700   0.1108410152  -0.4087309997   0.3386277992
28  5   0.2572751983  -0.0304872805   0.3963981917   0.4176295871  -0.0956769383
28  6  -0.2046497519  -0.0189719423   0.0539900426   0.1300884203   0.1462201003
28  7   0.0828900645  -0.0915160126  -0.0096413968   0.1596037572  -0.0847697837
28  8  -0.1388969517  -0.0251727735  -0.2723343362   0.3966381771  -0.2394077819
28  9  -0.1161698287   0.1544017965
29  1   0.1036379486   0.3070117481  -0.1292870712   0.1402878987  -0.0025523064
29  2  -0.1303665932   0.0216315955  -0.2548088222   0.1492000721   0.0183975144
29  3   0.2750629855  -0.0194971177   0.1335205153   0.0622793291   0.0317165379
29  4  -0.1024384940  -0.1053311880  -0.1826763023  -0.0438224980   0.0329142684
29  5  -0.3863572221  -0.0105581717   0.0100379717   0.0083798582  -0.0403836334
29  6  -0.3237559177  -0.2771477154   0.0503392445   0.4251772968   0.5073401667
29  7   0.5930068938  -0.4170881771  -0.0503813872   0.3079567647  -0.4575541905
29  8  -0.1280654003  -0.3641886115   0.1968752467  -0.2855152777   0.1689002548
29  9   0.0805035220  -0.1139997717
30  1   0.3400136364   0.0068722191   0.3035283921  -0.0260573071   0.1600611600
30  2  -0.0338794125   0.1793008980  -0.1998722056   0.1947055623   0.0117993618
30  3   0.1064498405   0.2836311001   0.0004362619  -0.2094759262  -0.3649701877
30  4   0.2319824055  -0.0993656969  -0.0137285430   0.3377425331  -0.2799811913
30  5  -0.0558983967   0.0298237344  -0.3196905592  -0.3391115080  -0.0493160957
30  6  -0.2523078995  -0.0320268206   0.0630537775   0.1727896123   0.1986994225
30  7   0.1204726812  -0.1272003422  -0.0198921535   0.2063907588  -0.1199877040
30  8  -0.1747228901  -0.0394055347  -0.3358583768   0.4891941286  -0.2954002327
30  9  -0.1433378164   0.1907010142
31  1   0.1502967852   0.0300278013  -0.1625322025   0.3808814953  -0.1908861138
31  2   0.0139941537   0.1124245878  -0.1484895800  -0.3797269313  -0.3948124986
31  3   0.3221583562  -0.0071706777   0.0261856621  -0.2287218434  -0.0937663437
31  4  -0.2002994211   0.4132528673  -0.3938405831  -0.4633959506   0.0053342063
31  5   0.1108688257  -0.4057589089   0.0397552662  -0.4738759968   0.0399816420
31  6  -0.0147416556  -0.2865998580   0.2082796017  -0.4451889708  -0.0566968114
31  7  -0.0013770658  -0.1340415141  -0.2920439430   0.4131240092   0.0120715258
31  8  -0.1050036724   0.2428153931   0.0445774698  -0.0135190073  -0.0466017522
31  9  -0.0357399243   0.0063590398
32  1   0.0306370909   0.2460521491  -0.0337930429  -0.0050696742  -0.0809102982
32  2   0.0284104456  -0.0244103492  -0.0562230818   0.1178273301  -0.0792101566
32  3   0.0684926756  -0.0010819111  -0.2020655784   0.1629609616  -0.1315337976
32  4  -0.0544038197   0.0886653966   0.1275491245   0.0036439279  -0.0069293450
32  5   0.1138506099  -0.0088083959  -0.0029640227  -0.0143580953  -0.3668996480
32  6   0.1690413187  -0.0463075569   0.0278600497  -0.0711560470  -0.0058612728
32  7   0.0147651643  -0.0202762175  -0.0415235250   0.0666229666  -0.1279663851
32  8  -0.1759873212  -0.0457793603  -0.5896612176   0.1451318595   0.6289182568
32  9   0.4567271831  -0.0964208586
33  1   0.1898882055   0.1170956141   0.1638144169   0.1367420126   0.3363113942
33  2  -0.1683718203  -0.0505949448  -0.1798241141   0.3555360576   0.3872896724
33  3  -0.0219535930  -0.0026176347   0.1365048985   0.1981134969   0.0874977441
33  4  -0.2492263384  -0.3531024595   0.2764298052   0.3599595705  -0.0039535051
33  5  -0.0956209338   0.3274446834  -0.0282148264   0.3752610637   0.0038668009
33  6  -0.0222149037  -0.3622386814   0.2652547924  -0.5611819991  -0.0715208247
33  7  -0.0025489376  -0.1685018989  -0.3685327180   0.5236935828   0.0108418136
33  8  -0.1349033705   0.3053215160   0.0372988714  -0.0123781775  -0.0384888745
33  9  -0.0304235382   0.0051376571
34  1   0.3430491825  -0.0808749471   0.1468695334   0.1531058966  -0.2789278410
34  2  -0.0101520623   0.3386810592  -0.2296663623  -0.1095811557  -0.0158061917
34  3   0.0369243883   0.3543830984   0.1840829085   0.3364811947   0.3767945565
34  4   0.2068968095   0.1503040919   0.0561017541  -0.4278012292  -0.3447390468
34  5  -0.0935902121  -0.0642748983  -0.4455658173   0.3698658543   0.0663102583
34  6   0.2335427097  -0.0827575652  -0.2142940396   0.1536437340  -0.1518332768
34  7  -0.1774483972  -0.1542494514  -0.0263260795   0.1937993942   0.1527728196
34  8   0.1528976792   0.0816979489   0.2942121284   0.2966747870   0.0126646408
34  9   0.2643399607  -0.0264174796
35  1  -0.0523694240   0.1781891934   0.0766997924  -0.1693100078  -0.1657649281
35  2   0.2029703070  -0.0753373328   0.1622373386   0.0830601898  -0.1295139971
35  3  -0.2142422154   0.0161096258  -0.1687003659  -0.0327621928   0.0881485559
35  4   0.1998643408  -0.0871620541  -0.1739590690  -0.0361582518   0.0208427734
35  5  -0.4118041134  -0.0151924802  -0.0126045248   0.0102635591  -0.0080999793
35  6  -0.2429409876   0.2940676151   0.3618285333  -0.3460168832   0.2993876840
35  7   0.5752216327   0.3883906987   0.0723447772  -0.2361560789  -0.4245581903
35  8  -0.3211572405   0.1339012242   0.3432024359   0.3436586479   0.0087700202
35  9   0.3077863129  -0.0299056505
36  1  -0.0145307733   0.1669073188  -0.0213831270   0.2244676304   0.3576872947
36  2  -0.0464956674  -0.2651567592   0.0146008686   0.1220232613   0.0433371718
36  3   0.1044291108  -0.2882827783   0.0158872662  -0.2339769544  -0.3411432563
36  4   0.2189504792  -0.1276512283  -0.0540561184   0.3330715889   0.2745306311
36  5   0.0173828649   0.0482605194   0.3573535139  -0.2876570566   0.0738378715
36  6   0.2942982853  -0.0908656931  -0.2593203846   0.1837751190  -0.1837292620
36  7  -0.2036290370  -0.1827647153  -0.0305041945   0.2369053809   0.1794894764
36  8   0.1822678187   0.1071224293   0.3823929883   0.3852722516   0.0160996296
36  9   0.3435464789  -0.0342032688
37  1   0.2546706532  -0.1201627211   0.3869757721  -0.0340041752  -0.2299402123
37  2  -0.0224065691   0.2015653197  -0.0260898852   0.1890695039   0.2335706131
37  3  -0.3038018186  -0.3436079414  -0.0503891252   0.1786501646   0.2726466972
37  4  -0.1527083708   0.3814804696  -0.3819523941  -0.0411643902  -0.4193753895
37  5  -0.3014799198   0.4491477848   0.3431578259  -0.1545920998  -0.2895579759
37  6  -0.1304504408  -0.0760214039  -0.1743726448   0.0187889852  -0.1120103341
37  7   0.0502391118   0.1411866762   0.1106592541   0.1202944476  -0.0631861602
37  8   0.1376664172   0.0305090654  -0.1325757543  -0.1918211499  -0.3530870271
37  9   0.3737130015  -0.0083865175
38  1  -0.0621100355   0.1716138113   0.0914921976  -0.1875886044  -0.1716653854
38  2   0.2177374375  -0.0833580543   0.1865132117   0.0929885711  -0.1466145294
38  3  -0.2297604746  -0.0009541184  -0.3754400806   0.1082148986  -0.0689064200
38  4   0.0793957842   0.0616029251   0.0654350655   0.0068611703  -0.0075632346
38  5  -0.0729935563   0.0083444452   0.0109120705  -0.0063889243   0.0563043208
38  6  -0.4546617523  -0.5191200393  -0.5186423153   0.0534747910  -0.4146785598
38  7   0.0103909387   0.4269768959   0.3951247501   0.1379682682  -0.4162524874
38  8   0.1278979282   0.3651161303   0.0986891153   0.1427637836   0.2660591862
38  9  -0.2848509739   0.0060644353
39  1  -0.0684854817   0.1060341380  -0.0665406540   0.1487423346   0.2019514082
39  2   0.2108234603  -0.2356095376   0.1686684434  -0.1690922334  -0.2788935102
39  3  -0.1071489223   0.2858020135  -0.2357418512  -0.2528412167  -0.0986546447
39  4  -0.2017309479  -0.3229493749   0.2413866223   0.0304219967   0.3457884889
39  5   0.0523415681  -0.3626227462  -0.2773949195   0.1162256424  -0.3169619932
39  6  -0.1824612390  -0.1238817713  -0.2235875303   0.0286062878  -0.1610834890
39  7   0.0495457847   0.1915303804   0.1606999485   0.1553364771  -0.0991255358
39  8   0.1780537754   0.0579211777  -0.1650852534  -0.2386185758  -0.4393010999
39  9   0.4647647961  -0.0107198128
40  1  -0.3840061660   0.0723297950   0.1032820598   0.1547567444   0.0785153880
40  2   0.0123199382   0.3514752705  -0.0041830392   0.1827793770  -0.1463171395
40  3  -0.1492235087  -0.0020044931   0.1734436836   0.0216933183  -0.0452046030
40  4  -0.0169573638   0.0104254415   0.0217441317  -0.0004277622   0.0008552279
40  5  -0.0215686337  -0.0016903186   0.0006855332   0.0006299466   0.0035897092
40  6  -0.0002661853   0.0014654987  -0.0510864504  -0.0186887943   0.0537345803
40  7  -0.0364564362   0.0014680584   0.0008545151   0.0005133495  -0.0008006255
40  8   0.0006685593   0.0007558478   0.0000074832  -0.0000377416   0.0000289704
40  9   0.0000384568   0.0001599627
41  1   0.0158651775   0.2937572001   0.0645223668   0.0085349642   0.0787060994
41  2  -0.1867310946   0.2720416767   0.4790427195  -0.1801472946   0.1456842979
41  3   0.1514541882   0.0017973759  -0.1554006104  -0.0225552289   0.0415070698
41  4   0.0152597085  -0.0070702594  -0.0139102189   0.0013927055  -0.0008958086
41  5   0.0139959804   0.0005647525  -0.0005320271  -0.0003388375  -0.0027050087
41  6   0.0003254353  -0.0011170187   0.0320597642   0.0116530411  -0.0330352645
41  7   0.0218969467  -0.0007758163  -0.0004251492  -0.0002935186   0.0003688204
41  8  -0.0001331739  -0.0004776315  -0.0000114087   0.0000381096  -0.0000392033
41  9  -0.0000428078  -0.0002028684
42  1   0.0000000000   0.0000000000   0.0000000000   0.0000000000   0.0000000000
42  2   0.4417586040   0.0132211871  -0.0033364148  -0.0376986843   0.1527187618
42  3   0.1766005397  -0.0015741753  -0.1499100795  -0.0494996422   0.0621985836
42  4   0.0129467245   0.0137275981   0.0156278490   0.0126327946  -0.0020717377
42  5  -0.0010834788  -0.0075785475   0.0021354006   0.0018970137   0.0107224303
42  6   0.0000712921   0.0047055687  -0.1703828834  -0.0625129057   0.1764063177
42  7  -0.1174632839   0.0030405467   0.0027677527   0.0008100873  -0.0043960679
42  8   0.0053812185   0.0030728797  -0.0000398068  -0.0000094974  -0.0000271354
42  9  -0.0000082767   0.0000293921
$end
