$energy      SCF               SCFKIN            SCFPOT
     1 -548.3595902652      546.6388420812     -1094.998432346
     2 -548.3596955943      546.6281867047     -1094.987882299
     3 -548.3598297735      546.6138359113     -1094.973665685
     4 -548.3598529646      546.6138873169     -1094.973740282
     5 -548.3598534178      546.6180008455     -1094.977854263
     6 -548.3598547427      546.6225201856     -1094.982374928
     7 -548.3598536971      546.6202602679     -1094.980113965
     8 -548.3598539811      546.6207761889     -1094.980630170
     9 -548.3598541007      546.6209431565     -1094.980797257
    10 -548.3598541122      546.6210049254     -1094.980859038
$end
