$energy      SCF               SCFKIN            SCFPOT
     1 -548.3595902652      546.6388420812     -1094.998432346
     2 -548.3596955943      546.6281867047     -1094.987882299
     3 -548.3598297735      546.6138359113     -1094.973665685
     4 -548.3598529646      546.6138873169     -1094.973740282
     5 -548.3598534178      546.6180008455     -1094.977854263
     6 -548.3598547427      546.6225201856     -1094.982374928
     7 -548.3598536971      546.6202602679     -1094.980113965
     8 -548.3598539811      546.6207761889     -1094.980630170
     9 -548.3598541007      546.6209431565     -1094.980797257
    10 -548.3598541122      546.6210049254     -1094.980859038
    11 -548.3684410209      546.6454737518     -1095.013914773
    12 -548.3684724547      546.6434895518     -1095.011962007
    13 -548.3684721340      546.6416029013     -1095.010075035
    14 -548.3684724143      546.6414161045     -1095.009888519
    15 -548.3684723022      546.6413893250     -1095.009861627
$end
