$basis
*
c aug-cc-pVTZ
# c     (19s6p3d2f) / [5s4p3d2f]     {88111/3111/111/11}
*
   8  s
  8236.0000000      0.53100000000E-03
  1235.0000000      0.41080000000E-02
  280.80000000      0.21087000000E-01
  79.270000000      0.81853000000E-01
  25.590000000      0.23481700000
  8.9970000000      0.43440100000
  3.3190000000      0.34612900000
 0.36430000000     -0.89830000000E-02
   8  s
  8236.0000000     -0.11300000000E-03
  1235.0000000     -0.87800000000E-03
  280.80000000     -0.45400000000E-02
  79.270000000     -0.18133000000E-01
  25.590000000     -0.55760000000E-01
  8.9970000000     -0.12689500000
  3.3190000000     -0.17035200000
 0.36430000000      0.59868400000
   1  s
 0.90590000000       1.0000000000
   1  s
 0.12850000000       1.0000000000
   3  p
  18.710000000      0.14031000000E-01
  4.1330000000      0.86866000000E-01
  1.2000000000      0.29021600000
   1  p
 0.38270000000       1.0000000000
   1  p
 0.12090000000       1.0000000000
   1  d
  1.0970000000       1.0000000000
   1  d
 0.31800000000       1.0000000000
   1  f
 0.76100000000       1.0000000000
   1  s
 0.44020000000E-01   1.0000000000
   1  p
 0.35690000000E-01   1.0000000000
   1  d
 0.10000000000       1.0000000000
   1  f
 0.26800000000       1.0000000000
*
s aug-cc-pVTZ
# s     (42s17p3d2f) / [6s5p3d2f]     {(13)(13)(13)111/77111/111/11}
*
  13  s
  374100.00000      0.54210000000E-04
  56050.000000      0.42086000000E-03
  12760.000000      0.22069800000E-02
  3615.0000000      0.91925800000E-02
  1183.0000000      0.32112300000E-01
  428.80000000      0.94668300000E-01
  167.80000000      0.22363000000
  69.470000000      0.37439300000
  29.840000000      0.32910800000
  12.720000000      0.84703800000E-01
  5.2440000000      0.44085000000E-03
  2.2190000000      0.16482700000E-02
 0.34900000000      0.30131000000E-03
  13  s
  374100.00000     -0.14980000000E-04
  56050.000000     -0.11620000000E-03
  12760.000000     -0.61158000000E-03
  3615.0000000     -0.25537000000E-02
  1183.0000000     -0.90870800000E-02
  428.80000000     -0.27704500000E-01
  167.80000000     -0.72002000000E-01
  69.470000000     -0.14643900000
  29.840000000     -0.19515000000
  12.720000000      0.81919300000E-02
  5.2440000000      0.51660100000
  2.2190000000      0.54217800000
 0.34900000000     -0.91807200000E-02
  13  s
  374100.00000      0.43500000000E-05
  56050.000000      0.33710000000E-04
  12760.000000      0.17767000000E-03
  3615.0000000      0.74112000000E-03
  1183.0000000      0.26459100000E-02
  428.80000000      0.80748700000E-02
  167.80000000      0.21227600000E-01
  69.470000000      0.43832300000E-01
  29.840000000      0.61271600000E-01
  12.720000000     -0.36151000000E-02
  5.2440000000     -0.20451000000
  2.2190000000     -0.38187100000
 0.34900000000      0.71414700000
   1  s
 0.77670000000       1.0000000000
   1  s
 0.13220000000       1.0000000000
   7  p
  574.40000000      0.24226400000E-02
  135.80000000      0.19279600000E-01
  43.190000000      0.88540100000E-01
  15.870000000      0.25465400000
  6.2080000000      0.43398400000
  2.4830000000      0.35495300000
 0.32290000000     -0.50297700000E-02
   7  p
  574.40000000     -0.62010000000E-03
  135.80000000     -0.49388200000E-02
  43.190000000     -0.23264700000E-01
  15.870000000     -0.68519500000E-01
  6.2080000000     -0.12389600000
  2.4830000000     -0.96949900000E-01
 0.32290000000      0.56939400000
   1  p
 0.86880000000       1.0000000000
   1  p
 0.10980000000       1.0000000000
   1  d
 0.26900000000       1.0000000000
   1  d
 0.81900000000       1.0000000000
   1  f
 0.55700000000       1.0000000000
   1  s
 0.49700000000E-01   1.0000000000
   1  p
 0.35100000000E-01   1.0000000000
   1  d
 0.10100000000       1.0000000000
   1  f
 0.21800000000       1.0000000000
*
o aug-cc-pVTZ
# o     (19s6p3d2f) / [5s4p3d2f]     {88111/3111/111/11}
*
   8  s
  15330.000000      0.50800000000E-03
  2299.0000000      0.39290000000E-02
  522.40000000      0.20243000000E-01
  147.30000000      0.79181000000E-01
  47.550000000      0.23068700000
  16.760000000      0.43311800000
  6.2070000000      0.35026000000
 0.68820000000     -0.81540000000E-02
   8  s
  15330.000000     -0.11500000000E-03
  2299.0000000     -0.89500000000E-03
  522.40000000     -0.46360000000E-02
  147.30000000     -0.18724000000E-01
  47.550000000     -0.58463000000E-01
  16.760000000     -0.13646300000
  6.2070000000     -0.17574000000
 0.68820000000      0.60341800000
   1  s
  1.7520000000       1.0000000000
   1  s
 0.23840000000       1.0000000000
   3  p
  34.460000000      0.15928000000E-01
  7.7490000000      0.99740000000E-01
  2.2800000000      0.31049200000
   1  p
 0.71560000000       1.0000000000
   1  p
 0.21400000000       1.0000000000
   1  d
  2.3140000000       1.0000000000
   1  d
 0.64500000000       1.0000000000
   1  f
  1.4280000000       1.0000000000
   1  s
 0.73760000000E-01   1.0000000000
   1  p
 0.59740000000E-01   1.0000000000
   1  d
 0.21400000000       1.0000000000
   1  f
 0.50000000000       1.0000000000
*
h aug-cc-pVTZ
# h     (6s3p2d) / [4s3p2d]     {3111/111/11}
*
   3  s
  33.870000000      0.60680000000E-02
  5.0950000000      0.45308000000E-01
  1.1590000000      0.20282200000
   1  s
 0.32580000000       1.0000000000
   1  s
 0.10270000000       1.0000000000
   1  p
  1.4070000000       1.0000000000
   1  p
 0.38800000000       1.0000000000
   1  d
  1.0570000000       1.0000000000
   1  s
 0.25260000000E-01   1.0000000000
   1  p
 0.10200000000       1.0000000000
   1  d
 0.24700000000       1.0000000000
*
pu ecp-60-SVP(6g)
# pu    (14s13p10d8f6g) / [10s9p5d4f3g]
# {3131111111/511111111/61111/5111/411}
*
   3  s
  13367.523000      0.34000000000E-04
  1955.3222000      0.22600000000E-03
  387.23878000      0.10910000000E-02
   1  s
  115.76112000       1.0000000000
   3  s
  67.586308000      0.55099000000E-01
  39.488194000     -0.26881800000
  23.027889000      0.78246000000
   1  s
  11.276554000       1.0000000000
   1  s
  3.1057620000       1.0000000000
   1  s
  1.6316460000       1.0000000000
   1  s
 0.68190600000       1.0000000000
   1  s
 0.30526200000       1.0000000000
   1  s
 0.60905000000E-01   1.0000000000
   1  s
 0.24680000000E-01   1.0000000000
   5  p
  2964.6281000      0.12900000000E-03
  704.39093000      0.10730000000E-02
  226.84243000      0.49340000000E-02
  81.963470000      0.14875000000E-01
  25.481705000      0.29639000000E-01
   1  p
  14.989238000       1.0000000000
   1  p
  8.7634560000       1.0000000000
   1  p
  3.6451710000       1.0000000000
   1  p
  1.8204090000       1.0000000000
   1  p
 0.69544600000       1.0000000000
   1  p
 0.29728100000       1.0000000000
   1  p
 0.10435700000       1.0000000000
   1  p
 0.31225000000E-01   1.0000000000
   6  d
  475.62238000      0.97000000000E-04
  160.52010000      0.40300000000E-03
  60.914515000      0.33400000000E-02
  19.437268000      0.19265000000E-01
  10.018597000     -0.82576000000E-01
  4.0349700000      0.43531700000
   1  d
  1.9648430000       1.0000000000
   1  d
 0.86470100000       1.0000000000
   1  d
 0.27555300000       1.0000000000
   1  d
 0.83363000000E-01   1.0000000000
   5  f
  108.32208000      0.38400000000E-03
  36.600677000      0.37230000000E-02
  14.938625000      0.16442000000E-01
  5.3682640000      0.14011400000
  2.6257520000      0.34926300000
   1  f
  1.1974600000       1.0000000000
   1  f
 0.49900100000       1.0000000000
   1  f
 0.17971900000       1.0000000000
   4  g
  108.32208000      0.12400000000E-03
  36.600677000      0.51730000000E-02
  14.938625000      0.34372000000E-01
  5.3682640000      0.16913800000
   1  g
  2.6257520000       1.0000000000
   1  g
  1.1974600000       1.0000000000
*
$ecp
*
pu def-ecp
*
  ncore =    60           lmax =     5
#        coefficient   r^n          exponent
h
           0.0000000    2           1.0000000
s-h
         662.7562420    2          18.5596892
p-h
         179.4152898    2           9.4735170
d-h
         139.7059122    2           9.0306907
f-h
          56.0459091    2           7.1387978
g-h
         -65.1212161    2          14.0439965
*
$end
