$energy      SCF               SCFKIN            SCFPOT
     1 -1841.177701800      1464.935589035     -3306.113290836
     2 -1841.177770032      1464.967748361     -3306.145518393
     3 -1841.177778351      1464.976746358     -3306.154524709
     4 -1841.177781762      1464.979582607     -3306.157364368
     5 -1841.177787858      1464.979081807     -3306.156869666
     6 -1841.177792126      1464.977482892     -3306.155275018
     7 -1841.177794349      1464.976042255     -3306.153836604
     8 -1841.177797815      1464.973934957     -3306.151732772
     9 -1841.177799749      1464.974598126     -3306.152397875
    10 -1841.177307659      1465.024086122     -3306.201393782
    11 -1841.177803775      1464.976524367     -3306.154328143
    12 -1841.177804325      1464.976929383     -3306.154733708
    13 -1841.177804667      1464.976641599     -3306.154446265
    14 -1841.177804980      1464.977577359     -3306.155382339
    15 -1841.177805287      1464.977438866     -3306.155244154
    16 -1841.177805473      1464.977588068     -3306.155393541
    17 -1841.177805517      1464.977225223     -3306.155030740
    18 -1841.177805609      1464.977065101     -3306.154870710
    19 -1841.177805840      1464.976852951     -3306.154658792
    20 -1841.177806403      1464.976474043     -3306.154280446
    21 -1841.177806423      1464.976543342     -3306.154349765
    22 -1841.177806742      1464.976417655     -3306.154224397
    23 -1841.177806907      1464.976119923     -3306.153926830
    24 -1841.177806996      1464.976186120     -3306.153993117
    25 -1841.177807473      1464.976401597     -3306.154209070
    26 -1841.177807714      1464.976365706     -3306.154173420
    27 -1841.177808100      1464.975866697     -3306.153674797
    28 -1841.177808242      1464.975803281     -3306.153611523
    29 -1841.177808332      1464.975587929     -3306.153396261
    30 -1841.177808490      1464.975845192     -3306.153653683
    31 -1841.177808523      1464.975829370     -3306.153637893
    32 -1841.177808535      1464.975842884     -3306.153651419
$end
