$hessapprox internal
  0.653472892116D+00  0.136667510735D+00  0.616254067795D+00 -0.134297595898D-01
 -0.129498364874D-01  0.205799022662D+00 -0.192824842487D-01 -0.212449524876D-01
  0.205342712256D-02  0.163496167220D+00  0.457130238755D-01  0.410348677910D-01
 -0.775579861007D-02  0.582147644774D-02  0.262093268003D+00  0.919258863913D-01
  0.101846814416D+00 -0.778822188778D-02  0.236860621507D-01 -0.220985676065D-02
  0.770430939104D+00  0.195885867193D-03  0.216158444491D-03  0.167947892501D-02
 -0.790632736252D-02 -0.168861376477D-01  0.594275302788D-02  0.163861884497D-01
  0.171204262449D-01  0.156222926669D-01 -0.375458635840D-02  0.141104507707D-02
  0.504723332068D-02  0.808070181339D-02 -0.467007088293D-03  0.431648120524D+00
  0.554096215948D-02  0.542410951845D-02 -0.233824488929D-02  0.481808993994D-02
  0.533866255991D-02  0.419300841075D-02 -0.103631945077D-02  0.784618524050D-03
  0.431716516003D+00 -0.179204012803D-01 -0.188234692015D-01  0.366806917799D-03
  0.115266311081D-01 -0.160229600312D-02 -0.127951049956D-01 -0.214205521596D-02
 -0.432458155264D-02  0.148274104009D-03  0.430335055799D+00 -0.675112907656D-02
 -0.553865963217D-02 -0.342159443103D-02  0.233687009707D-01 -0.888552747260D-02
  0.729451518780D-02 -0.178635630006D-02  0.141926645285D-02  0.415656515622D-03
  0.276041545687D-02  0.314244090468D+00  0.644170882458D-01  0.626142124126D-01
 -0.578752711889D-02 -0.204089462190D-01  0.114626512772D-01  0.447603449078D-01
  0.557686197506D-02  0.596814356054D-02 -0.403226925805D-02 -0.676287923269D-03
  0.892846718367D-02  0.291814406740D+00  0.150124955848D-01  0.143427722377D-01
 -0.178711436048D-02  0.864727392233D-03  0.148111655416D-01 -0.288774691531D-02
 -0.579267726609D-02  0.115167156065D-02 -0.278574734687D-03  0.907739141086D-03
  0.257826737733D-02 -0.115865331051D-01  0.320126982310D+00 -0.825341962278D-01
 -0.744380504128D-01  0.940074130342D-02  0.170075600700D-01 -0.139030273730D-01
 -0.307960547549D-01 -0.391814953375D-02 -0.654600421427D-02  0.469879922223D-02
  0.144927878124D-02  0.953402043129D-02  0.257126906829D-01  0.101442914174D-01
  0.305541460986D+00 -0.255695038701D-01 -0.258349788316D-01  0.252133045446D-02
  0.772460987453D-02 -0.495208592916D-02 -0.103314059707D-01  0.280702958896D-02
 -0.157086019801D-02  0.159070028870D-02 -0.532431173281D-03 -0.898608724110D-03
  0.189753223043D-01  0.582566146946D-02 -0.184993481911D-01  0.333551494758D+00
 -0.363239988965D-02  0.646024352790D-02 -0.551334826504D-02  0.197874432392D-01
 -0.699623001837D-02  0.187158871122D-01 -0.700851551549D-03  0.577671346624D-03
 -0.135210191289D-02  0.484925907332D-02 -0.135586028834D-01 -0.169327496479D-01
 -0.453010827053D-02  0.316088283952D-01  0.118848860762D-01  0.328070865081D+00
  0.260344965428D+00  0.246470567610D+00 -0.349858459861D-01 -0.805392660306D-01
  0.683361172742D-01  0.157109815496D+00  0.578614438957D-02  0.280589545111D-01
  0.946783220777D-02 -0.367119837626D-01 -0.157124987088D-01  0.896139492262D-01
  0.172737909967D-01 -0.989925850300D-01 -0.365086867033D-01 -0.128548327709D-01
  0.976136292032D+00 -0.192465846743D-02 -0.619205433265D-02 -0.589980845750D-02
  0.138891509014D-01  0.804434671164D-01 -0.567715974343D-01 -0.204209102854D-01
  0.455937608127D-02  0.481189725687D-02  0.649994266855D-02  0.733309794168D-02
 -0.431620372127D-02  0.127843551841D-01  0.220021431732D-02 -0.150494916698D-01
  0.101932152712D-01  0.726210962882D-03  0.505357593034D+00 -0.505496995434D-01
 -0.404761313099D-01  0.253519922928D-02 -0.549928659116D-01 -0.142260981466D-01
 -0.864209866914D-01  0.713115316487D-02 -0.804716441850D-02 -0.321280185912D-02
 -0.576497967412D-03  0.874052486034D-02 -0.115185626497D-01 -0.655664574690D-02
  0.100069852903D-01  0.587618867193D-02 -0.479243748447D-02 -0.221701355679D-01
 -0.181277292410D-01  0.413380199828D+00  0.395190114658D-01  0.244138893055D-01
  0.256335652254D-02  0.757908949844D-02 -0.104271848519D-02  0.523656961470D-01
  0.523104368567D-02  0.655414475662D-02 -0.186797609929D-02 -0.201828720792D-02
  0.275184218059D-01  0.932214410097D-03 -0.545890870744D-02 -0.387476077843D-01
  0.103220372304D-01  0.400148339516D-01  0.551351254076D-01  0.584190747007D-02
  0.358997652385D-02  0.757821720198D+00  0.147798956900D-01  0.228538671779D-02
  0.446321385468D-02 -0.131614538473D-01 -0.170297439648D-01  0.392557079029D-01
 -0.122391272829D-03  0.176799081979D-02  0.198074806164D-02 -0.431427418372D-02
  0.295299440603D-01  0.134178755739D-01 -0.145140219921D-02 -0.488784612459D-01
  0.196441577815D-02  0.463244540878D-01  0.253345995575D-01  0.420810543679D-03
 -0.865123610712D-03 -0.108950252501D+00  0.776466395405D+00  0.112947212294D-01
  0.121167318388D-01  0.908638740785D-02 -0.441955864983D-01  0.263011215686D-01
 -0.728110925881D-01 -0.210683180707D-01 -0.114028876847D-01 -0.272047605788D-02
 -0.102052830574D-01 -0.147316331322D-01 -0.776600081281D-02  0.302252678122D-02
  0.134327489874D-01  0.823601086072D-02 -0.286313323082D-01  0.236071306880D-01
  0.488825609007D-01 -0.671861821739D-01 -0.151189566190D-01 -0.107457128422D-02
  0.364039335432D+00  0.601304552113D-01  0.577450497500D-01 -0.402712279557D-02
 -0.745555958643D-02  0.568608338080D-02  0.716308912883D-01  0.181735047332D-02
  0.101598062143D-01  0.206963114145D-02 -0.495889449741D-02 -0.667688780751D-02
  0.213637515601D-01  0.666234290284D-03 -0.232353907645D-01 -0.205997813704D-02
  0.995314315390D-03  0.116297771215D+00 -0.588862373277D-02 -0.150846616450D-01
 -0.699978142599D-02 -0.134019013052D-01  0.519770967533D-02  0.305842699313D+00
  0.105542858418D+00  0.107618304171D+00 -0.374564142447D-02 -0.831433021528D-01
  0.157179166350D-01  0.733951585096D-01  0.150529536576D-01  0.475411353125D-02
 -0.422899656735D-02 -0.255220047998D-01 -0.136466991950D-01  0.473002563209D-01
 -0.135632101262D-02 -0.648732741922D-01 -0.760013244200D-02 -0.293738277747D-01
  0.266352654237D+00 -0.208440394201D-01 -0.169640291641D-01  0.228016020234D-01
  0.763967995436D-02  0.516415088272D-01  0.538919535385D-01  0.199714387640D+00
  0.111572066709D-02  0.466030134636D-02 -0.633920232547D-02  0.460873381765D-01
 -0.735498662298D-02  0.458478431715D-01  0.110017496447D-01  0.670949144245D-02
  0.375874389802D-03  0.874495901840D-02  0.149623426351D-01 -0.542776532424D-02
 -0.493723543369D-02  0.199026396435D-02 -0.114517869514D-02  0.195428488392D-01
 -0.361031362711D-01 -0.350149986430D-01 -0.950122777649D-01  0.475793832160D-02
  0.357233725315D-02 -0.398929659039D-01  0.522944646575D-02 -0.471903686761D-01
  0.276423723040D+00  0.379833213700D-01  0.269088922031D-01  0.954460643715D-03
  0.140088123456D-02 -0.125581217289D-01  0.144038284445D-01  0.439009853929D-02
 -0.379283446089D-03 -0.440716566208D-02 -0.611247127904D-02  0.101728987709D-01
 -0.929870621113D-02 -0.854510581694D-02 -0.428645870665D-02  0.187543001468D-01
  0.989358331821D-02  0.528292969608D-01  0.880304671161D-02 -0.673265569546D-02
 -0.702439648616D-01 -0.568250496716D-01 -0.257967492930D-01  0.102450247704D-02
  0.225631673041D-01  0.109032891397D-01  0.842063716732D+00  0.183454256822D-01
  0.721710893609D-02  0.123911595109D-02  0.219166724637D-02 -0.674863403398D-03
  0.967533667027D-02  0.218181194954D-04  0.502897287383D-03 -0.104426861845D-02
 -0.453637723200D-02  0.124387958089D-01  0.542893525412D-02 -0.309628113552D-02
 -0.182997617565D-01  0.415320514914D-02  0.221651392240D-01  0.324494353905D-01
 -0.255043771164D-02 -0.120389398960D-01 -0.571265829784D-01 -0.537519781835D-01
 -0.572220200449D-02 -0.467407666171D-02  0.124643905349D-01  0.366029231024D-04
 -0.381881125183D-01  0.864192907276D+00  0.144379786831D-01  0.126945018452D-01
 -0.175946097555D-02  0.112247371079D-01  0.908969817759D-02  0.339765773479D-01
 -0.734018000735D-03  0.332403640023D-02 -0.717006723175D-03  0.290187530529D-02
 -0.368771203486D-02 -0.269214140905D-02 -0.577399238900D-03  0.748341315144D-02
  0.261897896056D-02  0.208583241644D-02  0.528663848544D-02  0.374263152227D-02
 -0.732339937166D-01 -0.121624352463D-01  0.936103976125D-03 -0.952232906353D-01
  0.820196632477D-02  0.197828540925D-01 -0.162852456286D+00 -0.744504050467D-02
 -0.108720416991D-02  0.330195584095D+00  0.206568983469D-01  0.194360803940D-01
 -0.301712522187D-02 -0.455817068635D-03  0.308163949785D-02  0.123626531554D-01
 -0.641067819430D-03  0.178561652782D-02  0.579480581967D-03 -0.184985199795D-02
  0.607670465023D-02  0.231788617381D-02 -0.560973655659D-03 -0.661158734688D-02
  0.133050837018D-02  0.678418131799D-02  0.361229805206D-01 -0.850783837432D-03
 -0.574754011889D-02 -0.975713378226D-02 -0.961445339319D-02 -0.198667334974D-03
  0.730732378170D-02  0.142903795260D-01  0.882624361874D-02 -0.105075435049D-01
 -0.821486083684D-02  0.753898878364D-02  0.286817891647D+00 -0.388749191847D-01
 -0.384399879741D-01 -0.869056991305D-02  0.409135857395D-01  0.292634906941D-02
 -0.223482180233D-02 -0.150788620023D-01  0.530589416189D-02  0.620379522893D-02
  0.170168979738D-01  0.110300003241D-01 -0.185699801166D-01  0.461007055552D-02
  0.253632426013D-01  0.662908319555D-03  0.239649066937D-01 -0.710829777465D-01
  0.221951613336D-01  0.180671607015D-02 -0.106008863012D-01  0.478125461373D-02
 -0.495493763103D-01 -0.237442862536D-01 -0.944749625689D-01  0.402185368675D-01
 -0.111629280048D-01 -0.267115190572D-02 -0.273334484099D-02 -0.376118143756D-02
  0.983143375643D-01 -0.475047501010D-02 -0.230844327599D-02  0.510638581546D-02
  0.210514511694D-01  0.743075011543D-02 -0.553893585350D-01 -0.178544386426D-01
 -0.768089427823D-02  0.115112045990D-02 -0.301923427035D-02 -0.166909972964D-02
 -0.290342797132D-02  0.685850013336D-02  0.129631776813D-02 -0.233541184475D-02
 -0.514554224477D-02 -0.516790003451D-01  0.303975775605D-01 -0.997828545579D-02
 -0.264948623703D-02  0.191866633878D-02 -0.398366022761D-01  0.237518059205D-02
 -0.283546158206D-01  0.943051343874D-02 -0.384780715472D-02  0.535721896997D-02
 -0.125506282846D-01  0.450522181595D-03  0.315277687191D-02  0.186210303277D+00
  0.140660758796D+00  0.111751274224D+00 -0.315860041425D-02 -0.723588854211D-01
  0.163573711546D-01  0.104115767581D+00  0.123543990493D-01  0.715618828887D-02
 -0.857131306460D-03 -0.299911347253D-01 -0.421284212897D-01  0.853406677592D-01
  0.103014438183D-01 -0.671311903474D-01 -0.244692839802D-01 -0.127540311301D-01
  0.248330184489D+00 -0.232268424303D-01  0.194670468477D-01  0.470076133787D-01
  0.145414170288D-01  0.417505077721D-01  0.619758960716D-01  0.166424566441D+00
 -0.386603313964D-01  0.423517844762D-01  0.178956127246D-01 -0.319526865460D-01
  0.180543681176D-01 -0.941110336281D-01 -0.738369252937D-02  0.247484532661D+00
  0.778202014874D-02  0.431515706287D-02 -0.518514199563D-03  0.232632584894D-02
  0.464831568386D-01 -0.622980597159D-01 -0.205889194246D-01 -0.308404032126D-02
  0.409467865653D-02 -0.116370609056D-03  0.815203337821D-02 -0.811243273026D-02
  0.600839774686D-02  0.668777176820D-02 -0.410222271352D-02  0.389309073065D-02
 -0.152935962825D-01  0.359053998387D-01 -0.111257837930D-01  0.598704746371D-02
 -0.514512078680D-02  0.220026335235D-01 -0.192456059824D-02 -0.286745916516D-01
 -0.186691765974D-01  0.170677273517D-02 -0.320843039953D-02  0.565560539485D-02
 -0.292053569437D-02  0.207880044204D-01  0.145882584973D-01 -0.220990122941D-01
  0.212553902901D+00
$end
