$vibrational normal modes
 1  1  -0.0835785611  -0.3435180123   0.0379816684   0.1597367971   0.2262129888
 1  2  -0.0665563005  -0.0287155583   0.3647737427  -0.2288257245  -0.2603859018
 1  3   0.0813664648   0.0623675358   0.1162614243   0.0101723252   0.0002155642
 1  4  -0.0445538282   0.0252804433   0.0230344443   0.0053014009   0.0963992225
 1  5   0.0015027421  -0.0367689510   0.0061519152  -0.0149091771  -0.1581203900
 1  6   0.0061585702   0.0946228088  -0.0674666005   0.1208463058  -0.1241073624
 1  7  -0.0534839200   0.0332389693   0.0027640590   0.0610049658   0.0327311408
 1  8  -0.0426686109  -0.0200083783  -0.0194500489  -0.0829616058
 2  1  -0.1128839717   0.1210159907  -0.1059627777  -0.1838828946   0.0745463422
 2  2  -0.1718309076  -0.0686803892  -0.0480958944  -0.1281272540  -0.1403364358
 2  3   0.2027215333  -0.0554611970   0.0277160787  -0.1473837328  -0.0002296894
 2  4  -0.0107993009   0.0971048885   0.0011558259  -0.0097736669   0.0469790820
 2  5  -0.0572486884  -0.2444403926   0.0102606623   0.0205174527   0.3912110756
 2  6   0.0293290860   0.0416007483  -0.0366871932   0.0286081341  -0.0178035315
 2  7  -0.0088081269   0.0218385057   0.0010464334  -0.1227780125   0.0189320851
 2  8  -0.0224476443   0.0371152748  -0.0132687718  -0.0395125662
 3  1   0.3633509822   0.0171534504   0.0245465897   0.0210899740   0.0053861684
 3  2  -0.0149680117   0.2686803798   0.1220561415   0.1613333645  -0.2486075358
 3  3   0.0823284236   0.0253939707  -0.2084223064   0.0669919426   0.0056869127
 3  4   0.0531526578   0.0285293849  -0.0419704996   0.0401739780  -0.1823626449
 3  5  -0.0030206562  -0.0860888020   0.0059708700  -0.0012089685   0.0280652068
 3  6   0.0127091230   0.0414176879   0.1274438647   0.0779060290  -0.0634614529
 3  7  -0.0221168822  -0.0899656796  -0.0036241392  -0.0030033091   0.0476755267
 3  8   0.0403944760   0.0027661349   0.0909074706  -0.0239922778
 4  1  -0.0133631033  -0.2374543923  -0.1477130209   0.0735841377   0.0951030284
 4  2  -0.0166085113  -0.1034893285   0.1361133817   0.0334698251  -0.0188055682
 4  3   0.0011143381  -0.1511397293  -0.0853468051  -0.2237876779   0.0024940414
 4  4  -0.0026766301  -0.1019416654  -0.0077942406   0.0083531935  -0.0407645180
 4  5  -0.0019811602   0.1113868136  -0.0866118680   0.1864350838   0.0975889630
 4  6   0.0196068483  -0.0051495477  -0.0024492446  -0.0111168817   0.1587121258
 4  7   0.0805621817  -0.1444693604  -0.0079312212   0.0021828943   0.0054151069
 4  8  -0.0038539836   0.0000666613  -0.0001733660  -0.0005903214
 5  1  -0.0717845146   0.1655090010  -0.1975612752  -0.2288266429   0.0066164338
 5  2  -0.1450472741  -0.1022853296  -0.1479634272   0.0039783423  -0.0379563767
 5  3   0.1569171423  -0.1387118613  -0.0689851783  -0.2161309489  -0.0002306455
 5  4   0.0123976891   0.0355946120  -0.0154974306  -0.0066211290  -0.0275871520
 5  5  -0.0325769990  -0.0730938822  -0.0364128330   0.0739946740  -0.1960294921
 5  6   0.0183859473   0.0458805013  -0.0030456094   0.0694127834   0.0855245584
 5  7   0.0485933539  -0.0775011413  -0.0047386241   0.0034947663   0.0004334473
 5  8  -0.0012038866  -0.0001463529  -0.0001940071  -0.0000094457
 6  1   0.1494090853   0.1215327860   0.1748239312   0.1502854298   0.1906494512
 6  2  -0.1075434655   0.2627209798  -0.0133846400  -0.0762432708   0.0099615970
 6  3   0.0461602757  -0.1170164975   0.0145254239  -0.2004724298   0.0150448854
 6  4  -0.0226102958  -0.0345564893   0.0374581624  -0.0055033341   0.0841904394
 6  5  -0.0185404224   0.0350616538  -0.0535052600   0.1134554321  -0.0048192706
 6  6   0.0141948459   0.0086068983   0.0042714228   0.0129682852   0.0906032948
 6  7   0.0289642569   0.3230255849   0.0113682947   0.0019485917   0.0044845464
 6  8   0.0022735870   0.0000242162   0.0006910451  -0.0000735360
 7  1   0.0496429143  -0.2271340055  -0.3264077422  -0.0427720148  -0.0117130425
 7  2   0.0756415520  -0.2410774784   0.0434927326   0.2111304725   0.0518454910
 7  3   0.0002446148  -0.2355299213  -0.1608802964  -0.3289236751   0.1068054641
 7  4  -0.2191351469  -0.0618484496   0.0107423152  -0.0517497124   0.0379756884
 7  5  -0.0542093970  -0.1005288039   0.0116647096  -0.0275585515  -0.0395582335
 7  6  -0.0366386308  -0.0586302556   0.0324048576  -0.0641390235  -0.2053097629
 7  7  -0.1159384987   0.2809627405   0.0149772561  -0.0049471572  -0.0021596518
 7  8   0.0008508675   0.0001293182   0.0003019277   0.0003418214
 8  1  -0.1907602342   0.1183662735  -0.0465398549  -0.1482830162   0.1506913085
 8  2  -0.1893925707  -0.0868522063  -0.0247757555  -0.2059045355  -0.1185378169
 8  3   0.1499066479  -0.0230036783   0.0727106942  -0.1048828594   0.0159498463
 8  4  -0.0304698552   0.0264491769  -0.0386297830   0.0457417759  -0.2300707867
 8  5   0.0361003971   0.2121064761  -0.0099284627  -0.0008034865   0.0031807452
 8  6  -0.0312115361  -0.0698189877   0.0555684558  -0.0938833973  -0.1284827545
 8  7  -0.0778399909   0.2134624516   0.0101081323  -0.0035613526   0.0004698398
 8  8  -0.0005595953   0.0001206365   0.0000697008   0.0000614565
 9  1   0.0953235398   0.0747239048   0.0724097878   0.0591817696   0.2032602019
 9  2  -0.0085387276   0.0442674010  -0.0081604824  -0.0469106637   0.0268025584
 9  3   0.0290403418  -0.1038999785   0.0671276133  -0.1992827966   0.1844982089
 9  4  -0.4052928223   0.0192519562   0.0023824341  -0.0292816334  -0.0618519719
 9  5  -0.0014993355   0.0814227328   0.1865058589  -0.4756338620   0.0360191527
 9  6   0.0705897607   0.0407905656  -0.0220276068   0.0516039297   0.0769627184
 9  7   0.0421195955  -0.1875641636  -0.0119067574   0.0011978197  -0.0016965615
 9  8   0.0001287307  -0.0001854229  -0.0003053391  -0.0000241558
10  1   0.0046420048  -0.0276715695  -0.1693657735   0.1355179057   0.0381747443
10  2  -0.1058611415   0.0442248106  -0.0723728383  -0.0029318162  -0.0009832045
10  3   0.0141416336  -0.0304095226   0.0201288898   0.0881762496   0.0208876683
10  4  -0.0067727490   0.0106738621   0.0416101940  -0.0005696139  -0.0018274565
10  5   0.0771140442  -0.0026014466  -0.0028313326   0.0022363118   0.0004871101
10  6   0.0036505337   0.0343914238   0.0008119255  -0.0063854183  -0.0008540263
10  7   0.0006354969  -0.0011042045  -0.0013431759   0.0002389486   0.0000915244
10  8  -0.0000269976   0.0000091040  -0.0000088902   0.0000166441
11  1   0.0053634304  -0.0098897973  -0.0075860511  -0.1560440666   0.0457945989
11  2  -0.2000059535   0.0458815063   0.0682777133   0.0123354692   0.0315984657
11  3  -0.0565559837  -0.0399467707   0.0099019451   0.0466144525   0.0114402924
11  4  -0.0031162808   0.0148170423   0.0219631200  -0.0004082700  -0.0005790081
11  5   0.0563507066  -0.0044485903  -0.0015334630   0.0005518282   0.0011705428
11  6  -0.0071833940  -0.0513046315  -0.0011350430   0.0093085687  -0.0003386609
11  7   0.0005908835  -0.0005738382  -0.0007242379  -0.0003724864  -0.0001505331
11  8   0.0000548863  -0.0000139503  -0.0000021623  -0.0000172625
12  1   0.0356178291   0.0364716084  -0.0149031398  -0.0186963426   0.2234564846
12  2   0.0783102231  -0.1191576299   0.0017259712   0.0056934175   0.0049167906
12  3  -0.0089961656  -0.0263771877   0.0063523345   0.0586469872  -0.0433977205
12  4   0.0148562645  -0.0033115630  -0.0842272319   0.0010958968   0.0077158183
12  5   0.0535853632  -0.0026527435  -0.0018455115   0.0014788276   0.0005184736
12  6  -0.0000474326   0.0033618638   0.0000840582  -0.0006903343  -0.0005724291
12  7   0.0003482955   0.0021437684   0.0026876060   0.0000268028  -0.0000039573
12  8  -0.0000164733   0.0000005211   0.0000032571   0.0000066171
13  1  -0.0421154945   0.1724541244  -0.0072066130   0.3174894462   0.0909191330
13  2  -0.2904673184  -0.2007535957   0.0725099318   0.1861548796  -0.0689935935
13  3  -0.2933141831   0.2763267666   0.1379876084  -0.2687349348   0.2229427307
13  4   0.0930319902   0.1742982714  -0.0101758201   0.0056263567   0.0018393515
13  5  -0.0294275641  -0.0003107035   0.0051452729   0.0030694242  -0.0004223990
13  6   0.0104294883  -0.0074893684  -0.0001236061  -0.0020983856  -0.0603777982
13  7   0.4726741628   0.0045906555   0.4208011527   0.0001133740   0.0000026595
13  8  -0.0000317669   0.0000334773   0.0000162450   0.0000061131
14  1   0.2022851027  -0.1417944051   0.0358967338  -0.1619389950  -0.0575159830
14  2  -0.2119333296  -0.2518432452  -0.0632956988  -0.2515415779   0.1400542649
14  3   0.3549082219   0.3378297294  -0.2172149696   0.1267848288   0.2022758653
14  4   0.0159631318  -0.2569358390   0.0356736808  -0.0026471684   0.0045811954
14  5  -0.0206775191  -0.0020320068   0.0542572735   0.0154545065  -0.0001138138
14  6   0.0063181527   0.0043062401   0.0003989010  -0.0027530168  -0.0412165485
14  7   0.3224244962   0.0025218894   0.2824836289   0.0002513519   0.0000665377
14  8  -0.0001396185   0.0000220978  -0.0000067019   0.0000063287
15  1  -0.0203513584  -0.0054738136  -0.1084279450  -0.1019929901   0.2395426990
15  2   0.1699034747   0.0783744813  -0.0102650337   0.0134236567   0.0068868236
15  3  -0.0464719650   0.2010741605   0.0088314141  -0.0833192426   0.5678548028
15  4   0.1587552821   0.0104570552   0.0262289968   0.0006698938   0.0070532250
15  5  -0.0202477092   0.0079022591   0.6080595687   0.1607701853  -0.0033116548
15  6  -0.0455789386   0.0043859248  -0.0004497214   0.0027371606   0.0327045735
15  7  -0.2213350738  -0.0029391865  -0.2612860943   0.0000830333   0.0001016209
15  8   0.0000310154   0.0000257388  -0.0000088786   0.0000001590
16  1   0.0172437354   0.1769557022  -0.1763009969   0.2054650729  -0.0090478705
16  2  -0.2006380208  -0.1229315578   0.2252275719   0.0382988293   0.0817425214
16  3   0.1389395614   0.3631237149  -0.0098416635  -0.0767499529   0.0045339618
16  4  -0.0006185737  -0.0367356061  -0.0075632427   0.0030168832   0.0012729666
16  5  -0.0235650447  -0.0060049711  -0.2007223682  -0.0480778110  -0.0000621370
16  6  -0.0083844251   0.0031870650  -0.0000777166   0.0013643285   0.0351010319
16  7  -0.2666835953  -0.0033683146  -0.1980241976  -0.0001881605  -0.0000428071
16  8   0.0000924769   0.0000092153  -0.0000036827  -0.0000104382
17  1   0.0801642717  -0.1921799245   0.1937012174  -0.0780544044   0.0916528865
17  2  -0.2582623807  -0.1552565201  -0.3002631375  -0.0330805382  -0.0682932328
17  3  -0.2453046234   0.2309014979  -0.0169354087  -0.1396687226  -0.0026522175
17  4   0.0093254470   0.0459779820  -0.0035478818  -0.0018980225  -0.0005316977
17  5  -0.0184505253  -0.0023110588  -0.1560433818  -0.0362420871   0.0006774383
17  6  -0.0076033978   0.0002751625  -0.0000588519   0.0019478306   0.0274006806
17  7  -0.2086400840  -0.0038928783  -0.1020748260  -0.0000664301  -0.0000376525
17  8   0.0000235574  -0.0000192264  -0.0000006545   0.0000082604
18  1  -0.0624313404  -0.0588965159  -0.2207261077  -0.2016256668   0.2414035102
18  2   0.2753682405   0.3346066235  -0.0229278694   0.0114450511   0.0255928155
18  3   0.0030323372   0.2447515006  -0.0130070583  -0.0743110338  -0.0110953898
18  4  -0.0078795334  -0.0002902461   0.0133412719  -0.0033702019  -0.0025428184
18  5  -0.0173688166  -0.0022515061  -0.1437136787  -0.0335581828   0.0006006284
18  6  -0.0057692123   0.0019232321   0.0001579152   0.0015861877   0.0224266115
18  7  -0.1567599784  -0.0146830571   0.4426812024  -0.0000983311  -0.0000397071
18  8  -0.0001148524  -0.0000065694  -0.0000022527  -0.0000021089
19  1   0.0676205765   0.0615997443  -0.3367549038   0.0555476575  -0.0786739734
19  2  -0.0577853511   0.0334493262   0.0490312400  -0.1913382761   0.0368423956
19  3  -0.2872164473   0.2595496389  -0.1979012947  -0.1420474196  -0.5394047983
19  4  -0.1465140962   0.1936667176  -0.0293138102  -0.0006066555  -0.0050363903
19  5  -0.0359066420   0.0069445644   0.4506576660   0.1199756751  -0.0027502224
19  6  -0.0289562155  -0.0020464686   0.0002195841   0.0014622367  -0.0043555710
19  7   0.0595263421   0.0041334949  -0.0137401121   0.0001288447   0.0000970345
19  8  -0.0000496185   0.0000373860  -0.0000078674  -0.0000136344
20  1  -0.0857802722  -0.1392183842   0.2384018154  -0.0377668523   0.2161768050
20  2  -0.2718635007   0.1112223173  -0.1168146576   0.3164642681  -0.0082585817
20  3   0.3617660748   0.2865814137   0.2366982332  -0.0505481804  -0.3611018163
20  4  -0.0979383721  -0.2569367345  -0.0125214134  -0.0048099153  -0.0093864631
20  5  -0.0079495228   0.0011642324   0.2944359032   0.0781001955  -0.0012074411
20  6  -0.0155344810   0.0068310907   0.0001436869  -0.0008793443  -0.0106067805
20  7   0.0932285300   0.0061907926  -0.0726545918   0.0002234301   0.0000900072
20  8   0.0000045711   0.0000096297   0.0000091161   0.0000186764
21  1  -0.0430220964  -0.0602512183  -0.2187938147  -0.1996255570   0.2283903117
21  2   0.2701962908   0.2906006847  -0.0380403364  -0.0221863205   0.0198504404
21  3  -0.0550557067   0.2469152439  -0.0389652409  -0.0876438295   0.0354188619
21  4   0.0089165541   0.0266398296   0.0029375813  -0.0026809252  -0.0002221734
21  5  -0.0224568184  -0.0032268080  -0.2844604451  -0.0723111275   0.0018625285
21  6   0.0332835390  -0.0059794910  -0.0000827262  -0.0041890964  -0.0747387106
21  7   0.5333411465   0.0294920109  -0.6492798203   0.0003209203   0.0001908358
21  8   0.0000075845   0.0000083234  -0.0000154846  -0.0000113240
22  1  -0.0595467825  -0.1173250691   0.0014295549   0.2176384607   0.1570986610
22  2  -0.1556060405   0.1010065911   0.0082138265  -0.0568199991   0.1327654684
22  3  -0.0026511979  -0.2235490544  -0.0966791816  -0.3266877624  -0.1930225100
22  4   0.4443141289  -0.1623926551  -0.0076136711   0.0325779663  -0.0352584083
22  5  -0.0313962523  -0.0510130740   0.1485464110  -0.3718320207   0.0019236374
22  6   0.0366958722   0.0070554327   0.0073523862   0.0195028926  -0.0430378296
22  7  -0.0243485592   0.0042665292   0.0034411176  -0.0013451023  -0.0026486669
22  8   0.0010673334  -0.0001052148  -0.0000336380   0.0001984344
23  1   0.0954247396   0.1159375441  -0.2479054261  -0.2717237927  -0.1212988980
23  2  -0.1298005744   0.0032761384  -0.0390997525   0.1186107527  -0.2138197382
23  3   0.1405432999  -0.0059862857  -0.1516880687  -0.0072056871  -0.0627592401
23  4   0.1350264097   0.0143520456   0.0354864610  -0.0026271844   0.2494214317
23  5  -0.0068318868   0.2421381483   0.0634895955  -0.1868883638   0.0253315630
23  6   0.0084732875  -0.0259567200  -0.0310629820  -0.0521672932  -0.0376992636
23  7  -0.0210114748  -0.0632061163   0.0008321257  -0.0014338134   0.0006408542
23  8   0.0003782280   0.0000211810   0.0001111651   0.0000253427
24  1   0.1182761028   0.1291208399   0.1821116323   0.1562333181   0.2140549357
24  2  -0.1083032680   0.2396067438  -0.0310864784  -0.0948647995   0.0382334391
24  3   0.0508195495  -0.1412043270   0.0213684116  -0.2465388462   0.0156343038
24  4  -0.0315845455  -0.0371046628   0.0131154685  -0.0041177869   0.0283313168
24  5  -0.0280665895  -0.0320419128  -0.0901368122   0.2196699689  -0.0478717423
24  6  -0.0761096253  -0.0811693659  -0.0530759742  -0.1180875124  -0.2234081773
24  7  -0.0907557008  -0.4389784560  -0.0140911798  -0.0054532192  -0.0008122208
24  8   0.0003007820   0.0001771777  -0.0004933103   0.0000629452
25  1   0.0723174477   0.0549176711  -0.3511355694   0.0434445888  -0.0856855032
25  2  -0.0467432858   0.0317635206  -0.0643615509  -0.0649688678  -0.0655981777
25  3  -0.1811680649  -0.0388326755   0.2276386628   0.1114749207   0.0189064765
25  4  -0.0064551400  -0.4358030367  -0.2608099527  -0.0020809492  -0.0072061203
25  5  -0.4594103938  -0.0113400027   0.0080573440   0.0205107977  -0.0044895020
25  6   0.3550021187  -0.2903708614  -0.0062157271   0.0399765753  -0.0096492528
25  7  -0.0239918089   0.0008891924   0.0044680317  -0.0009318463  -0.0004510006
25  8   0.0001871341  -0.0000473916   0.0000084711  -0.0000455757
26  1   0.0377121429   0.0529462072  -0.1185634635  -0.2083013393  -0.0255799409
26  2  -0.1676193218   0.0406137550   0.0765067823  -0.0258664721  -0.0135145400
26  3  -0.2060055880  -0.0785747515   0.1230073698   0.0580590945   0.0112334846
26  4  -0.0075899921  -0.3002153530  -0.1348337240  -0.0027816505  -0.0059078103
26  5  -0.3366778796  -0.0103123019  -0.0195791215  -0.0357945616   0.0006104911
26  6  -0.5226028747   0.4304682291   0.0093533144  -0.0571966265   0.0163660940
26  7   0.0337926090   0.0035059364   0.0001844246   0.0012216698   0.0006177383
26  8  -0.0002324484   0.0000991043  -0.0000166183  -0.0000063593
27  1  -0.1641581472   0.1489482761   0.1542133255   0.1273221568   0.4034704286
27  2  -0.0332348528  -0.0806364957  -0.0019544943   0.0475365487  -0.0595849540
27  3  -0.1482989713  -0.0183462085  -0.3303611229   0.2491505525  -0.0312906232
27  4  -0.0660557237  -0.2280863033   0.6258492842  -0.0082933397  -0.0120432179
27  5  -0.3351402688  -0.0093248141  -0.0013147665  -0.0000984918  -0.0020098127
27  6   0.0358751300  -0.0288811774  -0.0009684083   0.0044016206  -0.0000757277
27  7  -0.0030013548  -0.0047364843  -0.0062444807  -0.0001937762  -0.0001208118
27  8   0.0000857307   0.0000011764   0.0000132309  -0.0000057568
28  1  -0.0632523582  -0.1101476121   0.0130461099   0.2280641085   0.1623871058
28  2  -0.1653828477   0.0790644509  -0.0786548369   0.0411218266   0.0543915876
28  3   0.1866900969  -0.0646813264  -0.1435768059   0.1948701598   0.0518805659
28  4  -0.0135314134   0.3751763357  -0.3293604881   0.0014197744   0.0127309850
28  5  -0.5129187426   0.0421809856  -0.0210739925  -0.0186350502   0.0114717609
28  6  -0.4176000207  -0.2243055532  -0.0053333667   0.0528127913   0.0133623765
28  7   0.0227748805   0.0043337744   0.0020626616  -0.0015596820  -0.0006272289
28  8  -0.0001274195  -0.0002156752   0.0000906802  -0.0002531695
29  1  -0.0269471646  -0.0733126559   0.1041843964  -0.1034472469   0.1175105181
29  2  -0.2326230381   0.0631810943   0.0662037278   0.0435693577   0.0804559143
29  3   0.0464232371  -0.0429701423  -0.0722711574   0.1161514702   0.0259791021
29  4   0.0002462859   0.2900218512  -0.1840613723   0.0007180461   0.0055404401
29  5  -0.3666147382   0.0176164204   0.0113713650   0.0396743139  -0.0143615020
29  6   0.6219898051   0.3296284416   0.0078541887  -0.0806353519  -0.0197011420
29  7  -0.0371313318  -0.0007675579   0.0035439843   0.0038425185   0.0015204177
29  8  -0.0007271224   0.0001829822  -0.0000361211   0.0001682890
30  1   0.2359137467  -0.0765956984  -0.1850311902  -0.1655985878   0.0428347402
30  2   0.1906438020  -0.2047362827   0.0173154154  -0.0143384431   0.0638742182
30  3   0.1292101756  -0.0670768069   0.3775243216  -0.0495115210  -0.1227508673
30  4   0.1138907240   0.2985199229   0.5566770171   0.0057378618  -0.0454468873
30  5  -0.3358834067   0.0257312284  -0.0075713173   0.0014273884   0.0018779711
30  6  -0.0423158823  -0.0238596257  -0.0003643971   0.0049075672   0.0016881912
30  7   0.0011108941  -0.0056225357  -0.0062848445   0.0002985739   0.0004377812
30  8   0.0004539123  -0.0000537725  -0.0000111651  -0.0001097148
31  1  -0.1345855622  -0.3518538462   0.1826480579   0.2539426020   0.3126843118
31  2  -0.1412487254   0.0458933108   0.4803967327  -0.4177006558  -0.3743310768
31  3   0.1481430694   0.1633667944   0.2496645331   0.1142701894  -0.0709989869
31  4   0.1157997462   0.1259073433   0.0194661977  -0.3053282234   0.1895684570
31  5  -0.0018158247  -0.1995759145   0.0957977779  -0.2193573427  -0.3306182612
31  6  -0.0211243369  -0.2170746449   0.3046512057  -0.2569222391   0.3031454356
31  7   0.1415320693  -0.1877456617  -0.0147998663  -0.3972473342  -0.2809723659
31  8  -0.3041586393  -0.3412668312   0.3577799105   0.3480010907
32  1  -0.0265573862   0.1452420883  -0.2015913276  -0.2362667380  -0.0235667726
32  2  -0.1437109746  -0.0812561298  -0.0791827192   0.0306225834  -0.1321447135
32  3   0.1745409818  -0.0872983355  -0.1352970640  -0.1414915760  -0.0218145319
32  4   0.1074546362   0.0465216756  -0.0702721439  -0.0781879630  -0.2897947806
32  5  -0.0132339549  -0.0785423058  -0.0620284437   0.1785961972   0.5122288896
32  6   0.0365458342   0.2376332150  -0.5779977835   0.2067187979  -0.2501239126
32  7  -0.1260209036   0.3767157281   0.0211513965   0.4048467786  -0.1898284171
32  8   0.2029307819  -0.3523638156   0.3817220168   0.3747942286
33  1   0.4159757752   0.0396316240   0.0799487428   0.0707309273  -0.0176692554
33  2  -0.0727241670   0.3473292614   0.2268248888   0.1369463552  -0.3849111542
33  3   0.1305916259   0.1109892277  -0.2619069219   0.2090811337  -0.1157620382
33  4   0.4225405724   0.0883733754  -0.1449618979  -0.4510948230  -0.5275053441
33  5   0.0543715523  -0.0655136675   0.0218721475  -0.0481326845  -0.0272037254
33  6  -0.0092747662  -0.0762937784  -0.1628089476  -0.1484171784   0.1501494543
33  7   0.0583390712   0.1535344099   0.0037194692   0.1036731102  -0.6381851858
33  8  -0.0219089869   0.2665582047  -0.2638751705  -0.2811618973
34  1  -0.0998111027  -0.3043464670   0.0899680851   0.2089645203   0.2483925948
34  2  -0.1137052831   0.0063577883   0.3824185760  -0.2827224553  -0.2632986861
34  3   0.0884732118   0.0649196458   0.1386640238   0.0076751108  -0.0556733314
34  4   0.1060481580   0.0242578508  -0.0003810236  -0.2489304816   0.0726291216
34  5   0.0239696305   0.0984149429  -0.0430909052   0.0921556166  -0.0845725696
34  6   0.0281566770   0.1840777957   0.1053762320   0.2704903142  -0.2321947287
34  7  -0.0895537484  -0.1186227277  -0.0027391003  -0.0618280678   0.1003332364
34  8   0.3006951105   0.5115688286  -0.2078605410   0.6859929315
35  1  -0.0991254330   0.0455998251  -0.0103897079  -0.1441152636   0.1099476967
35  2  -0.1995707278  -0.0003150212   0.1251160931  -0.2441064982  -0.3630623003
35  3   0.2922334552   0.1095385832   0.0907968128   0.0676164423  -0.0426928862
35  4   0.0942862349   0.2428770440  -0.0279361835  -0.1719057642   0.0209680294
35  5  -0.0655009650  -0.6760497385   0.2226490067  -0.4730202539   0.0624048783
35  6  -0.0987597496  -0.5786169903   0.0732455208  -0.7317465673   0.6391111910
35  7   0.2583735022  -0.0053326002  -0.0037178528   0.5583073005   0.3726524421
35  8   0.0492263871   0.0509789743  -0.0191041517   0.0483405321
36  1   0.3922316860  -0.0459478734  -0.0897520488  -0.0792209023  -0.0425392569
36  2   0.0794910382   0.1911371280   0.0600551608   0.2824601053  -0.2071870071
36  3   0.0563844559  -0.0064999947  -0.2605004527   0.0397487159   0.1182548656
36  4  -0.2490349629   0.0116414784   0.0065520729   0.5489105617  -0.1339450010
36  5  -0.0499363386  -0.2806549057   0.0672011590  -0.1332808419  -0.0636263439
36  6  -0.0177199366  -0.0532824723  -0.2204070547  -0.1061100250   0.0726905483
36  7   0.0190415715   0.2071680304   0.0070945637   0.1096417636  -0.1530807022
36  8  -0.6235405180   0.2705069628  -0.0876954692   0.3620243820
37  1  -0.0549018585  -0.4319343402  -0.0565909456   0.0639274051   0.1894830358
37  2   0.0274787400  -0.0932747192   0.3355345723  -0.1346933074  -0.2657110479
37  3   0.0806003024   0.0705441651   0.0865679219   0.0363686645   0.1123344686
37  4  -0.3547122162   0.0571558760   0.0672187301   0.5024142650   0.2076302025
37  5  -0.0649457800  -0.3726318310   0.1282923180  -0.2810647654  -0.3840077949
37  6  -0.0343227850  -0.2178671544  -0.1715113638  -0.3518718431   0.3599443350
37  7   0.1506361120   0.1315736711   0.0040340205  -0.2535871063  -0.3105876121
37  8   0.6079975009   0.0661721495   0.0836695973  -0.0340414456
38  1  -0.2353227638   0.1470480724  -0.0547476787  -0.1462403283   0.1748217774
38  2  -0.1871680364  -0.1029314639  -0.1350169355  -0.2459320261   0.0192123158
38  3   0.1668115844  -0.1457954428   0.1894472581  -0.3318643833   0.0629465560
38  4  -0.2515823065   0.0426591012   0.1178357891   0.2031544752   0.5186043977
38  5  -0.1036182095  -0.1694124508  -0.0442180161   0.1480714465   0.4811796878
38  6   0.0382679882   0.0748990892   0.6447203515   0.2244770411  -0.1737499157
38  7  -0.0548292694  -0.4702873621  -0.0202281858   0.4723698797  -0.4386263506
38  8   0.0598469938  -0.1394754576  -0.1998611565   0.0475755172
39  1   0.3991506595   0.0000000000   0.0000000000   0.0000000000  -0.0254683904
39  2   0.0000000000   0.2702730061   0.1418747172   0.2036943623  -0.2914538810
39  3   0.0917764354   0.0502822548  -0.2550026005   0.1184652858   0.0021257967
39  4   0.0805381400   0.0467012392  -0.0675394774   0.0430799889  -0.2943311447
39  5   0.0006312557  -0.1479833836   0.0350862561  -0.0660372085  -0.0216807940
39  6   0.0040223529  -0.0093693885  -0.0749570631  -0.0391203661   0.0425337894
39  7   0.0166617200   0.0718816809   0.0031075292  -0.1834026053   0.1128696069
39  8   0.0834230873  -0.5702893601  -0.7413674155   0.2072326587
