$coord
    0.19614019493915      1.48950264501185      0.00000000000000  c
    0.14623114952517      0.22838234528924     -2.29654396928873  c
   -0.00678852817353     -2.38576706626047     -2.27837834741043  c
   -0.07951075148799     -3.68548250623179      0.00000000000000  c
   -0.00678852817353     -2.38576706626047      2.27837834741043  c
    0.14623114952517      0.22838234528924      2.29654396928873  c
    0.18667560900332      1.28698803386196     -4.04548720314642  h
   -0.07584391985434     -3.40893483872179     -4.04888712671221  h
   -0.19705616274021     -5.72871500408094      0.00000000000000  h
   -0.07584391985434     -3.40893483872179      4.04888712671221  h
    0.18667560900332      1.28698803386196      4.04548720314642  h
    0.49349947419682      4.85628332617580      0.00000000000000  s
   -0.45681068795452      5.81353729539364     -2.41612893242999  o
   -0.45681068795452      5.81353729539364      2.41612893242999  o
$user-defined bonds
$redundant
     number_of_atoms            14
     degrees_of_freedom         20
     internal_coordinates       20
     frozen_coordinates          0
# definitions of redundant internals
   1 k -0.4082482904639 tors   2    3    4    5 val=  -0.69341
        0.4082482904639 tors   3    4    5    6
       -0.4082482904639 tors   4    5    6    1
        0.4082482904639 tors   5    6    1    2
       -0.4082482904639 tors   6    1    2    3
        0.4082482904639 tors   1    2    3    4
   2 k  1.4142135623731 outp  13    1   14   12 val=  43.25862
   3 k  0.5000000000000 tors   2    3    4    5 val=  -0.53063
       -0.5000000000000 tors   3    4    5    6
        0.5000000000000 tors   5    6    1    2
       -0.5000000000000 tors   6    1    2    3
   4 k  1.4142135623731 outp   8    4    2    3 val=   0.18268
   5 k  1.4142135623731 outp   7    1    3    2 val=  -1.10732
   6 k  1.0000000000000 outp   9    5    3    4 val=   0.09005
   7 k  1.0000000000000 stre   1   12           val=   3.37989
   8 k  1.0000000000000 stre   4    9           val=   2.04661
   9 k  1.4142135623731 stre   3    8           val=   2.04606
  10 k  1.4142135623731 stre   2    7           val=   2.04477
  11 k  1.4142135623731 stre   2    3           val=   2.61869
  12 k -0.4082482904639 bend   1    3    2      val=   0.89990
        0.4082482904639 bend   2    4    3
       -0.4082482904639 bend   3    5    4
        0.4082482904639 bend   4    6    5
       -0.4082482904639 bend   5    1    6
        0.4082482904639 bend   6    2    1
  13 k  1.0000009877351 bend   3    7    2      val=   0.79548
       -0.9999990122640 bend   1    7    2
  14 k  1.0000000000000 outp  12    6    2    1 val=   2.78105
  15 k -0.9999999869831 bend   2    8    3      val=   0.24939
        1.0000000130169 bend   4    8    3
  16 k  1.4142135623731 stre   3    4           val=   2.62403
  17 k  1.4142135623731 stre   6    1           val=   2.62050
  18 k  1.4142135623731 stre  12   13           val=   2.76715
  19 k -0.2886751345948 bend   1    3    2      val=   1.10151
       -0.2886751345948 bend   2    4    3
        0.5773502691896 bend   3    5    4
       -0.2886751345948 bend   4    6    5
       -0.2886751345948 bend   5    1    6
        0.5773502691896 bend   6    2    1
  20 k  0.8166912271208 bend  14   13   12      val=   6.70599
       -0.4080535746345 bend   1   13   12
       -0.4080535746345 bend   1   14   12
        20 non zero eigenvalues  of BmBt
           1          11.020571332    1    0
         1
           2           5.124238920    2    0
         2
           3           4.389780392    3    0
         3
           4           3.571859719    4    0
         4
           5           3.265547552    5    0
         5
           6           2.767621702    6    0
         6
           7           2.611840720    7    0
         7
           8           2.254222212    8    0
         8
           9           1.725598436    9    0
         9
          10           1.148071819   10    0
        10
          11           0.807829460   11    0
        11
          12           0.684716424   12    0
        12
          13           0.480933754   13    0
        13
          14           0.382705176   14    0
        14
          15           0.360757499   15    0
        15
          16           0.345202876   16    0
        16
          17           0.262804382   17    0
        17
          18           0.135998670   18    0
        18
          19           0.135777376   19    0
        19
          20           0.037378713   20    0
        20
$end
