$dipgrad          cartesian dipole gradients
  -.43581828494992D-01  -.74183340225367D-01  0.19221295155568D-17
  0.18312478235251D-01  -.21941280897485D+00  0.36908020720596D-15
  -.33572256743543D-16  -.28680874407210D-15  -.28208211994466D-01
  -.53737003029263D-01  -.50312934976800D-01  0.66653308052301D-01
  0.32585360616458D-02  -.54660699701185D-01  -.14922311460145D+00
  -.94350965598614D-02  0.15323631899914D+00  -.73287835998638D-02
  -.78405391178413D-01  0.77379762942707D-01  0.78360913569711D-01
  0.77850458408575D-02  -.97756571150027D-01  0.13327910365861D+00
  0.88647704473822D-02  0.85494313619789D-01  0.97140115196006D-01
  -.52367186388925D-01  0.53834171372039D-01  0.15633899504472D-16
  0.14772826068702D-01  0.10157297579648D+00  0.31622088698737D-16
  0.24205546926811D-16  -.29410932019307D-15  0.88612784939138D-01
  -.78405391178411D-01  0.77379762942707D-01  -.78360913569712D-01
  0.77850458408573D-02  -.97756571150027D-01  -.13327910365861D+00
  -.88647704473821D-02  -.85494313619790D-01  0.97140115196007D-01
  -.53737003029261D-01  -.50312934976800D-01  -.66653308052301D-01
  0.32585360616460D-02  -.54660699701185D-01  0.14922311460145D+00
  0.94350965598612D-02  -.15323631899914D+00  -.73287835998633D-02
  0.12942417675941D+00  -.17077262638278D-01  0.19712974512875D-02
  -.73214120269263D-02  0.94670219074840D-01  0.44817610827223D-01
  0.39749906064504D-02  0.21123063656450D-01  0.55903053686266D-01
  0.13732898183000D+00  0.54590102060620D-02  0.47490315335366D-02
  -.37295788883573D-02  0.15417059428967D-01  -.57912371181056D-01
  -.33553294318008D-02  -.56419076425713D-01  -.16002495235050D-01
  0.13468556922431D+00  -.17409147400281D-01  0.29051774252818D-17
  -.10524488810880D-01  -.60023898714507D-01  0.28616611104660D-17
  0.37238744733463D-17  -.98138931334297D-16  0.87218824478506D-01
  0.13732898183000D+00  0.54590102060616D-02  -.47490315335362D-02
  -.37295788883573D-02  0.15417059428968D-01  0.57912371181056D-01
  0.33553294318008D-02  0.56419076425714D-01  -.16002495235052D-01
  0.12942417675941D+00  -.17077262638278D-01  -.19712974512873D-02
  -.73214120269263D-02  0.94670219074840D-01  -.44817610827222D-01
  -.39749906064504D-02  -.21123063656450D-01  0.55903053686266D-01
  0.49551350986253D+00  -.35097039286452D+00  -.83942341501440D-16
  -.37537680441322D-01  0.16842034241804D+01  0.42060479787096D-17
  -.22806362104822D-18  0.15985883406941D-15  0.11894082782783D+01
  -.40173579645313D+00  0.17891577902535D+00  -.89754128032964D-01
  0.74958414868461D-02  -.71083985376700D+00  0.11587889643759D+00
  0.72944399126453D-02  0.31670784910519D+00  -.79822772786796D+00
  -.40173579645313D+00  0.17891577902535D+00  0.89754128032964D-01
  0.74958414868461D-02  -.71083985376701D+00  -.11587889643759D+00
  -.72944399126453D-02  -.31670784910519D+00  -.79822772786795D+00
$end
