$energy      SCF               SCFKIN            SCFPOT
     1 -779.7841316245      776.5845176824     -1556.368649307
     2 -779.7841316246      776.5845176775     -1556.368649302
     3 -779.7850415674      776.5876674785     -1556.372709046
     4 -779.7887133637      776.5997325359     -1556.388445900
     5 -779.7973365224      776.6139552948     -1556.411291817
     6 -779.7901221495      776.5638818830     -1556.354004032
     7 -779.7936829425      776.5664554138     -1556.360138356
     8 -779.8003450228      776.5877587523     -1556.388103775
     9 -779.8080698758      776.6354476002     -1556.443517476
    10 -779.8026418510      776.6516277670     -1556.454269618
    11 -779.8051623530      776.6300544511     -1556.435216804
    12 -779.8085014326      776.6016521938     -1556.410153626
    13 -779.8040794461      776.6174249501     -1556.421504396
    14 -779.8058335271      776.6070574219     -1556.412890949
    15 -779.8083335681      776.5977771685     -1556.406110737
    16 -779.8040374231      776.6252246270     -1556.429262050
    17 -779.8062255489      776.6129843524     -1556.419209901
    18 -779.8089160129      776.5986604224     -1556.407576435
    19 -779.8089683784      776.5988169042     -1556.407785283
    20 -779.8093220526      776.5923677470     -1556.401689800
    21 -779.8093335405      776.5938975053     -1556.403231046
    22 -779.8093428970      776.5936993521     -1556.403042249
    23 -779.8093452991      776.5944376533     -1556.403782952
    24 -779.8093455109      776.5946012398     -1556.403946751
    25 -779.8093448459      776.5955415408     -1556.404886387
    26 -779.8093455891      776.5945227015     -1556.403868291
    27 -779.8093458213      776.5956261593     -1556.404971981
    28 -779.8093458132      776.5956619342     -1556.405007747
$end
