$grad          cartesian gradients
  cycle =      1    SCF energy =     -779.7841316245   |dE/dxyz| =  0.025316
   -0.02503011679555      1.49005766635266      0.00000000000000      c
   -0.00132863924479      0.20807346952273     -2.31366932790513      c
    0.00706446084913     -2.40156360769976     -2.27780431849160      c
    0.00586936591018     -3.71477723247757      0.00000000000000      c
    0.00706446084913     -2.40156360769976      2.27780431849160      c
   -0.00132863924479      0.20807346952273      2.31366932790513      c
   -0.00636144137607      1.26072207921054     -4.06474309267073      h
    0.00944750226058     -3.42351156792344     -4.05052497064238      h
    0.00631276116813     -5.75997442599439      0.00000000000000      h
    0.00944750226058     -3.42351156792344      4.05052497064238      h
   -0.00636144137607      1.26072207921054      4.06474309267073      h
    0.05301507550512      4.72266786903214      0.00000000000000      s
   -0.02890542538279      5.98729268843352     -2.46187385230626      o
   -0.02890542538279      5.98729268843352      2.46187385230626      o
  0.49548698735152D-02  0.12540430683607D-02  0.00000000000000D+00
  0.11563138512443D-02  -.16805697665967D-03  -.54636158065691D-03
  -.33843487931710D-03  0.15875324370462D-03  -.55208597145029D-04
  -.16696846047475D-03  -.25243687421472D-03  0.00000000000000D+00
  -.33843487931710D-03  0.15875324370462D-03  0.55208597145029D-04
  0.11563138512443D-02  -.16805697665967D-03  0.54636158065691D-03
  0.14337388376328D-03  -.22551784223612D-04  0.34857169416647D-04
  -.67685596100191D-04  0.39252265416845D-04  -.19186906150548D-05
  -.31830181670037D-04  0.32501779422045D-04  0.00000000000000D+00
  -.67685596100191D-04  0.39252265416845D-04  0.19186906150548D-05
  0.14337388376328D-03  -.22551784223612D-04  -.34857169416647D-04
  -.21979792279886D-01  -.27637341587017D-02  0.00000000000000D+00
  0.76626719496228D-02  0.85775170419655D-03  -.82865466232640D-03
  0.76626719496228D-02  0.85775170419655D-03  0.82865466232640D-03
  cycle =      2    SCF energy =     -779.7841316246   |dE/dxyz| =  0.025316
   -0.02503011679555      1.49005766635266      0.00000000000000      c
   -0.00132863924479      0.20807346952273     -2.31366932790513      c
    0.00706446084913     -2.40156360769976     -2.27780431849160      c
    0.00586936591018     -3.71477723247757      0.00000000000000      c
    0.00706446084913     -2.40156360769976      2.27780431849160      c
   -0.00132863924479      0.20807346952273      2.31366932790513      c
   -0.00636144137607      1.26072207921054     -4.06474309267073      h
    0.00944750226058     -3.42351156792344     -4.05052497064238      h
    0.00631276116813     -5.75997442599439      0.00000000000000      h
    0.00944750226058     -3.42351156792344      4.05052497064238      h
   -0.00636144137607      1.26072207921054      4.06474309267073      h
    0.05301507550512      4.72266786903214      0.00000000000000      s
   -0.02890542538279      5.98729268843352     -2.46187385230626      o
   -0.02890542538279      5.98729268843352      2.46187385230626      o
  0.49547453592157D-02  0.12544725005821D-02  0.00000000000000D+00
  0.11563129541981D-02  -.16781890043882D-03  -.54546458683191D-03
  -.33827327109386D-03  0.15810678190498D-03  -.56160031219887D-04
  -.16719231173304D-03  -.25502193728411D-03  0.00000000000000D+00
  -.33827327109386D-03  0.15810678190498D-03  0.56160031219887D-04
  0.11563129541981D-02  -.16781890043882D-03  0.54546458683191D-03
  0.14334622627476D-03  -.21469125365103D-04  0.32439300999165D-04
  -.67777007402781D-04  0.39003502682516D-04  -.35388827228644D-05
  -.31836539133898D-04  0.32747603396555D-04  0.00000000000000D+00
  -.67777007402781D-04  0.39003502682516D-04  0.35388827228644D-05
  0.14334622627476D-03  -.21469125365103D-04  -.32439300999165D-04
  -.21979646873422D-01  -.27634192402433D-02  0.00000000000000D+00
  0.76627349655077D-02  0.85812363724846D-03  -.82833723119613D-03
  0.76627349655077D-02  0.85812363724846D-03  0.82833723119613D-03
  cycle =      3    SCF energy =     -779.7850415674   |dE/dxyz| =  0.038033
   -0.08364760074181      1.49104148990651      0.00000000000000      c
   -0.09821359505008      0.20844341138142     -2.31258198803441      c
    0.00537007464804     -2.39929537665852     -2.27752690185785      c
    0.07465500352144     -3.71058488040667      0.00000000000000      c
    0.00537007464804     -2.39929537665852      2.27752690185785      c
   -0.09821359505008      0.20844341138142      2.31258198803441      c
   -0.21809616786171      1.25770995007227     -4.06169049941110      h
    0.03338835831635     -3.42087825766810     -4.05028091677477      h
    0.18878438871830     -5.75266876003015      0.00000000000000      h
    0.03338835831635     -3.42087825766810      4.05028091677477      h
   -0.21809616786171      1.25770995007227      4.06169049941110      h
    0.17219449450536      4.71679182791969      0.00000000000000      s
    0.10155818694576      5.98173043417824     -2.46117703837769      o
    0.10155818694576      5.98173043417824      2.46117703837769      o
  0.10805154280139D-01  0.20832716923618D-02  0.00000000000000D+00
  0.23575100373627D-03  -.26873985065401D-03  -.79372479604700D-03
  0.36333979568637D-03  0.38391300783758D-03  0.15999823957502D-03
  -.15555473085211D-02  -.46026249021303D-03  0.00000000000000D+00
  0.36333979568637D-03  0.38391300783758D-03  -.15999823957502D-03
  0.23575100373627D-03  -.26873985065401D-03  0.79372479604700D-03
  -.21127721866338D-02  -.15319398784674D-03  0.14748655238872D-03
  0.67421080440558D-03  0.85369772789057D-04  -.23544399340381D-04
  0.52882442930527D-03  0.48318342521725D-04  0.00000000000000D+00
  0.67421080440558D-03  0.85369772789057D-04  0.23544399340381D-04
  -.21127721866338D-02  -.15319398784674D-03  -.14748655238872D-03
  -.31894474308773D-01  -.30438908158943D-02  0.00000000000000D+00
  0.11847186539784D-01  0.64092263394633D-03  -.10957010151200D-02
  0.11847186539784D-01  0.64092263394633D-03  0.10957010151200D-02
  cycle =      4    SCF energy =     -779.7887133637   |dE/dxyz| =  0.054142
   -0.10079246691293      1.49263606183569      0.00000000000000      c
   -0.13491582749454      0.20979836967811     -2.31008824346074      c
    0.00250145280039     -2.39679583874706     -2.27689579277432      c
    0.10022204209370     -3.70593382131850      0.00000000000000      c
    0.00250145280039     -2.39679583874706      2.27689579277432      c
   -0.13491582749454      0.20979836967811      2.31008824346074      c
   -0.29353489117907      1.25722836664929     -4.05748872941117      h
    0.03629549389150     -3.41824499739066     -4.04973049712229      h
    0.25902029786907     -5.74520726383962      0.00000000000000      h
    0.03629549389150     -3.41824499739066      4.04973049712229      h
   -0.29353489117907      1.25722836664929      4.05748872941117      h
    0.28000389291737      4.71242015005239      0.00000000000000      s
    0.12042688899811      5.97105653644534     -2.45783454262539      o
    0.12042688899811      5.97105653644534      2.45783454262539      o
  0.16766258281881D-01  0.55402554802870D-02  0.00000000000000D+00
  -.58506081131954D-03  -.86678096135984D-03  -.17617539564858D-02
  0.55613115856079D-03  0.10608850227669D-02  0.51934825004585D-03
  -.19637122480290D-02  -.10700198570066D-02  0.00000000000000D+00
  0.55613115856079D-03  0.10608850227669D-02  -.51934825004585D-03
  -.58506081131954D-03  -.86678096135984D-03  0.17617539564858D-02
  -.27532075830282D-02  -.29912674995114D-03  0.25263876217330D-03
  0.90965030757557D-03  0.17320795989556D-03  -.66906893422813D-04
  0.71813736208193D-03  0.67419690627624D-04  0.00000000000000D+00
  0.90965030757557D-03  0.17320795989556D-03  0.66906893422813D-04
  -.27532075830282D-02  -.29912674995114D-03  -.25263876217330D-03
  -.44672699830437D-01  -.69012646248119D-02  0.00000000000000D+00
  0.16380551927634D-01  0.11004394636074D-02  -.11670013680565D-02
  0.16380551927634D-01  0.11004394636074D-02  0.11670013680565D-02
  cycle =      5    SCF energy =     -779.7973365224   |dE/dxyz| =  0.056798
   -0.03078835039949      1.49315109232949      0.00000000000000      c
   -0.06858902307020      0.21353097856667     -2.30503173575892      c
   -0.00157821436860     -2.39817021106012     -2.27701777261999      c
    0.05711540412464     -3.70690781961412      0.00000000000000      c
   -0.00157821436860     -2.39817021106012      2.27701777261999      c
   -0.06858902307020      0.21353097856667      2.30503173575892      c
   -0.13927182177622      1.26837429342922     -4.05456420442147      h
   -0.00556338001152     -3.42085904320794     -4.04961872691202      h
    0.14476796644368     -5.75071256541956      0.00000000000000      h
   -0.00556338001152     -3.42085904320794      4.04961872691202      h
   -0.13927182177622      1.26837429342922      4.05456420442147      h
    0.34461175882280      4.73919857342875      0.00000000000000      s
   -0.04285095026929      5.94975934190989     -2.45289916853540      o
   -0.04285095026929      5.94975934190989      2.45289916853540      o
  0.17395654684843D-01  0.85810770284507D-02  0.00000000000000D+00
  -.19873512143083D-02  -.14049200712882D-02  -.20313564974037D-02
  0.60427756070508D-03  0.11906754045130D-02  0.51247817737188D-03
  -.51346108116379D-03  -.14219354543732D-02  0.00000000000000D+00
  0.60427756070508D-03  0.11906754045130D-02  -.51247817737188D-03
  -.19873512143083D-02  -.14049200712882D-02  0.20313564974037D-02
  -.90136782129355D-03  -.11465420285217D-03  0.92894159418710D-04
  0.14707176579808D-03  0.11633587816143D-03  -.15510470986019D-03
  0.50636445009511D-03  0.81848017039143D-04  0.00000000000000D+00
  0.14707176579808D-03  0.11633587816143D-03  0.15510470986019D-03
  -.90136782129355D-03  -.11465420285217D-03  -.92894159418710D-04
  -.46194130735207D-01  -.11191999330169D-01  0.00000000000000D+00
  0.16600947808253D-01  0.21891255841404D-02  -.79650441964496D-03
  0.16600947808253D-01  0.21891255841404D-02  0.79650441964496D-03
  cycle =      6    SCF energy =     -779.7901221495   |dE/dxyz| =  0.051216
   -0.19614750105490      1.48090652014962      0.00000000000000      c
   -0.24360455286580      0.22104171271968     -2.29628277276293      c
    0.01374651429604     -2.37714309865927     -2.27588905073308      c
    0.14842118228456     -3.67087629203483      0.00000000000000      c
    0.01374651429604     -2.37714309865927      2.27588905073308      c
   -0.24360455286580      0.22104171271968      2.29628277276293      c
   -0.71644184906234      1.23746025059038     -4.00403514197124      h
    0.20371868395647     -3.38512269076337     -4.04362798752764      h
    0.37927187305373     -5.70487320498310      0.00000000000000      h
    0.20371868395647     -3.38512269076337      4.04362798752764      h
   -0.71644184906234      1.23746025059038      4.00403514197124      h
    0.59619043099612      4.72063422860634      0.00000000000000      s
    0.27871321103587      5.89086820024357     -2.51537272945847      o
    0.27871321103587      5.89086820024357      2.51537272945847      o
  0.11756568166845D-01  -.85314212847174D-02  0.00000000000000D+00
  0.38989812622940D-02  0.16295704874669D-02  0.12510825529599D-02
  0.12746740429325D-02  0.22236279792738D-02  0.93062875447103D-03
  -.80701158994152D-02  0.23440433585260D-02  0.00000000000000D+00
  0.12746740429325D-02  0.22236279792738D-02  -.93062875447103D-03
  0.38989812622940D-02  0.16295704874669D-02  -.12510825529599D-02
  -.11894581583449D-01  -.25195135704925D-02  0.29818452812187D-02
  0.59458482298792D-02  0.13583413995154D-02  0.10635411789274D-02
  -.96916030939442D-03  -.28593602267368D-03  0.00000000000000D+00
  0.59458482298792D-02  0.13583413995154D-02  -.10635411789274D-02
  -.11894581583449D-01  -.25195135704925D-02  -.29818452812187D-02
  -.28547100693338D-01  -.13445225025084D-02  0.00000000000000D+00
  0.13707289363546D-01  0.12270357551736D-02  -.18722200941969D-01
  0.13707289363546D-01  0.12270357551736D-02  0.18722200941969D-01
  cycle =      7    SCF energy =     -779.7936829425   |dE/dxyz| =  0.046873
   -0.15905535567360      1.48286125123349      0.00000000000000      c
   -0.20786161441641      0.22056476225798     -2.29814908104457      c
    0.01033444323692     -2.38339209225520     -2.27688705859774      c
    0.12895817104361     -3.67940608017854      0.00000000000000      c
    0.01033444323692     -2.38339209225520      2.27688705859774      c
   -0.20786161441641      0.22056476225798      2.29814908104457      c
   -0.61696074747210      1.24890600879643     -4.01589218868769      h
    0.16498555044777     -3.39688134462078     -4.04562934676559      h
    0.33674493180765     -5.71576644521930      0.00000000000000      h
    0.16498555044777     -3.39688134462078      4.04562934676559      h
   -0.61696074747210      1.24890600879643      4.01589218868769      h
    0.57308623801467      4.73555978315090      0.00000000000000      s
    0.20963537560764      5.89917841132830     -2.50365732069149      o
    0.20963537560764      5.89917841132830      2.50365732069149      o
  0.12054827027791D-01  -.60998287414020D-02  0.00000000000000D+00
  0.31191417994519D-02  0.14135291606430D-02  0.32401809613791D-03
  0.12452264877277D-02  0.13877906967004D-02  0.67489211177940D-03
  -.71279267966059D-02  0.15818065889017D-02  0.00000000000000D+00
  0.12452264877277D-02  0.13877906967004D-02  -.67489211177940D-03
  0.31191417994519D-02  0.14135291606430D-02  -.32401809613791D-03
  -.10210890835145D-01  -.18414615435606D-02  0.21589590300661D-02
  0.49186983968649D-02  0.98734252234844D-03  0.74246804353739D-03
  -.63584163358077D-03  -.22768116323713D-03  0.00000000000000D+00
  0.49186983968649D-02  0.98734252234844D-03  -.74246804353739D-03
  -.10210890835145D-01  -.18414615435606D-02  -.21589590300661D-02
  -.29205601909245D-01  -.25069386588861D-04  0.00000000000000D+00
  0.13416671263451D-01  0.44551217464273D-03  -.14828413483372D-01
  0.13416671263451D-01  0.44551217464273D-03  0.14828413483372D-01
  cycle =      8    SCF energy =     -779.8003450228   |dE/dxyz| =  0.038639
   -0.08372890217852      1.48577913736358      0.00000000000000      c
   -0.13366164293620      0.22066328075134     -2.29902905117965      c
    0.00280557978462     -2.39165135020624     -2.27797056430279      c
    0.08728521961801     -3.69131815025500      0.00000000000000      c
    0.00280557978462     -2.39165135020624      2.27797056430279      c
   -0.13366164293620      0.22066328075134      2.29902905117965      c
   -0.40117678611193      1.26905138463699     -4.03342140556765      h
    0.08562872656689     -3.41289310553703     -4.04813727204341      h
    0.24020320430101     -5.73224110072381      0.00000000000000      h
    0.08562872656689     -3.41289310553703      4.04813727204341      h
   -0.40117678611193      1.26905138463699      4.03342140556765      h
    0.53852005777832      4.76325364067029      0.00000000000000      s
    0.05526433293720      5.90209302682741     -2.47897922572960      o
    0.05526433293720      5.90209302682741      2.47897922572960      o
  0.10856447423411D-01  -.24712045285131D-02  0.00000000000000D+00
  0.11016099925829D-02  0.93008748087220D-03  -.31228095736857D-03
  0.13755918756236D-02  0.36329960753356D-03  0.36320048102301D-03
  -.47635960154824D-02  0.58060486144473D-03  0.00000000000000D+00
  0.13755918756236D-02  0.36329960753356D-03  -.36320048102301D-03
  0.11016099925829D-02  0.93008748087220D-03  0.31228095736857D-03
  -.68124882180686D-02  -.77101386148032D-03  0.94949472327088D-03
  0.29883103110468D-02  0.45343426160432D-03  0.28327512180171D-03
  0.46807779510216D-04  -.65077068344355D-04  0.00000000000000D+00
  0.29883103110468D-02  0.45343426160432D-03  -.28327512180171D-03
  -.68124882180686D-02  -.77101386148032D-03  -.94949472327088D-03
  -.28288383557149D-01  0.17999737534415D-02  0.00000000000000D+00
  0.12441124646614D-01  -.92040342362543D-03  -.73591259873869D-02
  0.12441124646614D-01  -.92040342362543D-03  0.73591259873869D-02
  cycle =      9    SCF energy =     -779.8080698758   |dE/dxyz| =  0.014369
    0.08180563837640      1.49279646933648      0.00000000000000      c
    0.02489940065880      0.23055291663837     -2.29234765637513      c
   -0.00305453539657     -2.38626327994621     -2.27749825765168      c
   -0.01753435756404     -3.68657177815828      0.00000000000000      c
   -0.00305453539657     -2.38626327994621      2.27749825765168      c
    0.02489940065880      0.23055291663837      2.29234765637513      c
   -0.04019027285963      1.29482243876979     -4.03702442686478      h
    0.01247636501404     -3.41108104574485     -4.04770074912397      h
   -0.05460607529945     -5.73298591024877      0.00000000000000      h
    0.01247636501404     -3.41108104574485      4.04770074912397      h
   -0.04019027285963      1.29482243876979      4.03702442686478      h
    0.54142867238332      4.82377533788470      0.00000000000000      s
   -0.26967789636477      5.82346191087584     -2.44453185609248      o
   -0.26967789636477      5.82346191087584      2.44453185609248      o
  0.30018338397193D-02  -.69181328956347D-03  0.00000000000000D+00
  -.13167059104416D-02  0.39828508021555D-03  0.21435135255325D-02
  0.99735573892673D-03  0.48534816645684D-05  0.29299447560938D-03
  -.10785524899820D-02  0.13453085373349D-02  0.00000000000000D+00
  0.99735573892673D-03  0.48534816645684D-05  -.29299447560938D-03
  -.13167059104416D-02  0.39828508021555D-03  -.21435135255325D-02
  -.25707362742963D-02  0.12042712778515D-03  0.29317146825347D-03
  0.18605974093356D-02  0.11176066058283D-03  0.19445326334466D-03
  -.10629540339653D-02  0.15169627112677D-04  0.00000000000000D+00
  0.18605974093356D-02  0.11176066058283D-03  -.19445326334466D-03
  -.25707362742963D-02  0.12042712778515D-03  -.29317146825347D-03
  -.77751865425260D-02  0.53717035686813D-02  0.00000000000000D+00
  0.45023715764070D-02  -.36274709208350D-02  -.74894864418074D-03
  0.45023715764070D-02  -.36274709208350D-02  0.74894864418074D-03
  cycle =     10    SCF energy =     -779.8026418510   |dE/dxyz| =  0.053367
    0.31018576076545      1.50473856140169      0.00000000000000      c
    0.24301829874973      0.22260434252340     -2.30308641677365      c
   -0.02683821159530     -2.38323827766428     -2.28027307537896      c
   -0.12460964305224     -3.68852530845215      0.00000000000000      c
   -0.02683821159530     -2.38323827766428      2.28027307537896      c
    0.24301829874973      0.22260434252340      2.30308641677365      c
    0.51990544994600      1.25449674580333     -4.04740092240409      h
   -0.24245664176198     -3.39164026095442     -4.04960814349360      h
   -0.23634997576805     -5.73118986870388      0.00000000000000      h
   -0.24245664176198     -3.39164026095442      4.04960814349360      h
    0.51990544994600      1.25449674580333      4.04740092240409      h
    0.26945408038537      4.83275790470780      0.00000000000000      s
   -0.60296900650373      5.83888680581524     -2.38801030106880      o
   -0.60296900650373      5.83888680581524      2.38801030106880      o
  0.11900477268574D-01  0.12427957866063D-01  0.00000000000000D+00
  -.33649148844669D-02  -.15858556775830D-02  -.45364201501235D-02
  -.11572895360258D-02  0.33125251620048D-03  -.11344744426789D-02
  0.21530536935432D-02  -.40438456436886D-02  0.00000000000000D+00
  -.11572895360258D-02  0.33125251620048D-03  0.11344744426789D-02
  -.33649148844669D-02  -.15858556775830D-02  0.45364201501235D-02
  0.74226749396539D-02  -.63611018134913D-03  0.61088887840732D-03
  -.46297118152654D-02  0.18135623915505D-03  -.24055289421354D-03
  0.34007492268833D-02  0.32994726892888D-05  0.00000000000000D+00
  -.46297118152654D-02  0.18135623915505D-03  0.24055289421354D-03
  0.74226749396539D-02  -.63611018134913D-03  -.61088887840732D-03
  -.37615449099469D-01  -.58684942305445D-02  0.00000000000000D+00
  0.11845011640343D-01  0.46306957677977D-03  0.16732125392121D-01
  0.11845011640343D-01  0.46306957677977D-03  -.16732125392121D-01
  cycle =     11    SCF energy =     -779.8051623530   |dE/dxyz| =  0.040546
    0.28212170227444      1.50087714515675      0.00000000000000      c
    0.21622774349530      0.22356885150777     -2.30088314784475      c
   -0.02263172651254     -2.38411819336555     -2.27943336145321      c
   -0.11110640171521     -3.68827300061244      0.00000000000000      c
   -0.02263172651254     -2.38411819336555      2.27943336145321      c
    0.21622774349530      0.22356885150777      2.30088314784475      c
    0.43934425090277      1.26402752725787     -4.04763807613176      h
   -0.20284987926672     -3.39700688739130     -4.04954780764518      h
   -0.22148669512785     -5.73120723529786      0.00000000000000      h
   -0.20284987926672     -3.39700688739130      4.04954780764518      h
    0.43934425090277      1.26402752725787      4.04763807613176      h
    0.31255896923726      4.83513469833065      0.00000000000000      s
   -0.56113417595314      5.83526289820266     -2.40288542303930      o
   -0.56113417595314      5.83526289820266      2.40288542303930      o
  0.10059488828523D-01  0.96134401068282D-02  0.00000000000000D+00
  -.30398111460774D-02  -.14873983200125D-02  -.30363215447369D-02
  -.90916860925327D-03  0.45254428754626D-03  -.69286393816936D-03
  0.19219536561058D-02  -.28368238245271D-02  0.00000000000000D+00
  -.90916860925327D-03  0.45254428754626D-03  0.69286393816936D-03
  -.30398111460774D-02  -.14873983200125D-02  0.30363215447369D-02
  0.56124821896515D-02  -.35210018264353D-03  0.33435987853614D-03
  -.33655115468860D-02  0.76835483857840D-04  -.20488178305578D-03
  0.26325282891524D-02  -.53594979210203D-06  0.00000000000000D+00
  -.33655115468860D-02  0.76835483857840D-04  0.20488178305578D-03
  0.56124821896515D-02  -.35210018264353D-03  -.33435987853614D-03
  -.29701475674525D-01  -.68024780451452D-02  0.00000000000000D+00
  0.92758822903916D-02  0.13384672871135D-02  0.99247106650617D-02
  0.92758822903916D-02  0.13384672871135D-02  -.99247106650617D-02
  cycle =     12    SCF energy =     -779.8085014326   |dE/dxyz| =  0.015058
    0.25920867510198      1.49603461297520      0.00000000000000      c
    0.19307255817170      0.22883799271562     -2.29726472535438      c
   -0.01306083737392     -2.38065946278127     -2.27855742313388      c
   -0.10082937391263     -3.68115236573420      0.00000000000000      c
   -0.01306083737392     -2.38065946278127      2.27855742313388      c
    0.19307255817170      0.22883799271562      2.29726472535438      c
    0.32471812015372      1.28074938619162     -4.04601791755461      h
   -0.14024922252815     -3.39870988162771     -4.04919453609290      h
   -0.23479190844345     -5.72312320829791      0.00000000000000      h
   -0.14024922252815     -3.39870988162771      4.04919453609290      h
    0.32471812015372      1.28074938619162      4.04601791755461      h
    0.40488784266935      4.84846258452984      0.00000000000000      s
   -0.52871823613097      5.79967115376527     -2.42119382055850      o
   -0.52871823613097      5.79967115376527      2.42119382055850      o
  0.49985349269630D-02  0.43332062480275D-02  0.00000000000000D+00
  -.18596092810227D-02  -.89813334925148D-03  -.73943998445358D-03
  -.40000880035770D-03  0.42817576722864D-03  -.16057823723381D-03
  0.11416959099942D-02  -.79065363183473D-03  0.00000000000000D+00
  -.40000880035770D-03  0.42817576722864D-03  0.16057823723381D-03
  -.18596092810227D-02  -.89813334925148D-03  0.73943998445358D-03
  0.27018098578681D-02  -.45907521451116D-04  0.64745632701868D-04
  -.14637214374347D-02  0.78516020646568D-04  -.67576811720205D-04
  0.89978844930227D-03  -.11674456056432D-04  0.00000000000000D+00
  -.14637214374347D-02  0.78516020646568D-04  0.67576811720205D-04
  0.27018098578681D-02  -.45907521451116D-04  -.64745632701868D-04
  -.10646401146712D-01  -.44341305735962D-02  0.00000000000000D+00
  0.28290603369907D-02  0.89333770083044D-03  0.42337886341137D-03
  0.28290603369907D-02  0.89333770083044D-03  -.42337886341137D-03
  cycle =     13    SCF energy =     -779.8040794461   |dE/dxyz| =  0.033711
    0.04902052841574      1.48454087316231      0.00000000000000      c
    0.00390504472842      0.22583431136552     -2.29458718687036      c
    0.02234966464371     -2.38924570550198     -2.27633265302681      c
   -0.02387383999046     -3.69113806088141      0.00000000000000      c
    0.02234966464371     -2.38924570550198      2.27633265302681      c
    0.00390504472842      0.22583431136552      2.29458718687036      c
   -0.05280545405705      1.28706413279889     -4.04076932332571      h
    0.15845955145819     -3.41032364283037     -4.04348499767675      h
   -0.26503524514634     -5.72313377015456      0.00000000000000      h
    0.15845955145819     -3.41032364283037      4.04348499767675      h
   -0.05280545405705      1.28706413279889      4.04076932332571      h
    0.44396511287826      4.79460744768598      0.00000000000000      s
   -0.23394708485188      5.85423265926178     -2.47134087766299      o
   -0.23394708485188      5.85423265926178      2.47134087766299      o
  0.11659792424580D-01  -.12719015074225D-02  0.00000000000000D+00
  -.46819129407353D-02  0.10414432319393D-02  0.21036167757877D-02
  -.18664794473366D-03  0.31622863636827D-03  0.10332629773731D-02
  0.40877107234659D-02  0.47694189888925D-03  0.00000000000000D+00
  -.18664794473366D-03  0.31622863636827D-03  -.10332629773731D-02
  -.46819129407353D-02  0.10414432319393D-02  -.21036167757877D-02
  -.26527497758320D-02  -.14288257054629D-03  0.23338445045651D-03
  0.54666327125908D-02  0.50056099082285D-03  0.49345655922750D-03
  -.73805168466373D-02  0.11368411118724D-02  0.00000000000000D+00
  0.54666327125908D-02  0.50056099082285D-03  -.49345655922750D-03
  -.26527497758320D-02  -.14288257054629D-03  -.23338445045651D-03
  -.22239034604689D-01  -.48482101350160D-02  0.00000000000000D+00
  0.89796630334462D-02  0.50392064002258D-03  -.75526413554439D-02
  0.89796630334462D-02  0.50392064002258D-03  0.75526413554439D-02
  cycle =     14    SCF energy =     -779.8058335271   |dE/dxyz| =  0.028833
    0.07018507241747      1.48814795595409      0.00000000000000      c
    0.02140593182075      0.22626822188058     -2.29611673711564      c
    0.01590676282405     -2.39020596077048     -2.27745029067509      c
   -0.02755888235254     -3.69233373959686      0.00000000000000      c
    0.01590676282405     -2.39020596077048      2.27745029067509      c
    0.02140593182075      0.22626822188058      2.29611673711564      c
   -0.00750322775226      1.28702179159138     -4.04350603186857      h
    0.10110258896219     -3.41363114413210     -4.04677635184303      h
   -0.22266796988326     -5.72950058185105      0.00000000000000      h
    0.10110258896219     -3.41363114413210      4.04677635184303      h
   -0.00750322775226      1.28702179159138      4.04350603186857      h
    0.44840338413969      4.80588216174378      0.00000000000000      s
   -0.26509285801541      5.85444919330565     -2.46239515739973      o
   -0.26509285801541      5.85444919330565      2.46239515739973      o
  0.10381641383572D-01  0.83001506598457D-04  0.00000000000000D+00
  -.44202103649243D-02  0.74718289391451D-03  0.95175246218160D-03
  0.25679758508562D-03  0.12842408261893D-03  0.56039349636672D-03
  0.31037643246434D-02  0.12754608206400D-03  0.00000000000000D+00
  0.25679758508562D-03  0.12842408261893D-03  -.56039349636672D-03
  -.44202103649243D-02  0.74718289391451D-03  -.95175246218160D-03
  -.16645894412001D-02  -.82177431185659D-04  0.13231019870563D-03
  0.38529830839798D-02  0.26321937143692D-03  0.21296944401428D-03
  -.54373572904272D-02  0.61272520442124D-03  0.00000000000000D+00
  0.38529830839798D-02  0.26321937143692D-03  -.21296944401428D-03
  -.16645894412001D-02  -.82177431185659D-04  -.13231019870563D-03
  -.20140596944875D-01  -.31769263698376D-02  0.00000000000000D+00
  0.80160558494198D-02  0.10124964767000D-03  -.55389308375124D-02
  0.80160558494198D-02  0.10124964767000D-03  0.55389308375124D-02
  cycle =     15    SCF energy =     -779.8083335681   |dE/dxyz| =  0.014330
    0.09813883008016      1.49152720474644      0.00000000000000      c
    0.04625531334111      0.22793850449466     -2.29647507320836      c
    0.00402056424850     -2.38970920427926     -2.27821176071783      c
   -0.03326183525189     -3.69103876593242      0.00000000000000      c
    0.00402056424850     -2.38970920427926      2.27821176071783      c
    0.04625531334111      0.22793850449466      2.29647507320836      c
    0.04323385786455      1.28795345458707     -4.04478893887496      h
    0.01239589834073     -3.41479382789770     -4.04871795180132      h
   -0.13956654834066     -5.73482243584747      0.00000000000000      h
    0.01239589834073     -3.41479382789770      4.04871795180132      h
    0.04323385786455      1.28795345458707      4.04478893887496      h
    0.49539997572078      4.82729106475883      0.00000000000000      s
   -0.31626084489908      5.84213253923255     -2.44392750160636      o
   -0.31626084489908      5.84213253923255      2.44392750160636      o
  0.50352881935884D-02  0.47484364824868D-03  0.00000000000000D+00
  -.32368245532415D-02  0.36850559448376D-03  0.17253787111082D-03
  0.12629763708830D-02  -.16701188380264D-03  0.16021971262958D-03
  0.72694755117608D-03  0.19495951733717D-03  0.00000000000000D+00
  0.12629763708830D-02  -.16701188380264D-03  -.16021971262958D-03
  -.32368245532415D-02  0.36850559448376D-03  -.17253787111082D-03
  -.88348565045357D-03  -.40389586958567D-04  0.77948859072308D-04
  0.15949139069318D-02  0.77823303526681D-04  0.55398090168413D-04
  -.21873492073023D-02  0.14011390084434D-03  0.00000000000000D+00
  0.15949139069318D-02  0.77823303526681D-04  -.55398090168413D-04
  -.88348565045357D-03  -.40389586958567D-04  -.77948859072308D-04
  -.93628228623466D-02  -.98351999710644D-04  0.00000000000000D+00
  0.41730714421653D-02  -.57515852831358D-03  -.31590881712455D-02
  0.41730714421653D-02  -.57515852831358D-03  0.31590881712455D-02
  cycle =     16    SCF energy =     -779.8040374231   |dE/dxyz| =  0.038792
    0.41650449123152      1.51078227101859      0.00000000000000      c
    0.35538206244801      0.22639606978837     -2.30059482041374      c
   -0.00622454232548     -2.36801250159702     -2.28022730977326      c
   -0.24357406162385     -3.65270611115382      0.00000000000000      c
   -0.00622454232548     -2.36801250159702      2.28022730977326      c
    0.35538206244801      0.22639606978837      2.30059482041374      c
    0.67438602248583      1.24966987038961     -4.04358314716897      h
   -0.15446270514252     -3.38405588508825     -4.05155662460620      h
   -0.58403520284065     -5.67012150767759      0.00000000000000      h
   -0.15446270514252     -3.38405588508825      4.05155662460620      h
    0.67438602248583      1.24966987038961      4.04358314716897      h
    0.24114009059335      4.85789075113667      0.00000000000000      s
   -0.78409849614602      5.75307974484538     -2.38002136916727      o
   -0.78409849614602      5.75307974484538      2.38002136916727      o
  0.93294159760341D-02  0.12019560354357D-01  0.00000000000000D+00
  -.35218021574308D-02  -.23273542386484D-02  -.40953108463460D-02
  -.66413736058843D-03  0.21149281236177D-03  -.12563286972318D-02
  0.14481581276959D-03  -.26023201580898D-02  0.00000000000000D+00
  -.66413736058843D-03  0.21149281236177D-03  0.12563286972318D-02
  -.35218021574308D-02  -.23273542386484D-02  0.40953108463460D-02
  0.68578357265219D-02  -.53276171717775D-03  0.43277030191868D-03
  -.16691583924499D-02  -.17893028334365D-03  -.36816159340902D-03
  -.78811751933194D-04  0.14536894151113D-03  0.00000000000000D+00
  -.16691583924499D-02  -.17893028334365D-03  0.36816159340902D-03
  0.68578357265219D-02  -.53276171717775D-03  -.43277030191868D-03
  -.24063984853823D-01  -.59952008461814D-02  0.00000000000000D+00
  0.63213049750561D-02  0.99838078819792D-03  0.14059267512493D-01
  0.63213049750561D-02  0.99838078819792D-03  -.14059267512493D-01
  cycle =     17    SCF energy =     -779.8062255489   |dE/dxyz| =  0.027033
    0.37526734018177      1.50505084955687      0.00000000000000      c
    0.31603108387577      0.22692308785621     -2.29846366212522      c
   -0.00359609416953     -2.37198569648404     -2.27918492176246      c
   -0.21714295310267     -3.65974066350920      0.00000000000000      c
   -0.00359609416953     -2.37198569648404      2.27918492176246      c
    0.31603108387577      0.22692308785621      2.29846366212522      c
    0.57179149982588      1.26175929252201     -4.04455121444323      h
   -0.13038815330328     -3.39019990548984     -4.05035880578933      h
   -0.51889623598662     -5.68346369504085      0.00000000000000      h
   -0.13038815330328     -3.39019990548984      4.05035880578933      h
    0.57179149982588      1.26175929252201      4.04455121444323      h
    0.29296184655819      4.86080259613093      0.00000000000000      s
   -0.71993333505417      5.76217867802681     -2.39452416387739      o
   -0.71993333505417      5.76217867802681      2.39452416387739      o
  0.73161414648533D-02  0.88921810576554D-02  0.00000000000000D+00
  -.29146914816592D-02  -.20968285618355D-02  -.25307571080302D-02
  -.16893574084731D-03  0.32773195953828D-03  -.77868356999389D-03
  -.46879254155252D-03  -.16671219670190D-02  0.00000000000000D+00
  -.16893574084731D-03  0.32773195953828D-03  0.77868356999389D-03
  -.29146914816592D-02  -.20968285618355D-02  0.25307571080302D-02
  0.51054721620754D-02  -.23328746015816D-03  0.23761933309596D-03
  -.10767073529596D-02  -.14580989165636D-03  -.23751508006553D-03
  0.41861668131915D-05  0.10157155457424D-03  0.00000000000000D+00
  -.10767073529596D-02  -.14580989165636D-03  0.23751508006553D-03
  0.51054721620754D-02  -.23328746015816D-03  -.23761933309596D-03
  -.17175742206526D-01  -.59898615955696D-02  0.00000000000000D+00
  0.42065243349443D-02  0.14403649281021D-02  0.80575165303669D-02
  0.42065243349443D-02  0.14403649281021D-02  -.80575165303669D-02
  cycle =     18    SCF energy =     -779.8089160129   |dE/dxyz| =  0.004803
    0.29130285289788      1.49493371632279      0.00000000000000      c
    0.23442004843556      0.23098059766102     -2.29584393202048      c
    0.00304074368050     -2.37687330414001     -2.27834019169504      c
   -0.14693993736423     -3.67059185514677      0.00000000000000      c
    0.00304074368050     -2.37687330414001      2.27834019169504      c
    0.23442004843556      0.23098059766102      2.29584393202048      c
    0.34698248309879      1.28422633598733     -4.04502343707509      h
   -0.10098484968773     -3.39694485443881     -4.04902209475977      h
   -0.35976459520620     -5.70596351407502      0.00000000000000      h
   -0.10098484968773     -3.39694485443881      4.04902209475977      h
    0.34698248309879      1.28422633598733      4.04502343707509      h
    0.42398858238638      4.86717582029041      0.00000000000000      s
   -0.58775187688403      5.76583414123478     -2.41314639471836      o
   -0.58775187688403      5.76583414123478      2.41314639471836      o
  0.14301874172977D-02  0.22953627608491D-02  0.00000000000000D+00
  -.93694672754341D-03  -.64081798124960D-03  -.64288029065107D-04
  0.93194924278406D-03  0.17852923036443D-03  -.19135837199435D-03
  -.14019168171882D-02  -.75489341716306D-04  0.00000000000000D+00
  0.93194924278406D-03  0.17852923036443D-03  0.19135837199435D-03
  -.93694672754341D-03  -.64081798124960D-03  0.64288029065107D-04
  0.14616088231081D-02  0.20676439191958D-04  0.94147888887175D-05
  -.48430262793576D-03  -.11520690398337D-05  -.13989951073823D-04
  0.21346296516289D-04  0.41936431473988D-04  0.00000000000000D+00
  -.48430262793576D-03  -.11520690398337D-05  0.13989951073823D-04
  0.14616088231081D-02  0.20676439191958D-04  -.94147888887175D-05
  -.14672588855760D-02  -.13267257600438D-02  0.00000000000000D+00
  -.27471609147067D-03  -.58218391390863D-04  0.50290091432181D-03
  -.27471609147067D-03  -.58218391390863D-04  -.50290091432181D-03
  cycle =     19    SCF energy =     -779.8089683784   |dE/dxyz| =  0.011501
    0.16468476747648      1.48864519934895      0.00000000000000      c
    0.09675604795917      0.22938629844061     -2.29609739501664      c
   -0.00424490601493     -2.38612559626780     -2.27784063555724      c
   -0.04171840144840     -3.68780950758826      0.00000000000000      c
   -0.00424490601493     -2.38612559626780      2.27784063555724      c
    0.09675604795917      0.22938629844061      2.29609739501664      c
    0.11723428602807      1.28850015045445     -4.04465711851490      h
   -0.08264737552537     -3.40818804029046     -4.04841539096475      h
   -0.10488563043651     -5.73340685128261      0.00000000000000      h
   -0.08264737552537     -3.40818804029046      4.04841539096475      h
    0.11723428602807      1.28850015045445      4.04465711851490      h
    0.48860794206579      4.83601655001477      0.00000000000000      s
   -0.38044239127561      5.82470449241679     -2.43755107821237      o
   -0.38044239127561      5.82470449241679      2.43755107821237      o
  0.40370306206856D-02  -.16666017197942D-03  0.00000000000000D+00
  -.20645578748790D-02  0.49682987182820D-03  0.53285498845179D-03
  0.12435919184964D-02  0.27441441696485D-03  0.25340015302033D-03
  -.13917482798093D-03  0.16702430624482D-03  0.00000000000000D+00
  0.12435919184964D-02  0.27441441696485D-03  -.25340015302033D-03
  -.20645578748790D-02  0.49682987182820D-03  -.53285498845179D-03
  0.67608768647004D-05  -.11149147090173D-03  0.48083595304504D-04
  -.51084862251519D-03  0.13173331691174D-03  0.36877742827568D-04
  0.41006509477937D-03  -.10207607067381D-04  0.00000000000000D+00
  -.51084862251519D-03  0.13173331691174D-03  -.36877742827568D-04
  0.67608768647004D-05  -.11149147090173D-03  -.48083595304504D-04
  -.72471798862956D-02  -.27605630470582D-02  0.00000000000000D+00
  0.28124761774273D-02  0.61890745430926D-03  -.35684287014766D-02
  0.28124761774273D-02  0.61890745430926D-03  0.35684287014766D-02
  cycle =     20    SCF energy =     -779.8093220526   |dE/dxyz| =  0.002157
    0.21189810646328      1.49157144615866      0.00000000000000      c
    0.15831342248402      0.23058130234901     -2.29636213262207      c
   -0.00487396720934     -2.38311836917148     -2.27835724778600      c
   -0.08945758385808     -3.68210761525025      0.00000000000000      c
   -0.00487396720934     -2.38311836917148      2.27835724778600      c
    0.15831342248402      0.23058130234901      2.29636213262207      c
    0.21325455807371      1.28771059883672     -4.04562766571768      h
   -0.07799496243633     -3.40590942018217     -4.04896318037009      h
   -0.22705554230839     -5.72412418255188      0.00000000000000      h
   -0.07799496243633     -3.40590942018217      4.04896318037009      h
    0.21325455807371      1.28771059883672      4.04562766571768      h
    0.48415696196897      4.85897824038095      0.00000000000000      s
   -0.47847002204495      5.79857694379920     -2.42020997518709      o
   -0.47847002204495      5.79857694379920      2.42020997518709      o
  0.28975291120226D-03  0.29100823336758D-03  0.00000000000000D+00
  -.49558947889014D-03  0.22951766625456D-03  0.33381445635694D-04
  0.24600701774932D-03  -.80337228872907D-04  -.14389745366383D-05
  -.64079988551596D-04  0.35980054353679D-04  0.00000000000000D+00
  0.24600701774932D-03  -.80337228872907D-04  0.14389745366383D-05
  -.49558947889014D-03  0.22951766625456D-03  -.33381445635694D-04
  0.34608738399929D-03  -.63747897638550D-04  0.32607254010220D-05
  -.17091896346667D-04  -.34400415189761D-05  -.13687464072820D-04
  -.27913232526372D-03  0.66198620092273D-05  0.00000000000000D+00
  -.17091896346667D-04  -.34400415189761D-05  0.13687464072820D-04
  0.34608738399929D-03  -.63747897638550D-04  -.32607254010220D-05
  0.73198176963629D-03  0.32933046501782D-03  0.00000000000000D+00
  -.42034153757964D-03  -.42280065042011D-03  -.10162440215975D-02
  -.42034153757964D-03  -.42280065042011D-03  0.10162440215975D-02
  cycle =     21    SCF energy =     -779.8093335405   |dE/dxyz| =  0.001325
    0.18201957668066      1.49021756749295      0.00000000000000      c
    0.13199794349257      0.22859282229590     -2.29656521397459      c
   -0.01092422889453     -2.38631644413692     -2.27835041808308      c
   -0.06989916624524     -3.68677915656716      0.00000000000000      c
   -0.01092422889453     -2.38631644413692      2.27835041808308      c
    0.13199794349257      0.22859282229590      2.29656521397459      c
    0.16923631730531      1.28670437950504     -4.04580626467520      h
   -0.08025897083915     -3.40949483711558     -4.04886908655714      h
   -0.15959072119348     -5.73142680434383      0.00000000000000      h
   -0.08025897083915     -3.40949483711558      4.04886908655714      h
    0.16923631730531      1.28670437950504      4.04580626467520      h
    0.50112160168991      4.85399265612136      0.00000000000000      s
   -0.43687670653012      5.81751194809992     -2.41890601203884      o
   -0.43687670653012      5.81751194809992      2.41890601203884      o
  -.25893871618776D-03  0.18069626135375D-03  0.00000000000000D+00
  -.16248266904523D-04  0.96641577358003D-04  -.38732524167084D-04
  -.18704713430184D-03  -.84986142300014D-04  -.10134628882774D-04
  0.19505560873179D-03  -.13117954109632D-04  0.00000000000000D+00
  -.18704713430184D-03  -.84986142300014D-04  0.10134628882774D-04
  -.16248266904523D-04  0.96641577358003D-04  0.38732524167084D-04
  -.48602708159033D-04  -.42915613113981D-04  -.28490480694643D-05
  -.19206740425967D-03  0.36710659901962D-05  -.50531239743634D-05
  0.69217507718200D-03  -.34287957827672D-04  0.00000000000000D+00
  -.19206740425967D-03  0.36710659901962D-05  0.50531239743634D-05
  -.48602708159033D-04  -.42915613113981D-04  0.28490480694643D-05
  -.45917979817034D-03  -.19587267769516D-03  0.00000000000000D+00
  0.36984449068633D-03  0.60991451032333D-04  -.45698209987943D-03
  0.36984449068633D-03  0.60991451032333D-04  0.45698209987943D-03
  cycle =     22    SCF energy =     -779.8093428970   |dE/dxyz| =  0.000873
    0.19771846225523      1.49040210631706      0.00000000000000      c
    0.14926936177908      0.22873092382521     -2.29648271803729      c
   -0.00540284721764     -2.38543488518851     -2.27836593803883      c
   -0.08222798022801     -3.68498219884845      0.00000000000000      c
   -0.00540284721764     -2.38543488518851      2.27836593803883      c
    0.14926936177908      0.22873092382521      2.29648271803729      c
    0.19042750119904      1.28679188619576     -4.04568588151003      h
   -0.07390160216968     -3.40854753721702     -4.04894494347853      h
   -0.20624248846505     -5.72784137877305      0.00000000000000      h
   -0.07390160216968     -3.40854753721702      4.04894494347853      h
    0.19042750119904      1.28679188619576      4.04568588151003      h
    0.48952355652015      4.85692988237016      0.00000000000000      s
   -0.45977818863196      5.81120540685172     -2.41820362405814      o
   -0.45977818863196      5.81120540685172      2.41820362405814      o
  0.32789065842476D-04  0.21356526411642D-03  0.00000000000000D+00
  0.11731824685257D-03  -.90592369186293D-05  -.31411091037992D-04
  0.15052023620524D-03  -.53650021909935D-04  -.17697926390614D-04
  -.24704619635818D-03  0.42830505817548D-05  0.00000000000000D+00
  0.15052023620524D-03  -.53650021909935D-04  0.17697926390614D-04
  0.11731824685257D-03  -.90592369186293D-05  0.31411091037992D-04
  0.12395087179623D-04  -.23442850945687D-04  0.71786974356058D-05
  0.75328569666043D-04  0.69215361366837D-05  0.10925982860677D-05
  -.32957444283392D-03  0.12045076081102D-04  0.00000000000000D+00
  0.75328569666043D-04  0.69215361366837D-05  -.10925982860677D-05
  0.12395087179623D-04  -.23442850945687D-04  -.71786974356058D-05
  -.21983712135665D-03  0.21154543946800D-03  0.00000000000000D+00
  0.31951530440111D-04  -.14465349968162D-03  -.39635067866861D-03
  0.31951530440111D-04  -.14465349968162D-03  0.39635067866861D-03
  cycle =     23    SCF energy =     -779.8093452991   |dE/dxyz| =  0.000509
    0.19519495801242      1.49008719331704      0.00000000000000      c
    0.14539219721466      0.22860107438363     -2.29651354787822      c
   -0.00689179010042     -2.38566934663219     -2.27838166127033      c
   -0.07861761430989     -3.68549716929486      0.00000000000000      c
   -0.00689179010042     -2.38566934663219      2.27838166127033      c
    0.14539219721466      0.22860107438363      2.29651354787822      c
    0.18655363008875      1.28677432526565     -4.04569109557713      h
   -0.07655390741863     -3.40877016126266     -4.04893309325175      h
   -0.19529791949708     -5.72877413295864      0.00000000000000      h
   -0.07655390741863     -3.40877016126266      4.04893309325175      h
    0.18655363008875      1.28677432526565      4.04569109557713      h
    0.49336702539933      4.85642746699306      0.00000000000000      s
   -0.45582335458674      5.81294242921728     -2.41699654245959      o
   -0.45582335458674      5.81294242921728      2.41699654245959      o
  -.11544649159756D-04  0.14225427382186D-03  0.00000000000000D+00
  -.93613935392173D-04  0.42396449806414D-04  -.34168356433106D-05
  -.91973058990225D-04  -.28775796208524D-04  -.29556100054506D-04
  0.26953494498816D-03  -.36983832990334D-04  0.00000000000000D+00
  -.91973058990225D-04  -.28775796208524D-04  0.29556100054506D-04
  -.93613935392173D-04  0.42396449806414D-04  0.34168356433106D-05
  0.23759233782276D-04  -.30400406094255D-04  -.17626907110602D-04
  -.11665695358611D-03  -.51870068592530D-05  -.12880028837703D-04
  0.23665078483964D-03  -.90102504031186D-05  0.00000000000000D+00
  -.11665695358611D-03  -.51870068592530D-05  0.12880028837703D-04
  0.23759233782276D-04  -.30400406094255D-04  0.17626907110602D-04
  -.21831252670523D-04  0.53860179448861D-04  0.00000000000000D+00
  0.49007338448703D-04  -.56368455572997D-04  -.10230438225545D-03
  0.49007338448703D-04  -.56368455572997D-04  0.10230438225545D-03
  cycle =     24    SCF energy =     -779.8093455109   |dE/dxyz| =  0.000413
    0.19476057427267      1.48987146648520      0.00000000000000      c
    0.14560873130567      0.22848346612081     -2.29651928293672      c
   -0.00677481799614     -2.38574750345366     -2.27838246392036      c
   -0.07995250389409     -3.68548563919962      0.00000000000000      c
   -0.00677481799614     -2.38574750345366      2.27838246392036      c
    0.14560873130567      0.22848346612081      2.29651928293672      c
    0.18704641785020      1.28676660469228     -4.04563635821362      h
   -0.07439556640546     -3.40897021408286     -4.04893049190759      h
   -0.19817496587631     -5.72867711130959      0.00000000000000      h
   -0.07439556640546     -3.40897021408286      4.04893049190759      h
    0.18704641785020      1.28676660469228      4.04563635821362      h
    0.49306001921119      4.85636049820720      0.00000000000000      s
   -0.45633132661099      5.81343303963185     -2.41659870027220      o
   -0.45633132661099      5.81343303963185      2.41659870027220      o
  -.12678533095367D-03  0.82200850730629D-04  0.00000000000000D+00
  0.86964325420880D-05  0.26810017492274D-04  0.37357740354516D-05
  0.44766596485002D-04  -.16956793286393D-04  -.25134783542935D-04
  -.19031552312238D-03  -.13538709730643D-04  0.00000000000000D+00
  0.44766596485002D-04  -.16956793286393D-04  0.25134783542935D-04
  0.86964325420880D-05  0.26810017492274D-04  -.37357740354516D-05
  0.28823048125876D-04  -.22271519729861D-04  -.17081766504390D-04
  0.16485566155086D-03  -.16447380418727D-04  -.89454833678282D-05
  -.18039044100260D-03  0.14095591141849D-04  0.00000000000000D+00
  0.16485566155086D-03  -.16447380418727D-04  0.89454833678282D-05
  0.28823048125876D-04  -.22271519729861D-04  0.17081766504390D-04
  -.58006773178576D-04  0.49028952549435D-04  0.00000000000000D+00
  0.37859016902786D-04  -.40473307125755D-04  -.23967026927529D-04
  0.37859016902786D-04  -.40473307125755D-04  0.23967026927529D-04
  cycle =     25    SCF energy =     -779.8093448459   |dE/dxyz| =  0.000620
    0.19890743558081      1.48956807350580      0.00000000000000      c
    0.14862534068999      0.22838349491618     -2.29648379711979      c
   -0.00628691542249     -2.38561485274305     -2.27834869479482      c
   -0.07974992550388     -3.68532175484378      0.00000000000000      c
   -0.00628691542249     -2.38561485274305      2.27834869479482      c
    0.14862534068999      0.22838349491618      2.29648379711979      c
    0.18829731616587      1.28696853480512     -4.04546165875373      h
   -0.07804190156510     -3.40856219789522     -4.04885447333916      h
   -0.19868513647289     -5.72847733693320      0.00000000000000      h
   -0.07804190156510     -3.40856219789522      4.04885447333916      h
    0.18829731616587      1.28696853480512      4.04546165875373      h
    0.49253004146021      4.85666718986663      0.00000000000000      s
   -0.45909504740040      5.81260693511926     -2.41607578008525      o
   -0.45909504740040      5.81260693511926      2.41607578008525      o
  0.27730774039703D-03  0.46337945356356D-05  0.00000000000000D+00
  0.19063438207156D-03  -.55109848715595D-05  0.42415301370724D-04
  0.47019003992121D-04  0.65884408493311D-05  -.19013688335567D-04
  0.42562020840936D-04  -.10672520629029D-04  0.00000000000000D+00
  0.47019003992121D-04  0.65884408493311D-05  0.19013688335567D-04
  0.19063438207156D-03  -.55109848715595D-05  -.42415301370724D-04
  -.65331146284139D-04  -.14838940152972D-04  -.14509216282432D-04
  -.24664355121868D-03  0.12921082178430D-04  -.21256657622981D-05
  -.15728638219581D-04  0.76025360796761D-05  0.00000000000000D+00
  -.24664355121868D-03  0.12921082178430D-04  0.21256657622981D-05
  -.65331146284139D-04  -.14838940152972D-04  0.14509216282432D-04
  0.91485242172951D-05  0.20962114894374D-03  0.00000000000000D+00
  -.75628217750090D-04  -.10932982948253D-03  0.79624494068398D-04
  -.75628217750090D-04  -.10932982948253D-03  -.79624494068398D-04
  cycle =     26    SCF energy =     -779.8093455891   |dE/dxyz| =  0.000318
    0.19557881793503      1.48960965638894      0.00000000000000      c
    0.14596454444423      0.22837409460340     -2.29650638519024      c
   -0.00668803546088     -2.38577620300440     -2.27835034994007      c
   -0.07936559163166     -3.68553274558587      0.00000000000000      c
   -0.00668803546088     -2.38577620300440      2.27835034994007      c
    0.14596454444423      0.22837409460340      2.29650638519024      c
    0.18650913750550      1.28690539087198     -4.04548649689133      h
   -0.07567196496028     -3.40889283815612     -4.04886722999836      h
   -0.19696875731567     -5.72877290568563      0.00000000000000      h
   -0.07567196496028     -3.40889283815612      4.04886722999836      h
    0.18650913750550      1.28690539087198      4.04548649689133      h
    0.49328852614041      4.85624517633304      0.00000000000000      s
   -0.45638017909263      5.81361496495992     -2.41635156338657      o
   -0.45638017909263      5.81361496495992      2.41635156338657      o
  -.16929847101466D-03  0.67716282881491D-04  0.00000000000000D+00
  -.48591169040269D-04  0.13317335378238D-04  0.22826840679890D-04
  -.15976511360066D-04  0.17712016173732D-05  -.91663955275045D-05
  0.73795436995594D-05  -.20587345925804D-05  0.00000000000000D+00
  -.15976511360066D-04  0.17712016173732D-05  0.91663955275045D-05
  -.48591169040269D-04  0.13317335378238D-04  -.22826840679890D-04
  0.14079069907365D-04  -.20501185819199D-04  -.14475321889806D-04
  0.89540456261819D-04  -.80329271441304D-05  -.13254184323408D-05
  0.38095864222737D-04  -.69051950966070D-05  0.00000000000000D+00
  0.89540456261819D-04  -.80329271441304D-05  0.13254184323408D-05
  0.14079069907365D-04  -.20501185819199D-04  0.14475321889806D-04
  -.13550696860065D-03  -.59038840326764D-04  0.00000000000000D+00
  0.98032486907762D-04  0.99785490950133D-05  -.94434394704024D-05
  0.98032486907762D-04  0.99785490950133D-05  0.94434394704024D-05
  cycle =     27    SCF energy =     -779.8093458213   |dE/dxyz| =  0.000125
    0.19583069294835      1.48959434745408      0.00000000000000      c
    0.14611216717282      0.22837834707729     -2.29650976043156      c
   -0.00671378986274     -2.38576153223007     -2.27835240416236      c
   -0.07945158213934     -3.68551154708413      0.00000000000000      c
   -0.00671378986274     -2.38576153223007      2.27835240416236      c
    0.14611216717282      0.22837834707729      2.29650976043156      c
    0.18673210176751      1.28692620074325     -4.04547778981402      h
   -0.07577350710631     -3.40887531801650     -4.04886753087818      h
   -0.19711931753032     -5.72874719332632      0.00000000000000      h
   -0.07577350710631     -3.40887531801650      4.04886753087818      h
    0.18673210176751      1.28692620074325      4.04547778981402      h
    0.49328428081578      4.85628119072536      0.00000000000000      s
   -0.45662900901852      5.81352390354157     -2.41630927706586      o
   -0.45662900901852      5.81352390354157      2.41630927706586      o
  -.23615557024570D-04  0.42630896512463D-04  0.00000000000000D+00
  -.75180358334315D-05  -.42523154838436D-04  0.37578977485353D-05
  0.10663773684971D-04  0.11180121850529D-04  -.43477966371608D-06
  -.10846490677341D-04  -.83565699249277D-06  0.00000000000000D+00
  0.10663773684971D-04  0.11180121850529D-04  0.43477966371608D-06
  -.75180358334315D-05  -.42523154838436D-04  -.37578977485353D-05
  0.14001589098034D-04  -.27354653642231D-06  0.42940287972026D-05
  0.13884061169873D-04  0.13660301146246D-04  0.10156165154873D-04
  -.17353948152055D-04  -.69555459241144D-05  0.00000000000000D+00
  0.13884061169873D-04  0.13660301146246D-04  -.10156165154873D-04
  0.14001589098034D-04  -.27354653642231D-06  -.42940287972026D-05
  -.40968297369659D-04  0.29034364797731D-04  0.00000000000000D+00
  0.22714562920800D-04  -.17713148369403D-04  -.38893369069370D-04
  0.22714562920800D-04  -.17713148369403D-04  0.38893369069370D-04
$end
