$hessian (projected)
 1  1   0.1216265910   0.0189436963   0.0000000000  -0.0596295259  -0.0052851545
 1  2  -0.0036205325   0.0069994159  -0.0019927842  -0.0024770745  -0.0057380041
 1  3   0.0001036494   0.0000000000   0.0069994159  -0.0019927842   0.0024770745
 1  4  -0.0596295259  -0.0052851545   0.0036205325   0.0032105590   0.0004534446
 1  5   0.0004454907   0.0071308122  -0.0009403686   0.0000256346  -0.0004557555
 1  6   0.0000535289   0.0000000000   0.0071308122  -0.0009403686  -0.0000256346
 1  7   0.0032105590   0.0004534446  -0.0004454907  -0.0490923643  -0.0342758274
 1  8   0.0000000000   0.0091185053   0.0153523390  -0.0026560661   0.0091185053
 1  9   0.0153523390   0.0026560661
 2  1   0.0189436963   0.4771680259   0.0000000000  -0.0048112862  -0.1480969295
 2  2  -0.1099420353  -0.0027193466  -0.0335601742  -0.0254064701   0.0001380594
 2  3  -0.0006005668   0.0000000000  -0.0027193466  -0.0335601742   0.0254064701
 2  4  -0.0048112862  -0.1480969295   0.1099420353   0.0005468981   0.0117914726
 2  5   0.0136361260  -0.0005368313  -0.0052063068   0.0002588307   0.0002164051
 2  6   0.0009532975   0.0000000000  -0.0005368313  -0.0052063068  -0.0002588307
 2  7   0.0005468981   0.0117914726  -0.0136361260   0.0120400550  -0.1135775326
 2  8   0.0000000000  -0.0081485419  -0.0068996741   0.0057400788  -0.0081485419
 2  9  -0.0068996741  -0.0057400788
 3  1   0.0000000000   0.0000000000   0.6993735037  -0.0024652874  -0.0633628093
 3  2  -0.2943654297  -0.0038292451  -0.0780312647   0.0305612575   0.0000000000
 3  3   0.0000000000  -0.0683400078   0.0038292451   0.0780312647   0.0305612575
 3  4   0.0024652874   0.0633628093  -0.2943654297  -0.0003745688  -0.0130703294
 3  5  -0.0190098206  -0.0001931211   0.0005973843   0.0017591553   0.0000000000
 3  6   0.0000000000  -0.0017373038   0.0001931211  -0.0005973843   0.0017591553
 3  7   0.0003745688   0.0130703294  -0.0190098206   0.0000000000   0.0000000000
 3  8  -0.0519707947   0.0006171215   0.0260797262  -0.0076078613  -0.0006171215
 3  9  -0.0260797262  -0.0076078613
 4  1  -0.0596295259  -0.0048112862  -0.0024652874   0.1368081574   0.0314934694
 4  2  -0.0008324274  -0.0636036363  -0.0183600895  -0.0015904604   0.0055482103
 4  3  -0.0016356249   0.0033388228  -0.0044315430  -0.0021559179  -0.0014513693
 4  4   0.0065790435   0.0027925830  -0.0022984825  -0.0390127350  -0.0044903330
 4  5   0.0053113491   0.0041356884  -0.0011402067   0.0001703982   0.0069878237
 4  6  -0.0003782503   0.0001695067  -0.0010089038   0.0000143963  -0.0000406625
 4  7   0.0061119874  -0.0003698693   0.0002980929  -0.0007520828  -0.0018269030
 4  8  -0.0020953289   0.0010005360  -0.0000797800   0.0003710357   0.0012669800
 4  9   0.0009478123   0.0011148131
 5  1  -0.0052851545  -0.1480969295  -0.0633628093   0.0314934694   0.6918390174
 5  2  -0.0429858772  -0.0170631922  -0.3474919679  -0.0338822785  -0.0017677301
 5  3  -0.0276251771   0.0779590144  -0.0029167264  -0.0512780391  -0.0289773680
 5  4   0.0027925830   0.0616735313  -0.0216843288  -0.0042415452  -0.1328665395
 5  5   0.1258665520  -0.0008084301  -0.0116138960   0.0025014782  -0.0004547562
 5  6   0.0003528538   0.0029831261  -0.0000722291  -0.0009201040  -0.0010060201
 5  7  -0.0001263811  -0.0015160100   0.0038586097  -0.0052656506  -0.0278942247
 5  8  -0.0158492608   0.0009128653   0.0003203470  -0.0017058408   0.0028028778
 5  9  -0.0048828618  -0.0037149970
 6  1  -0.0036205325  -0.1099420353  -0.2943654297  -0.0008324274  -0.0429858772
 6  2   0.7249105473   0.0020682510   0.0361281703  -0.1262152967   0.0022148206
 6  3   0.0302074607   0.0357001429  -0.0021145730  -0.0315000657  -0.0169178294
 6  4   0.0022984825   0.0216843288  -0.0563674025   0.0036454258   0.1273398105
 6  5  -0.2698755973  -0.0019075360  -0.0281676574   0.0040177256   0.0000583437
 6  6   0.0030831035  -0.0045484511  -0.0002553028  -0.0009039042   0.0001236804
 6  7   0.0002847913   0.0037043656  -0.0030218389  -0.0012544507  -0.0141070538
 6  8   0.0082725234  -0.0006873569   0.0005738312  -0.0036513527   0.0001020642
 6  9   0.0048855230   0.0019385786
 7  1   0.0069994159  -0.0027193466  -0.0038292451  -0.0636036363  -0.0170631922
 7  2   0.0020682510   0.1367125364   0.0326993149   0.0040915600  -0.0637866186
 7  3  -0.0065089523   0.0024452971   0.0062813853   0.0039064504   0.0013091774
 7  4  -0.0044315430  -0.0029167264   0.0021145730   0.0047461164  -0.0005695326
 7  5  -0.0003148281  -0.0390850829  -0.0057840130  -0.0084126068   0.0049238370
 7  6  -0.0009242227   0.0015945895   0.0069342497  -0.0004533397  -0.0001676443
 7  7  -0.0012428202   0.0000151209   0.0000036612   0.0073960594   0.0028422416
 7  8  -0.0012446232  -0.0005740485  -0.0008845028   0.0005557655  -0.0012698508
 7  9  -0.0016392996  -0.0002139272
 8  1  -0.0019927842  -0.0335601742  -0.0780312647  -0.0183600895  -0.3474919679
 8  2   0.0361281703   0.0326993149   0.6925390406   0.0337224826  -0.0069240617
 8  3  -0.1814370491   0.0574890229   0.0039064504   0.0677983793   0.0227195684
 8  4  -0.0021559179  -0.0512780391   0.0315000657  -0.0005765460  -0.0093423125
 8  5  -0.0025448730  -0.0057434992  -0.1290993521  -0.1227643692  -0.0007831832
 8  6  -0.0108173012   0.0281455404  -0.0005599607  -0.0007779350  -0.0038699716
 8  7  -0.0001359120  -0.0009234809   0.0007244891   0.0013809163   0.0057649806
 8  8  -0.0048075312   0.0004778114   0.0001007042   0.0012604553  -0.0012325386
 8  9  -0.0014754926   0.0003282151
 9  1  -0.0024770745  -0.0254064701   0.0305612575  -0.0015904604  -0.0338822785
 9  2  -0.1262152967   0.0040915600   0.0337224826   0.7292260008   0.0069906254
 9  3   0.1252199057  -0.2920522056  -0.0013091774  -0.0227195684  -0.0575686802
 9  4   0.0014513693   0.0289773680  -0.0169178294   0.0019645007   0.0268291956
 9  5   0.0056398851  -0.0085578911  -0.1228386048  -0.2711068058  -0.0002472674
 9  6  -0.0028615620   0.0046646162  -0.0002380798  -0.0034233169  -0.0031878574
 9  7   0.0001735526   0.0008354832   0.0003484978  -0.0017275669  -0.0035635418
 9  8  -0.0042299427   0.0005029026   0.0009975580   0.0015725545   0.0009730069
 9  9  -0.0018866507  -0.0007341943
10  1  -0.0057380041   0.0001380594   0.0000000000   0.0055482103  -0.0017677301
10  2   0.0022148206  -0.0637866186  -0.0069240617   0.0069906254   0.1417925568
10  3   0.0347666885   0.0000000000  -0.0637866186  -0.0069240617  -0.0069906254
10  4   0.0055482103  -0.0017677301  -0.0022148206   0.0074706197  -0.0006807319
10  5  -0.0001839156   0.0041280137   0.0004954036  -0.0010400785  -0.0416006151
10  6  -0.0172333139   0.0000000000   0.0041280137   0.0004954036   0.0010400785
10  7   0.0074706197  -0.0006807319   0.0001839156  -0.0012866673  -0.0003027997
10  8   0.0000000000   0.0000561397   0.0001928030  -0.0001656457   0.0000561397
10  9   0.0001928030   0.0001656457
11  1   0.0001036494  -0.0006005668   0.0000000000  -0.0016356249  -0.0276251771
11  2   0.0302074607  -0.0065089523  -0.1814370491   0.1252199057   0.0347666885
11  3   0.7469355394   0.0000000000  -0.0065089523  -0.1814370491  -0.1252199057
11  4  -0.0016356249  -0.0276251771  -0.0302074607  -0.0009820902  -0.0053759267
11  5  -0.0009491039   0.0003501489   0.0118595006  -0.0158804549  -0.0173619845
11  6  -0.3405512776   0.0000000000   0.0003501489   0.0118595006   0.0158804549
11  7  -0.0009820902  -0.0053759267   0.0009491039  -0.0006726326  -0.0007169813
11  8   0.0000000000   0.0003586581   0.0000452955  -0.0002063293   0.0003586581
11  9   0.0000452955   0.0002063293
12  1   0.0000000000   0.0000000000  -0.0683400078   0.0033388228   0.0779590144
12  2   0.0357001429   0.0024452971   0.0574890229  -0.2920522056   0.0000000000
12  3   0.0000000000   0.6769296597  -0.0024452971  -0.0574890229  -0.2920522056
12  4  -0.0033388228  -0.0779590144   0.0357001429   0.0000829700  -0.0009468172
12  5   0.0014698587   0.0011746222   0.0151752017  -0.0179687144   0.0000000000
12  6   0.0000000000  -0.0592549708  -0.0011746222  -0.0151752017  -0.0179687144
12  7  -0.0000829700   0.0009468172   0.0014698587   0.0000000000   0.0000000000
12  8  -0.0046512222   0.0008214803   0.0005010758   0.0005091889  -0.0008214803
12  9  -0.0005010758   0.0005091889
13  1   0.0069994159  -0.0027193466   0.0038292451  -0.0044315430  -0.0029167264
13  2  -0.0021145730   0.0062813853   0.0039064504  -0.0013091774  -0.0637866186
13  3  -0.0065089523  -0.0024452971   0.1367125364   0.0326993149  -0.0040915600
13  4  -0.0636036363  -0.0170631922  -0.0020682510  -0.0012428202   0.0000151209
13  5  -0.0000036612   0.0069342497  -0.0004533397   0.0001676443   0.0049238370
13  6  -0.0009242227  -0.0015945895  -0.0390850829  -0.0057840130   0.0084126068
13  7   0.0047461164  -0.0005695326   0.0003148281   0.0073960594   0.0028422416
13  8   0.0012446232  -0.0012698508  -0.0016392996   0.0002139272  -0.0005740485
13  9  -0.0008845028  -0.0005557655
14  1  -0.0019927842  -0.0335601742   0.0780312647  -0.0021559179  -0.0512780391
14  2  -0.0315000657   0.0039064504   0.0677983793  -0.0227195684  -0.0069240617
14  3  -0.1814370491  -0.0574890229   0.0326993149   0.6925390406  -0.0337224826
14  4  -0.0183600895  -0.3474919679  -0.0361281703  -0.0001359120  -0.0009234809
14  5  -0.0007244891  -0.0005599607  -0.0007779350   0.0038699716  -0.0007831832
14  6  -0.0108173012  -0.0281455404  -0.0057434992  -0.1290993521   0.1227643692
14  7  -0.0005765460  -0.0093423125   0.0025448730   0.0013809163   0.0057649806
14  8   0.0048075312  -0.0012325386  -0.0014754926  -0.0003282151   0.0004778114
14  9   0.0001007042  -0.0012604553
15  1   0.0024770745   0.0254064701   0.0305612575  -0.0014513693  -0.0289773680
15  2  -0.0169178294   0.0013091774   0.0227195684  -0.0575686802  -0.0069906254
15  3  -0.1252199057  -0.2920522056  -0.0040915600  -0.0337224826   0.7292260008
15  4   0.0015904604   0.0338822785  -0.1262152967  -0.0001735526  -0.0008354832
15  5   0.0003484978   0.0002380798   0.0034233169  -0.0031878574   0.0002472674
15  6   0.0028615620   0.0046646162   0.0085578911   0.1228386048  -0.2711068058
15  7  -0.0019645007  -0.0268291956   0.0056398851   0.0017275669   0.0035635418
15  8  -0.0042299427  -0.0009730069   0.0018866507  -0.0007341943  -0.0005029026
15  9  -0.0009975580   0.0015725545
16  1  -0.0596295259  -0.0048112862   0.0024652874   0.0065790435   0.0027925830
16  2   0.0022984825  -0.0044315430  -0.0021559179   0.0014513693   0.0055482103
16  3  -0.0016356249  -0.0033388228  -0.0636036363  -0.0183600895   0.0015904604
16  4   0.1368081574   0.0314934694   0.0008324274   0.0061119874  -0.0003698693
16  5  -0.0002980929  -0.0010089038   0.0000143963   0.0000406625   0.0069878237
16  6  -0.0003782503  -0.0001695067   0.0041356884  -0.0011402067  -0.0001703982
16  7  -0.0390127350  -0.0044903330  -0.0053113491  -0.0007520828  -0.0018269030
16  8   0.0020953289   0.0012669800   0.0009478123  -0.0011148131   0.0010005360
16  9  -0.0000797800  -0.0003710357
17  1  -0.0052851545  -0.1480969295   0.0633628093   0.0027925830   0.0616735313
17  2   0.0216843288  -0.0029167264  -0.0512780391   0.0289773680  -0.0017677301
17  3  -0.0276251771  -0.0779590144  -0.0170631922  -0.3474919679   0.0338822785
17  4   0.0314934694   0.6918390174   0.0429858772  -0.0001263811  -0.0015160100
17  5  -0.0038586097  -0.0000722291  -0.0009201040   0.0010060201  -0.0004547562
17  6   0.0003528538  -0.0029831261  -0.0008084301  -0.0116138960  -0.0025014782
17  7  -0.0042415452  -0.1328665395  -0.1258665520  -0.0052656506  -0.0278942247
17  8   0.0158492608   0.0028028778  -0.0048828618   0.0037149970   0.0009128653
17  9   0.0003203470   0.0017058408
18  1   0.0036205325   0.1099420353  -0.2943654297  -0.0022984825  -0.0216843288
18  2  -0.0563674025   0.0021145730   0.0315000657  -0.0169178294  -0.0022148206
18  3  -0.0302074607   0.0357001429  -0.0020682510  -0.0361281703  -0.1262152967
18  4   0.0008324274   0.0429858772   0.7249105473  -0.0002847913  -0.0037043656
18  5  -0.0030218389   0.0002553028   0.0009039042   0.0001236804  -0.0000583437
18  6  -0.0030831035  -0.0045484511   0.0019075360   0.0281676574   0.0040177256
18  7  -0.0036454258  -0.1273398105  -0.2698755973   0.0012544507   0.0141070538
18  8   0.0082725234  -0.0001020642  -0.0048855230   0.0019385786   0.0006873569
18  9  -0.0005738312  -0.0036513527
19  1   0.0032105590   0.0005468981  -0.0003745688  -0.0390127350  -0.0042415452
19  2   0.0036454258   0.0047461164  -0.0005765460   0.0019645007   0.0074706197
19  3  -0.0009820902   0.0000829700  -0.0012428202  -0.0001359120  -0.0001735526
19  4   0.0061119874  -0.0001263811  -0.0002847913   0.0264407722   0.0052709942
19  5  -0.0049739016  -0.0040612173   0.0002931778  -0.0000316969  -0.0001371728
19  6  -0.0000394890   0.0001211806  -0.0010327649   0.0000668991  -0.0000023700
19  7   0.0006397895  -0.0000189778   0.0000040747  -0.0033122327  -0.0012646611
19  8  -0.0000286331  -0.0002296409   0.0004634087  -0.0001345164   0.0004087395
19  9   0.0007442245   0.0001858790
20  1   0.0004534446   0.0117914726  -0.0130703294  -0.0044903330  -0.1328665395
20  2   0.1273398105  -0.0005695326  -0.0093423125   0.0268291956  -0.0006807319
20  3  -0.0053759267  -0.0009468172   0.0000151209  -0.0009234809  -0.0008354832
20  4  -0.0003698693  -0.0015160100  -0.0037043656   0.0052709942   0.1369277853
20  5  -0.1352175786   0.0002495236   0.0012127988  -0.0003380435  -0.0000123786
20  6  -0.0005083916   0.0012653749   0.0000457063   0.0000300301   0.0000768004
20  7  -0.0000189778   0.0006690590  -0.0008510627  -0.0001177825   0.0011152456
20  8  -0.0022525708   0.0002521670  -0.0012125690   0.0010194141  -0.0000273508
20  9  -0.0000011611   0.0006856555
21  1   0.0004454907   0.0136361260  -0.0190098206   0.0053113491   0.1258665520
21  2  -0.2698755973  -0.0003148281  -0.0025448730   0.0056398851  -0.0001839156
21  3  -0.0009491039   0.0014698587  -0.0000036612  -0.0007244891   0.0003484978
21  4  -0.0002980929  -0.0038586097  -0.0030218389  -0.0049739016  -0.1352175786
21  5   0.2848289356   0.0000834704   0.0002809001   0.0006408984   0.0000182108
21  6  -0.0002750449   0.0001688659   0.0000305349   0.0000774445  -0.0000159142
21  7  -0.0000040747   0.0008510627  -0.0007691856  -0.0002144493   0.0017433445
21  8  -0.0028322014   0.0002734008   0.0012544637   0.0018975495  -0.0001695333
21  9  -0.0001401942   0.0005300669
22  1   0.0071308122  -0.0005368313  -0.0001931211   0.0041356884  -0.0008084301
22  2  -0.0019075360  -0.0390850829  -0.0057434992  -0.0085578911   0.0041280137
22  3   0.0003501489   0.0011746222   0.0069342497  -0.0005599607   0.0002380798
22  4  -0.0010089038  -0.0000722291   0.0002553028  -0.0040612173   0.0002495236
22  5   0.0000834704   0.0260827208   0.0070571162   0.0090043129  -0.0035607801
22  6   0.0002487019  -0.0000420046  -0.0000057895   0.0000172006   0.0000498811
22  7  -0.0010327649   0.0000457063  -0.0000305349   0.0005401070  -0.0001175968
22  8   0.0001965156  -0.0000114185   0.0000375995  -0.0000198045  -0.0001856348
22  9  -0.0001674498  -0.0002512928
23  1  -0.0009403686  -0.0052063068   0.0005973843  -0.0011402067  -0.0116138960
23  2  -0.0281676574  -0.0057840130  -0.1290993521  -0.1228386048   0.0004954036
23  3   0.0118595006   0.0151752017  -0.0004533397  -0.0007779350   0.0034233169
23  4   0.0000143963  -0.0009201040   0.0009039042   0.0002931778   0.0012127988
23  5   0.0002809001   0.0070571162   0.1338240506   0.1315950975   0.0002339439
23  6   0.0007664265  -0.0005931515   0.0000172006   0.0003998436   0.0008185857
23  7   0.0000668991   0.0000300301  -0.0000774445  -0.0003260468   0.0003438664
23  8  -0.0011163165   0.0002497818  -0.0001104916   0.0004115130   0.0002160555
23  9  -0.0007084312  -0.0004127287
24  1   0.0000256346   0.0002588307   0.0017591553   0.0001703982   0.0025014782
24  2   0.0040177256  -0.0084126068  -0.1227643692  -0.2711068058  -0.0010400785
24  3  -0.0158804549  -0.0179687144   0.0001676443   0.0038699716  -0.0031878574
24  4   0.0000406625   0.0010060201   0.0001236804  -0.0000316969  -0.0003380435
24  5   0.0006408984   0.0090043129   0.1315950975   0.2854058734   0.0000669409
24  6   0.0001886187   0.0010344343  -0.0000498811  -0.0008185857  -0.0009187664
24  7   0.0000023700  -0.0000768004  -0.0000159142   0.0000977551   0.0005120865
24  8   0.0001890149  -0.0000060169  -0.0000960706   0.0000242561  -0.0000354383
24  9   0.0000422209   0.0000030198
25  1  -0.0004557555   0.0002164051   0.0000000000   0.0069878237  -0.0004547562
25  2   0.0000583437   0.0049238370  -0.0007831832  -0.0002472674  -0.0416006151
25  3  -0.0173619845   0.0000000000   0.0049238370  -0.0007831832   0.0002472674
25  4   0.0069878237  -0.0004547562  -0.0000583437  -0.0001371728  -0.0000123786
25  5   0.0000182108  -0.0035607801   0.0002339439   0.0000669409   0.0268057566
25  6   0.0192442525   0.0000000000  -0.0035607801   0.0002339439  -0.0000669409
25  7  -0.0001371728  -0.0000123786  -0.0000182108  -0.0013400805  -0.0003773455
25  8   0.0000000000   0.0000816395   0.0001557104  -0.0000765438   0.0000816395
25  9   0.0001557104   0.0000765438
26  1   0.0000535289   0.0009532975   0.0000000000  -0.0003782503   0.0003528538
26  2   0.0030831035  -0.0009242227  -0.0108173012  -0.0028615620  -0.0172333139
26  3  -0.3405512776   0.0000000000  -0.0009242227  -0.0108173012   0.0028615620
26  4  -0.0003782503   0.0003528538  -0.0030831035  -0.0000394890  -0.0005083916
26  5  -0.0002750449   0.0002487019   0.0007664265   0.0001886187   0.0192442525
26  6   0.3601697996   0.0000000000   0.0002487019   0.0007664265  -0.0001886187
26  7  -0.0000394890  -0.0005083916   0.0002750449   0.0001045155   0.0000946964
26  8   0.0000000000   0.0000087686  -0.0001268455  -0.0000000905   0.0000087686
26  9  -0.0001268455   0.0000000905
27  1   0.0000000000   0.0000000000  -0.0017373038   0.0001695067   0.0029831261
27  2  -0.0045484511   0.0015945895   0.0281455404   0.0046646162   0.0000000000
27  3   0.0000000000  -0.0592549708  -0.0015945895  -0.0281455404   0.0046646162
27  4  -0.0001695067  -0.0029831261  -0.0045484511   0.0001211806   0.0012653749
27  5   0.0001688659  -0.0000420046  -0.0005931515   0.0010344343   0.0000000000
27  6   0.0000000000   0.0582326278   0.0000420046   0.0005931515   0.0010344343
27  7  -0.0001211806  -0.0012653749   0.0001688659   0.0000000000   0.0000000000
27  8  -0.0003578846   0.0000625169   0.0000666757   0.0002393004  -0.0000625169
27  9  -0.0000666757   0.0002393004
28  1   0.0071308122  -0.0005368313   0.0001931211  -0.0010089038  -0.0000722291
28  2  -0.0002553028   0.0069342497  -0.0005599607  -0.0002380798   0.0041280137
28  3   0.0003501489  -0.0011746222  -0.0390850829  -0.0057434992   0.0085578911
28  4   0.0041356884  -0.0008084301   0.0019075360  -0.0010327649   0.0000457063
28  5   0.0000305349  -0.0000057895   0.0000172006  -0.0000498811  -0.0035607801
28  6   0.0002487019   0.0000420046   0.0260827208   0.0070571162  -0.0090043129
28  7  -0.0040612173   0.0002495236  -0.0000834704   0.0005401070  -0.0001175968
28  8  -0.0001965156  -0.0001856348  -0.0001674498   0.0002512928  -0.0000114185
28  9   0.0000375995   0.0000198045
29  1  -0.0009403686  -0.0052063068  -0.0005973843   0.0000143963  -0.0009201040
29  2  -0.0009039042  -0.0004533397  -0.0007779350  -0.0034233169   0.0004954036
29  3   0.0118595006  -0.0151752017  -0.0057840130  -0.1290993521   0.1228386048
29  4  -0.0011402067  -0.0116138960   0.0281676574   0.0000668991   0.0000300301
29  5   0.0000774445   0.0000172006   0.0003998436  -0.0008185857   0.0002339439
29  6   0.0007664265   0.0005931515   0.0070571162   0.1338240506  -0.1315950975
29  7   0.0002931778   0.0012127988  -0.0002809001  -0.0003260468   0.0003438664
29  8   0.0011163165   0.0002160555  -0.0007084312   0.0004127287   0.0002497818
29  9  -0.0001104916  -0.0004115130
30  1  -0.0000256346  -0.0002588307   0.0017591553  -0.0000406625  -0.0010060201
30  2   0.0001236804  -0.0001676443  -0.0038699716  -0.0031878574   0.0010400785
30  3   0.0158804549  -0.0179687144   0.0084126068   0.1227643692  -0.2711068058
30  4  -0.0001703982  -0.0025014782   0.0040177256  -0.0000023700   0.0000768004
30  5  -0.0000159142   0.0000498811   0.0008185857  -0.0009187664  -0.0000669409
30  6  -0.0001886187   0.0010344343  -0.0090043129  -0.1315950975   0.2854058734
30  7   0.0000316969   0.0003380435   0.0006408984  -0.0000977551  -0.0005120865
30  8   0.0001890149   0.0000354383  -0.0000422209   0.0000030198   0.0000060169
30  9   0.0000960706   0.0000242561
31  1   0.0032105590   0.0005468981   0.0003745688   0.0061119874  -0.0001263811
31  2   0.0002847913  -0.0012428202  -0.0001359120   0.0001735526   0.0074706197
31  3  -0.0009820902  -0.0000829700   0.0047461164  -0.0005765460  -0.0019645007
31  4  -0.0390127350  -0.0042415452  -0.0036454258   0.0006397895  -0.0000189778
31  5  -0.0000040747  -0.0010327649   0.0000668991   0.0000023700  -0.0001371728
31  6  -0.0000394890  -0.0001211806  -0.0040612173   0.0002931778   0.0000316969
31  7   0.0264407722   0.0052709942   0.0049739016  -0.0033122327  -0.0012646611
31  8   0.0000286331   0.0004087395   0.0007442245  -0.0001858790  -0.0002296409
31  9   0.0004634087   0.0001345164
32  1   0.0004534446   0.0117914726   0.0130703294  -0.0003698693  -0.0015160100
32  2   0.0037043656   0.0000151209  -0.0009234809   0.0008354832  -0.0006807319
32  3  -0.0053759267   0.0009468172  -0.0005695326  -0.0093423125  -0.0268291956
32  4  -0.0044903330  -0.1328665395  -0.1273398105  -0.0000189778   0.0006690590
32  5   0.0008510627   0.0000457063   0.0000300301  -0.0000768004  -0.0000123786
32  6  -0.0005083916  -0.0012653749   0.0002495236   0.0012127988   0.0003380435
32  7   0.0052709942   0.1369277853   0.1352175786  -0.0001177825   0.0011152456
32  8   0.0022525708  -0.0000273508  -0.0000011611  -0.0006856555   0.0002521670
32  9  -0.0012125690  -0.0010194141
33  1  -0.0004454907  -0.0136361260  -0.0190098206   0.0002980929   0.0038586097
33  2  -0.0030218389   0.0000036612   0.0007244891   0.0003484978   0.0001839156
33  3   0.0009491039   0.0014698587   0.0003148281   0.0025448730   0.0056398851
33  4  -0.0053113491  -0.1258665520  -0.2698755973   0.0000040747  -0.0008510627
33  5  -0.0007691856  -0.0000305349  -0.0000774445  -0.0000159142  -0.0000182108
33  6   0.0002750449   0.0001688659  -0.0000834704  -0.0002809001   0.0006408984
33  7   0.0049739016   0.1352175786   0.2848289356   0.0002144493  -0.0017433445
33  8  -0.0028322014   0.0001695333   0.0001401942   0.0005300669  -0.0002734008
33  9  -0.0012544637   0.0018975495
34  1  -0.0490923643   0.0120400550   0.0000000000  -0.0007520828  -0.0052656506
34  2  -0.0012544507   0.0073960594   0.0013809163  -0.0017275669  -0.0012866673
34  3  -0.0006726326   0.0000000000   0.0073960594   0.0013809163   0.0017275669
34  4  -0.0007520828  -0.0052656506   0.0012544507  -0.0033122327  -0.0001177825
34  5  -0.0002144493   0.0005401070  -0.0003260468   0.0000977551  -0.0013400805
34  6   0.0001045155   0.0000000000   0.0005401070  -0.0003260468  -0.0000977551
34  7  -0.0033122327  -0.0001177825   0.0002144493   0.2782333679  -0.1277063448
34  8   0.0000000000  -0.1171289788   0.0624457670  -0.1351533756  -0.1171289788
34  9   0.0624457670   0.1351533756
35  1  -0.0342758274  -0.1135775326   0.0000000000  -0.0018269030  -0.0278942247
35  2  -0.0141070538   0.0028422416   0.0057649806  -0.0035635418  -0.0003027997
35  3  -0.0007169813   0.0000000000   0.0028422416   0.0057649806   0.0035635418
35  4  -0.0018269030  -0.0278942247   0.0141070538  -0.0012646611   0.0011152456
35  5   0.0017433445  -0.0001175968   0.0003438664   0.0005120865  -0.0003773455
35  6   0.0000946964   0.0000000000  -0.0001175968   0.0003438664  -0.0005120865
35  7  -0.0012646611   0.0011152456  -0.0017433445  -0.1277063448   0.3854200894
35  8   0.0000000000   0.0816980780  -0.1149400038   0.1416869154   0.0816980780
35  9  -0.1149400038  -0.1416869154
36  1   0.0000000000   0.0000000000  -0.0519707947  -0.0020953289  -0.0158492608
36  2   0.0082725234  -0.0012446232  -0.0048075312  -0.0042299427   0.0000000000
36  3   0.0000000000  -0.0046512222   0.0012446232   0.0048075312  -0.0042299427
36  4   0.0020953289   0.0158492608   0.0082725234  -0.0000286331  -0.0022525708
36  5  -0.0028322014   0.0001965156  -0.0011163165   0.0001890149   0.0000000000
36  6   0.0000000000  -0.0003578846  -0.0001965156   0.0011163165   0.0001890149
36  7   0.0000286331   0.0022525708  -0.0028322014   0.0000000000   0.0000000000
36  8   0.9076059527  -0.1687530765   0.1487150880  -0.4267124198   0.1687530765
36  9  -0.1487150880  -0.4267124198
37  1   0.0091185053  -0.0081485419   0.0006171215   0.0010005360   0.0009128653
37  2  -0.0006873569  -0.0005740485   0.0004778114   0.0005029026   0.0000561397
37  3   0.0003586581   0.0008214803  -0.0012698508  -0.0012325386  -0.0009730069
37  4   0.0012669800   0.0028028778  -0.0001020642  -0.0002296409   0.0002521670
37  5   0.0002734008  -0.0000114185   0.0002497818  -0.0000060169   0.0000816395
37  6   0.0000087686   0.0000625169  -0.0001856348   0.0002160555   0.0000354383
37  7   0.0004087395  -0.0000273508   0.0001695333  -0.1171289788   0.0816980780
37  8  -0.1687530765   0.0870375724  -0.0713068329   0.1530768754   0.0204294599
37  9  -0.0062617993   0.0149622524
38  1   0.0153523390  -0.0068996741   0.0260797262  -0.0000797800   0.0003203470
38  2   0.0005738312  -0.0008845028   0.0001007042   0.0009975580   0.0001928030
38  3   0.0000452955   0.0005010758  -0.0016392996  -0.0014754926   0.0018866507
38  4   0.0009478123  -0.0048828618  -0.0048855230   0.0004634087  -0.0012125690
38  5   0.0012544637   0.0000375995  -0.0001104916  -0.0000960706   0.0001557104
38  6  -0.0001268455   0.0000666757  -0.0001674498  -0.0007084312  -0.0000422209
38  7   0.0007442245  -0.0000011611   0.0001401942   0.0624457670  -0.1149400038
38  8   0.1487150880  -0.0713068329   0.1171366968  -0.1632557100  -0.0062617993
38  9   0.0127544871  -0.0119357391
39  1  -0.0026560661   0.0057400788  -0.0076078613   0.0003710357  -0.0017058408
39  2  -0.0036513527   0.0005557655   0.0012604553   0.0015725545  -0.0001656457
39  3  -0.0002063293   0.0005091889   0.0002139272  -0.0003282151  -0.0007341943
39  4  -0.0011148131   0.0037149970   0.0019385786  -0.0001345164   0.0010194141
39  5   0.0018975495  -0.0000198045   0.0004115130   0.0000242561  -0.0000765438
39  6  -0.0000000905   0.0002393004   0.0002512928   0.0004127287   0.0000030198
39  7  -0.0001858790  -0.0006856555   0.0005300669  -0.1351533756   0.1416869154
39  8  -0.4267124198   0.1530768754  -0.1632557100   0.4464547397  -0.0149622524
39  9   0.0119357391  -0.0144634264
40  1   0.0091185053  -0.0081485419  -0.0006171215   0.0012669800   0.0028028778
40  2   0.0001020642  -0.0012698508  -0.0012325386   0.0009730069   0.0000561397
40  3   0.0003586581  -0.0008214803  -0.0005740485   0.0004778114  -0.0005029026
40  4   0.0010005360   0.0009128653   0.0006873569   0.0004087395  -0.0000273508
40  5  -0.0001695333  -0.0001856348   0.0002160555  -0.0000354383   0.0000816395
40  6   0.0000087686  -0.0000625169  -0.0000114185   0.0002497818   0.0000060169
40  7  -0.0002296409   0.0002521670  -0.0002734008  -0.1171289788   0.0816980780
40  8   0.1687530765   0.0204294599  -0.0062617993  -0.0149622524   0.0870375724
40  9  -0.0713068329  -0.1530768754
41  1   0.0153523390  -0.0068996741  -0.0260797262   0.0009478123  -0.0048828618
41  2   0.0048855230  -0.0016392996  -0.0014754926  -0.0018866507   0.0001928030
41  3   0.0000452955  -0.0005010758  -0.0008845028   0.0001007042  -0.0009975580
41  4  -0.0000797800   0.0003203470  -0.0005738312   0.0007442245  -0.0000011611
41  5  -0.0001401942  -0.0001674498  -0.0007084312   0.0000422209   0.0001557104
41  6  -0.0001268455  -0.0000666757   0.0000375995  -0.0001104916   0.0000960706
41  7   0.0004634087  -0.0012125690  -0.0012544637   0.0624457670  -0.1149400038
41  8  -0.1487150880  -0.0062617993   0.0127544871   0.0119357391  -0.0713068329
41  9   0.1171366968   0.1632557100
42  1   0.0026560661  -0.0057400788  -0.0076078613   0.0011148131  -0.0037149970
42  2   0.0019385786  -0.0002139272   0.0003282151  -0.0007341943   0.0001656457
42  3   0.0002063293   0.0005091889  -0.0005557655  -0.0012604553   0.0015725545
42  4  -0.0003710357   0.0017058408  -0.0036513527   0.0001858790   0.0006856555
42  5   0.0005300669  -0.0002512928  -0.0004127287   0.0000030198   0.0000765438
42  6   0.0000000905   0.0002393004   0.0000198045  -0.0004115130   0.0000242561
42  7   0.0001345164  -0.0010194141   0.0018975495   0.1351533756  -0.1416869154
42  8  -0.4267124198   0.0149622524  -0.0119357391  -0.0144634264  -0.1530768754
42  9   0.1632557100   0.4464547397
$end
