$hessapprox internal
  0.486719150723D+00 -0.321945534931D+00  0.424753970689D+00  0.228021272753D+00
 -0.402255793249D+00  0.102805993936D+01 -0.491102459847D+00  0.328281409930D+00
 -0.794805655050D-01  0.615948941707D+00 -0.986896143090D-02 -0.435413208312D-01
 -0.702677194837D-02 -0.287392497656D-01  0.984925064698D-01 -0.137157383513D-01
  0.129773321776D+00 -0.441666478012D+00 -0.583955503753D-01 -0.692639956767D-02
  0.265124560364D+00 -0.389437562279D-01 -0.422754930315D-01 -0.458501246227D-01
  0.372362939841D-01  0.291522458678D-01  0.197714424240D-01  0.456474254877D+00
 -0.500504758246D-02  0.520682440841D-02 -0.848146093447D-02  0.423339601854D-02
  0.365575224439D-03  0.291520803711D-02 -0.181969842908D-03  0.445214890605D+00
  0.408604985630D-01 -0.454005490152D-01  0.604897694897D-01 -0.384462514728D-01
  0.228703154962D-02 -0.216958713648D-01 -0.407944501240D-02 -0.558655835874D-03
  0.449891913529D+00  0.120620050624D-01 -0.121405658750D-01  0.165995661265D-01
 -0.114326364333D-01  0.600316009460D-03 -0.557158906951D-02 -0.251133660565D-02
 -0.163099448613D-03  0.165818157689D-02  0.447365782842D+00  0.579847447885D-01
 -0.748834469203D-01  0.911897700857D-01 -0.557243380521D-01  0.764258250921D-02
 -0.350015220173D-01 -0.152477849182D-01 -0.802261877647D-03  0.783790764684D-02
  0.248602473505D-02  0.652668669916D+00 -0.158414584680D-01  0.117058259236D-01
 -0.293678042973D-01  0.116288128596D-01  0.476574585206D-02  0.107250161328D-01
 -0.503556571242D-03  0.226846222557D-03 -0.192055332281D-02 -0.646750655522D-03
 -0.147389320364D-02  0.433536560347D+00 -0.801712411995D-01  0.897011559013D-01
 -0.118766078210D+00  0.737107717145D-01 -0.224506650421D-02  0.420379175971D-01
  0.700909875347D-02  0.139504455058D-02 -0.114039940926D-01 -0.357515027878D-02
 -0.149503865531D-01  0.250304676219D-02  0.391849685443D+00  0.977561514628D+00
 -0.992271263394D+00  0.140078703134D+01 -0.909581229333D+00  0.628130852496D-01
 -0.488200877635D+00 -0.117278389475D+00 -0.170672107856D-01  0.134760812127D+00
  0.381775313466D-01  0.198958154078D+00 -0.519536093949D-01 -0.259012174001D+00
  0.316830103253D+01 -0.317629116331D-01  0.354038383425D-01 -0.440223066836D-01
  0.299749601121D-01 -0.244532265162D-02  0.147684218118D-01  0.549873251967D-02
  0.498740700395D-03 -0.431845567784D-02 -0.118405570536D-02 -0.598389381482D-02
  0.176366689332D-02  0.909816561778D-02 -0.100824031607D+00  0.375588730317D+00
  0.571856124204D-02 -0.566656943873D-02  0.135331397107D-01 -0.476954476273D-02
 -0.247254755479D-02 -0.683449815470D-02 -0.365067958269D-03  0.148925761765D-03
  0.295446498118D-03 -0.493026637719D-04 -0.913673537646D-03  0.798183989101D-03
 -0.999601857915D-03  0.225795549323D-01 -0.417490620229D-03  0.620364583789D+00
  0.268948858729D-01 -0.150842230401D-01  0.448441254818D-01 -0.250883945333D-01
 -0.930657702141D-02 -0.203035668653D-01  0.193585303921D-02  0.269004855189D-04
  0.225093587349D-02  0.502843510270D-03 -0.430381966523D-03  0.210878545745D-02
 -0.389785683243D-02  0.870241684367D-01 -0.251056121528D-02 -0.423947643612D-02
  0.589116255902D+00 -0.119673138507D+00  0.811674958525D-01 -0.154839934510D+00
  0.105355893710D+00  0.185691138574D-01  0.490455823904D-01  0.238967717317D-01
  0.161098958945D-02 -0.127748533611D-01  0.741736701551D-03 -0.912283042895D-02
 -0.164632345496D-05  0.410872216293D-01 -0.336395719059D+00  0.884886285265D-02
  0.116629752701D-01  0.289079995900D-01  0.913009708271D+00  0.187337468959D-01
 -0.299782349524D-01  0.202877657650D-01 -0.197034216852D-01  0.984246890167D-02
 -0.497166587388D-02 -0.111094774778D-01 -0.313836348060D-03  0.272284144591D-02
  0.808711015660D-03  0.448691101479D-02 -0.373438651901D-02 -0.772202018984D-02
  0.594263039431D-01 -0.147954375797D-02  0.175571036852D-02  0.743785060433D-02
 -0.173869487945D-01  0.429693701811D+00 -0.227101124933D+00  0.246136342363D+00
 -0.253776145548D+00  0.232595877396D+00 -0.126548736907D-01  0.829592833195D-01
  0.146635079276D-01  0.272535157535D-02 -0.299112356954D-01 -0.392209778038D-02
 -0.613733735190D-01  0.179539923025D-01  0.753009793198D-01 -0.650121486905D+00
  0.210932332224D-01 -0.313191344545D-02 -0.149058040746D-01 -0.469871440630D-01
 -0.102753302709D-01  0.501492565547D+00
$end
