$vibrational normal modes
 1  1   0.0598317913  -0.0910990072   0.0410834599   0.1688634245   0.0787270887
 1  2   0.0594313144  -0.0000000000  -0.3171585489   0.0000000000   0.0173887330
 1  3  -0.0000000000  -0.2258581539   0.0000000000  -0.0054790853   0.3328277269
 1  4   0.0000000000  -0.1826188149   0.0560482154   0.1259354676   0.0000000000
 1  5  -0.0475882972   0.0000000000  -0.0102486378  -0.0002796631  -0.0084070173
 1  6   0.0089937070   0.0000000000  -0.0219238843  -0.0000000000  -0.0022432509
 1  7   0.0000000000  -0.0000000000   0.0000000000   0.0000000000  -0.0052615364
 1  8   0.0074450117  -0.0000000000  -0.0000078004   0.0000000000  -0.0000025271
 1  9   0.0000000000  -0.0000177798
 2  1   0.0860460216   0.1867496587   0.0455440998  -0.0389820288   0.1081430946
 2  2   0.0854700829   0.0000000000  -0.0066761068  -0.0000000000  -0.0877695037
 2  3  -0.0000000000   0.0021757885  -0.0000000000  -0.1573757217  -0.0531528040
 2  4  -0.0000000000   0.0357774424   0.3158988202  -0.0027796259   0.0000000000
 2  5  -0.0021553908  -0.0000000000  -0.1403078632  -0.0278008233  -0.1323121171
 2  6   0.2183861106   0.0000000000  -0.3490248031  -0.0000000000  -0.0328122740
 2  7   0.0000000000  -0.0000000000   0.0000000000   0.0000000000  -0.1173560522
 2  8   0.1323237779  -0.0000000000  -0.0005411054   0.0000000000   0.0010361014
 2  9  -0.0000000000  -0.0022372696
 3  1   0.0924947109   0.0741102447   0.1167779072   0.0465718683  -0.1025058554
 3  2  -0.1385239451   0.0275929716  -0.0000000000  -0.2178090367  -0.0000000000
 3  3   0.2509213492  -0.0000000000   0.0209738360  -0.0000000000   0.0000000000
 3  4  -0.1387816067   0.0000000000   0.0000000000   0.0000000000  -0.0008257767
 3  5   0.0000000000   0.0005754768   0.0000000000   0.0000000000   0.0000000000
 3  6  -0.0000000000   0.0404747834   0.0000000000  -0.0049470759   0.0000000000
 3  7   0.0226692662  -0.1479437962  -0.2611809683   0.1647939154   0.0000000000
 3  8   0.0000000000   0.3389929471   0.0000000000   0.0003187004  -0.0000000000
 3  9   0.0035416328   0.0000000000
 4  1  -0.1459973390  -0.0252317683   0.1677077767   0.2106171929   0.1756060328
 4  2  -0.0679963091  -0.2025214602  -0.2393521523  -0.0090472601   0.1074455561
 4  3   0.0523204921   0.1333457251  -0.2040009913   0.0130381847   0.0402073620
 4  4   0.0148403101   0.1342656582  -0.0074662508  -0.0646109575  -0.0746015063
 4  5   0.0938983603   0.0912056421   0.0264943519  -0.0351671163  -0.0039073199
 4  6   0.0032412735   0.0041743319  -0.0022051213   0.0000493789  -0.0022621565
 4  7   0.0074720417  -0.0036698008   0.0179739789   0.0054217162   0.0059664306
 4  8  -0.0170349103  -0.0056164057  -0.0001925887   0.0003767508   0.0005930462
 4  9   0.0014090002  -0.0012414181
 5  1   0.1300167112   0.1469235604   0.0098036080  -0.0656043317   0.1760653324
 5  2  -0.0166056741   0.0304869323  -0.0159514565  -0.1455895277  -0.2001226808
 5  3   0.1156224423   0.0357546246   0.0206440136   0.0540074984   0.0022897664
 5  4   0.2357868773  -0.0030169590   0.0751652238   0.0052607499   0.0060562757
 5  5  -0.0022205198  -0.0051537902   0.1385717857   0.0341285578  -0.0776084189
 5  6   0.0079557578   0.0968731459   0.0015308897  -0.0054978853  -0.0442711176
 5  7   0.0651339461  -0.0467537637   0.2735730111   0.0818074044   0.0997422862
 5  8  -0.2847388413  -0.1110209061  -0.0048740748   0.0090004894   0.0139471406
 5  9   0.0306250311  -0.0278073121
 6  1   0.0728218483   0.0945488388   0.1336525508   0.0602837921  -0.1419099556
 6  2  -0.0797009475   0.0168662530   0.0004621930  -0.1381070715   0.0366780045
 6  3   0.2369534625  -0.0246598318   0.0185707822  -0.0986257928  -0.0276475485
 6  4  -0.2148622991   0.0201773584   0.2299073565   0.0044629105  -0.0001607158
 6  5  -0.0045546300  -0.0019375410  -0.2464842873  -0.0571191377   0.0010582553
 6  6  -0.1349553476  -0.0423659393   0.0846755126   0.0112544927  -0.0229231640
 6  7   0.0120306874   0.0074483830   0.1458281657  -0.0658851898   0.1105129892
 6  8  -0.0697317692  -0.2092365614   0.0101953978  -0.0183622563  -0.0266642679
 6  9  -0.0494327453   0.0452034078
 7  1  -0.1934817537   0.0879228134   0.0885246220   0.2997339181   0.1873846358
 7  2  -0.1157721496  -0.2176081637   0.0622657156  -0.0164084486   0.0261137414
 7  3  -0.0384518720   0.1295633720   0.1992506854  -0.0020180774  -0.1358941729
 7  4   0.0178117909  -0.1664498687   0.0312676309  -0.0278846352  -0.0714010080
 7  5  -0.0076108493  -0.0944502803  -0.0544425502   0.0869883855   0.0054439266
 7  6  -0.0052497547  -0.0028425430   0.0068263641  -0.0016572485   0.0027500724
 7  7   0.0001821320  -0.0013167189  -0.0136643335  -0.0080803351   0.0040528036
 7  8   0.0180457650  -0.0033656672  -0.0014280425   0.0018766768   0.0009730427
 7  9  -0.0009054920   0.0011194909
 8  1   0.1325401737   0.1405927574   0.0146570504  -0.0706230979   0.1747946543
 8  2  -0.0129462053   0.0300067703  -0.0337587559  -0.1534929132  -0.2210173363
 8  3   0.1365368984   0.0511764502  -0.0021026500   0.0896575835   0.0214439255
 8  4   0.2518786825   0.0146143579   0.0661927492   0.0040108190   0.0050369603
 8  5   0.0010952592   0.0050481846   0.0562934685   0.0059812582   0.0645662359
 8  6  -0.0520698256  -0.0625503533   0.0821817797  -0.0325543054   0.0498610331
 8  7  -0.0135263504  -0.0281110291  -0.2363012406  -0.1420011847   0.0774561542
 8  8   0.3108392485  -0.0740950324  -0.0215310956   0.0282725884   0.0142886273
 8  9  -0.0133923019   0.0165758237
 9  1   0.0359752196   0.1366730637   0.1650879136   0.0887335640  -0.2255506114
 9  2   0.0444761597  -0.0019417993   0.0003224030   0.0659928021   0.0312593325
 9  3   0.0382595727  -0.0216856463   0.0031591350  -0.0831028862  -0.0195414687
 9  4   0.2417705643   0.0182715169   0.2476830387   0.0048599715   0.0020273169
 9  5   0.0014227949  -0.0003060236   0.1033267770   0.0209294768   0.2391149199
 9  6   0.0117928297  -0.0512599861   0.0703639232   0.0263106901  -0.0231437331
 9  7  -0.0107501939   0.0474211080   0.1353987061  -0.0152431395  -0.1047226678
 9  8  -0.0899285755   0.2146289286  -0.0346908180   0.0498192698   0.0313955894
 9  9  -0.0184566180   0.0265459177
10  1  -0.0370220451   0.1330783951  -0.1130968584   0.3452600926   0.1034666670
10  2  -0.0367742425   0.0000000000   0.2754301322  -0.0000000000  -0.1273622273
10  3  -0.0000000000  -0.2248258640  -0.0000000000   0.0261801203   0.1862014159
10  4   0.0000000000   0.1156962210  -0.0242955207  -0.0856455877   0.0000000000
10  5  -0.1017755285   0.0000000000   0.0614671531  -0.1110960827   0.0084051548
10  6   0.0015162597  -0.0000000000  -0.0028186196  -0.0000000000   0.0003799153
10  7   0.0000000000  -0.0000000000   0.0000000000   0.0000000000  -0.0051490509
10  8  -0.0098657942   0.0000000000   0.0034042556   0.0000000000   0.0034344245
10  9   0.0000000000   0.0012913177
11  1   0.0912050415   0.1748086171   0.0537566742  -0.0483779801   0.1068253153
11  2   0.0905945716   0.0000000000  -0.0470746565  -0.0000000000  -0.2632983392
11  3  -0.0000000000   0.1026082372  -0.0000000000   0.2143915342   0.0315644369
11  4   0.0000000000  -0.0279513568  -0.2970210796   0.0017402383  -0.0000000000
11  5  -0.0015290839   0.0000000000  -0.2864749191  -0.0579862047   0.1950561880
11  6   0.0297220092  -0.0000000000  -0.0361009933   0.0000000000   0.0032390842
11  7   0.0000000000  -0.0000000000   0.0000000000   0.0000000000  -0.0907349430
11  8  -0.1648413725   0.0000000000   0.0592334575   0.0000000000   0.0600219075
11  9   0.0000000000   0.0219486467
12  1   0.0173892759   0.1576330133   0.1809571051   0.1028765564  -0.2670026822
12  2   0.1060631433  -0.0135193740   0.0000000000   0.1577877052   0.0000000000
12  3  -0.0535882910   0.0000000000  -0.0037374926   0.0000000000  -0.0000000000
12  4   0.1484829501   0.0000000000  -0.0000000000  -0.0000000000  -0.0008155920
12  5  -0.0000000000   0.0016645661   0.0000000000  -0.0000000000   0.0000000000
12  6  -0.0000000000   0.0754671509   0.0000000000  -0.0679557447   0.0000000000
12  7  -0.0176305104   0.0220881814  -0.2976030140   0.1502838464   0.0000000000
12  8  -0.0000000000  -0.3832699236  -0.0000000000  -0.0036926912   0.0000000000
12  9   0.0021998482  -0.0000000000
13  1   0.1680880163   0.0656281151  -0.2372724971   0.3021809991   0.0071218367
13  2   0.0905483821   0.2176081637   0.0622657156   0.0164084486   0.0261137414
13  3   0.0384518720   0.1295633720  -0.1992506854  -0.0020180774  -0.1358941729
13  4  -0.0178117909  -0.1664498687   0.0312676309  -0.0278846352   0.0714010080
13  5  -0.0076108493   0.0944502803  -0.0544425502   0.0869883855   0.0054439266
13  6  -0.0052497547   0.0028425430   0.0068263641   0.0016572485   0.0027500724
13  7  -0.0001821320   0.0013167189   0.0136643335   0.0080803351   0.0040528036
13  8   0.0180457650   0.0033656672  -0.0014280425  -0.0018766768   0.0009730427
13  9   0.0009054920   0.0011194909
14  1   0.0471478044   0.2153250472   0.0885230158  -0.0211751832   0.0395512893
14  2   0.1914314637  -0.0300067703  -0.0337587559   0.1534929132  -0.2210173363
14  3  -0.1365368984   0.0511764502   0.0021026500   0.0896575835   0.0214439255
14  4  -0.2518786825   0.0146143579   0.0661927492   0.0040108190  -0.0050369603
14  5   0.0010952592  -0.0050481846   0.0562934685   0.0059812582   0.0645662359
14  6  -0.0520698256   0.0625503533   0.0821817797   0.0325543054   0.0498610331
14  7   0.0135263504   0.0281110291   0.2363012406   0.1420011847   0.0774561542
14  8   0.3108392485   0.0740950324  -0.0215310956  -0.0282725884   0.0142886273
14  9   0.0133923019   0.0165758237
15  1   0.0359752196   0.1366730637   0.1650879136   0.0887335640  -0.2255506114
15  2   0.0444761597  -0.0019417993  -0.0003224030   0.0659928021  -0.0312593325
15  3   0.0382595727   0.0216856463   0.0031591350   0.0831028862   0.0195414687
15  4   0.2417705643  -0.0182715169  -0.2476830387  -0.0048599715   0.0020273169
15  5  -0.0014227949  -0.0003060236  -0.1033267770  -0.0209294768  -0.2391149199
15  6  -0.0117928297  -0.0512599861  -0.0703639232   0.0263106901   0.0231437331
15  7  -0.0107501939   0.0474211080   0.1353987061  -0.0152431395   0.1047226678
15  8   0.0899285755   0.2146289286   0.0346908180   0.0498192698  -0.0313955894
15  9  -0.0184566180  -0.0265459177
16  1   0.2184552445  -0.0477042234  -0.1606869388   0.2130837845  -0.0060940104
16  2   0.1399692263   0.2025214602  -0.2393521523   0.0090472601   0.1074455561
16  3  -0.0523204921   0.1333457251   0.2040009913   0.0130381847   0.0402073620
16  4  -0.0148403101   0.1342656582  -0.0074662508  -0.0646109575   0.0746015063
16  5   0.0938983603  -0.0912056421   0.0264943519  -0.0351671163  -0.0039073199
16  6   0.0032412735  -0.0041743319  -0.0022051213  -0.0000493789  -0.0022621565
16  7  -0.0074720417   0.0036698008  -0.0179739789  -0.0054217162   0.0059664306
16  8  -0.0170349103   0.0056164057  -0.0001925887  -0.0003767508   0.0005930462
16  9  -0.0014090002  -0.0012414181
17  1   0.0439435044   0.2222516944   0.0842585103  -0.0157621664   0.0397436655
17  2   0.1894015081  -0.0304869323  -0.0159514565   0.1455895277  -0.2001226808
17  3  -0.1156224423   0.0357546246  -0.0206440136   0.0540074984   0.0022897664
17  4  -0.2357868773  -0.0030169590   0.0751652238   0.0052607499  -0.0060562757
17  5  -0.0022205198   0.0051537902   0.1385717857   0.0341285578  -0.0776084189
17  6   0.0079557578  -0.0968731459   0.0015308897   0.0054978853  -0.0442711176
17  7  -0.0651339461   0.0467537637  -0.2735730111  -0.0818074044   0.0997422862
17  8  -0.2847388413   0.1110209061  -0.0048740748  -0.0090004894   0.0139471406
17  9  -0.0306250311  -0.0278073121
18  1   0.0728218483   0.0945488388   0.1336525508   0.0602837921  -0.1419099556
18  2  -0.0797009475   0.0168662530  -0.0004621930  -0.1381070715  -0.0366780045
18  3   0.2369534625   0.0246598318   0.0185707822   0.0986257928   0.0276475485
18  4  -0.2148622991  -0.0201773584  -0.2299073565  -0.0044629105  -0.0001607158
18  5   0.0045546300  -0.0019375410   0.2464842873   0.0571191377  -0.0010582553
18  6   0.1349553476  -0.0423659393  -0.0846755126   0.0112544927   0.0229231640
18  7   0.0120306874   0.0074483830   0.1458281657  -0.0658851898  -0.1105129892
18  8   0.0697317692  -0.2092365614  -0.0101953978  -0.0183622563   0.0266642679
18  9  -0.0494327453  -0.0452034078
19  1  -0.2649599573  -0.0625329634   0.3242924474   0.1735939029   0.2397324898
19  2  -0.1275048384  -0.3446148792  -0.3197614773  -0.0116463351   0.1749570749
19  3   0.1175441966   0.3306441033  -0.4618302435   0.0112741437  -0.2465606968
19  4  -0.0099195972   0.5173732126  -0.1425282897   0.2263998275   0.4982399904
19  5  -0.5714119069  -0.4838850782  -0.1083300166   0.2535503457  -0.0249850406
19  6  -0.0353405041   0.0432241224   0.0376319861   0.0076565715  -0.0313782724
19  7  -0.0165422721   0.0329328951  -0.0372514204  -0.0076241752  -0.0307003842
19  8   0.0166649477   0.0230261588   0.0026587965  -0.0047650136  -0.0070029361
19  9  -0.0134976702   0.0122902967
20  1   0.1620344780   0.1199923542  -0.0197520997  -0.0832044861   0.2281668663
20  2  -0.0958003979   0.0571127784  -0.0125953610  -0.2785205433  -0.2744567325
20  3   0.2347487313   0.0637665928   0.0476272682   0.1999485662   0.0520582222
20  4   0.0943856066  -0.0470129627  -0.1624671738  -0.0155856257  -0.0335137855
20  5   0.0443018642   0.0388547573   0.1777692476   0.0175557137  -0.3423911093
20  6  -0.3499139021   0.4794779628   0.3907881080   0.1242501614  -0.4076421610
20  7  -0.0869264703   0.4482064881  -0.3276182146  -0.0843730795  -0.4359494471
20  8   0.2230284086   0.2855910904   0.0699836493  -0.1248408183  -0.1780336318
20  9  -0.3375005670   0.3047628913
21  1   0.0894506392   0.0773852430   0.1193840157   0.0487745503  -0.1088908507
21  2  -0.1290123109   0.0303875073   0.0001356537  -0.2212481737  -0.0108009495
21  3   0.3083944964  -0.0025346478   0.0290668599  -0.0109388555  -0.0043037370
21  4  -0.2987956123   0.0029772949   0.0892416386  -0.0008134740  -0.0099994424
21  5   0.0067302589   0.0100968923  -0.2366272999  -0.0624208717  -0.1457437671
21  6  -0.3626603645   0.1772412954   0.3315731445   0.0890953282  -0.2376466801
21  7  -0.0861989181   0.3056584082  -0.2176638209  -0.1858225224  -0.1966571975
21  8   0.2494354192   0.0093854197  -0.1200515484   0.2144446493   0.3036029236
21  9   0.5668901073  -0.5112171110
22  1  -0.3531175511   0.1409083691   0.1846281017   0.3336592317   0.2623163580
22  2  -0.2149583300  -0.3925700696   0.1776690406  -0.0320921840   0.0446801087
22  3  -0.0842927909   0.3059620922   0.4474577837  -0.0330316515  -0.5049949720
22  4  -0.0053786225  -0.0288889271  -0.0528592723   0.5464178656   0.4888577813
22  5   0.0842840678   0.4957900454   0.3255892832  -0.4811621209  -0.0188377211
22  6  -0.0103635357  -0.0220732147   0.0014204338  -0.0243497774   0.0284826749
22  7  -0.0155007738   0.0204238741   0.0068020655   0.0161443327  -0.0244540446
22  8  -0.0151482226   0.0107533761   0.0163527299  -0.0222122394  -0.0126614938
22  9   0.0084727138  -0.0116045392
23  1   0.1670114470   0.1085643982  -0.0119858681  -0.0921897290   0.2270127720
23  2  -0.0910725207   0.0542073839  -0.0414725647  -0.2863364517  -0.1796428381
23  3   0.2717475753   0.0135432013  -0.0081593374  -0.0155777634   0.0177189397
23  4   0.1002333149   0.0317684820   0.3878118729  -0.0234300183  -0.0283849145
23  5  -0.0022635402  -0.0334452590   0.0290483126   0.0397364932  -0.2301351237
23  6  -0.3500091586  -0.2960960570   0.2819219481  -0.3971621993   0.4516782488
23  7  -0.1469248935   0.3640434514   0.1215639753   0.2948695752  -0.4271980794
23  8  -0.2888588966   0.2453933794   0.2433518697  -0.3297508209  -0.1886652774
23  9   0.1249996442  -0.1697769331
24  1   0.0222807473   0.1531154824   0.1767363800   0.0998736138  -0.2586497608
24  2   0.0934935210  -0.0091793974   0.0002206268   0.1430732506   0.0055320443
24  3  -0.0364797154  -0.0059554516  -0.0030501076  -0.0195065417  -0.0026677731
24  4   0.3300301853   0.0033747568   0.0682035573  -0.0014591604  -0.0003052751
24  5  -0.0006635728  -0.0012250266   0.0952597610   0.0213272407   0.4312345718
24  6   0.1805524890   0.0765600503  -0.0381226879   0.2393220648  -0.2558051116
24  7   0.0645464066  -0.1758144455  -0.0718993261  -0.2895854417   0.1755831939
24  8   0.2692712064   0.0551862049   0.4175701798  -0.5704882128  -0.3338846799
24  9   0.2119766641  -0.2924066860
25  1  -0.0752627164   0.2215900604  -0.1739716682   0.4149065543   0.1132345617
25  2  -0.0747589545   0.0000000000   0.5950240668  -0.0000000000  -0.2946012732
25  3  -0.0000000000  -0.5295360162  -0.0000000000   0.0355329504   0.2867558507
25  4   0.0000000000   0.5578662240  -0.1579909209   0.5135800675  -0.0000000000
25  5   0.5447186430   0.0000000000  -0.4396851971   0.5846234868   0.0222387456
25  6   0.0034679236   0.0000000000   0.0032920820   0.0000000000  -0.0020478617
25  7   0.0000000000  -0.0000000000  -0.0000000000  -0.0000000000  -0.0064175205
25  8  -0.0077740684  -0.0000000000  -0.0400460950  -0.0000000000  -0.0385440567
25  9  -0.0000000000  -0.0135025944
26  1   0.0934049945   0.1697166170   0.0572587498  -0.0523846812   0.1062633767
26  2   0.0927797995   0.0000000000  -0.0654651287  -0.0000000000  -0.2539717824
26  3  -0.0000000000   0.1204479590  -0.0000000000   0.2144320277   0.0259446045
26  4   0.0000000000  -0.0532752733  -0.2872796006  -0.0326135163  -0.0000000000
26  5  -0.0389322971   0.0000000000  -0.2646705518  -0.0997705605   0.2164205327
26  6   0.0301335937  -0.0000000000  -0.0327535172   0.0000000000   0.0037435645
26  7   0.0000000000  -0.0000000000   0.0000000000   0.0000000000  -0.1110706569
26  8  -0.1890349526   0.0000000000  -0.6963785423  -0.0000000000  -0.6696254668
26  9  -0.0000000000  -0.2325115599
27  1  -0.0115733406   0.1905675792   0.2056741116   0.1251119392  -0.3322953286
27  2   0.2030275319  -0.0291255943   0.0000000000   0.2923643193   0.0000000000
27  3  -0.1810663770   0.0000000000  -0.0116349915   0.0000000000   0.0000000000
27  4  -0.2746542889  -0.0000000000   0.0000000000  -0.0000000000  -0.0054256450
27  5  -0.0000000000   0.0061027939   0.0000000000  -0.0000000000   0.0000000000
27  6   0.0000000000   0.4924735947   0.0000000000  -0.7165541979   0.0000000000
27  7   0.1944054319  -0.2188816490   0.3852031181  -0.6794166090  -0.0000000000
27  8   0.0000000000   0.4811882285   0.0000000000   0.0044119325  -0.0000000000
27  9  -0.0023942300   0.0000000000
28  1   0.2894250665   0.1012886469  -0.3943432369   0.3380079189  -0.0580271563
28  2   0.1516921633   0.3925700696   0.1776690406   0.0320921840   0.0446801087
28  3   0.0842927909   0.3059620922  -0.4474577837  -0.0330316515  -0.5049949720
28  4   0.0053786225  -0.0288889271  -0.0528592723   0.5464178656  -0.4888577813
28  5   0.0842840678  -0.4957900454   0.3255892832  -0.4811621209  -0.0188377211
28  6  -0.0103635357   0.0220732147   0.0014204338   0.0243497774   0.0284826749
28  7   0.0155007738  -0.0204238741  -0.0068020655  -0.0161443327  -0.0244540446
28  8  -0.0151482226  -0.0107533761   0.0163527299   0.0222122394  -0.0126614938
28  9  -0.0084727138  -0.0116045392
29  1   0.0152613809   0.2413705261   0.1192807219  -0.0043162530  -0.0133270821
29  2   0.2721253275  -0.0542073839  -0.0414725647   0.2863364517  -0.1796428381
29  3  -0.2717475753   0.0135432013   0.0081593374  -0.0155777634   0.0177189397
29  4  -0.1002333149   0.0317684820   0.3878118729  -0.0234300183   0.0283849145
29  5  -0.0022635402   0.0334452590   0.0290483126   0.0397364932  -0.2301351237
29  6  -0.3500091586   0.2960960570   0.2819219481   0.3971621993   0.4516782488
29  7   0.1469248935  -0.3640434514  -0.1215639753  -0.2948695752  -0.4271980794
29  8  -0.2888588966  -0.2453933794   0.2433518697   0.3297508209  -0.1886652774
29  9  -0.1249996442  -0.1697769331
30  1   0.0222807473   0.1531154824   0.1767363800   0.0998736138  -0.2586497608
30  2   0.0934935210  -0.0091793974  -0.0002206268   0.1430732506  -0.0055320443
30  3  -0.0364797154   0.0059554516  -0.0030501076   0.0195065417   0.0026677731
30  4   0.3300301853  -0.0033747568  -0.0682035573   0.0014591604  -0.0003052751
30  5   0.0006635728  -0.0012250266  -0.0952597610  -0.0213272407  -0.4312345718
30  6  -0.1805524890   0.0765600503   0.0381226879   0.2393220648   0.2558051116
30  7   0.0645464066  -0.1758144455  -0.0718993261  -0.2895854417  -0.1755831939
30  8  -0.2692712064   0.0551862049  -0.4175701798  -0.5704882128   0.3338846799
30  9   0.2119766641   0.2924066860
31  1   0.3770431058  -0.1021194163  -0.2541927185   0.1779389384  -0.0803420263
31  2   0.2388377718   0.3446148792  -0.3197614773   0.0116463351   0.1749570749
31  3  -0.1175441966   0.3306441033   0.4618302435   0.0112741437  -0.2465606968
31  4   0.0099195972   0.5173732126  -0.1425282897   0.2263998275  -0.4982399904
31  5  -0.5714119069   0.4838850782  -0.1083300166   0.2535503457  -0.0249850406
31  6  -0.0353405041  -0.0432241224   0.0376319861  -0.0076565715  -0.0313782724
31  7   0.0165422721  -0.0329328951   0.0372514204   0.0076241752  -0.0307003842
31  8   0.0166649477  -0.0230261588   0.0026587965   0.0047650136  -0.0070029361
31  9   0.0134976702   0.0122902967
32  1   0.0104118392   0.2526869623   0.1114042634   0.0045952010  -0.0119711701
32  2   0.2670924665  -0.0571127784  -0.0125953610   0.2785205433  -0.2744567325
32  3  -0.2347487313   0.0637665928  -0.0476272682   0.1999485662   0.0520582222
32  4  -0.0943856066  -0.0470129627  -0.1624671738  -0.0155856257   0.0335137855
32  5   0.0443018642  -0.0388547573   0.1777692476   0.0175557137  -0.3423911093
32  6  -0.3499139021  -0.4794779628   0.3907881080  -0.1242501614  -0.4076421610
32  7   0.0869264703  -0.4482064881   0.3276182146   0.0843730795  -0.4359494471
32  8   0.2230284086  -0.2855910904   0.0699836493   0.1248408183  -0.1780336318
32  9   0.3375005670   0.3047628913
33  1   0.0894506392   0.0773852430   0.1193840157   0.0487745503  -0.1088908507
33  2  -0.1290123109   0.0303875073  -0.0001356537  -0.2212481737   0.0108009495
33  3   0.3083944964   0.0025346478   0.0290668599   0.0109388555   0.0043037370
33  4  -0.2987956123  -0.0029772949  -0.0892416386   0.0008134740  -0.0099994424
33  5  -0.0067302589   0.0100968923   0.2366272999   0.0624208717   0.1457437671
33  6   0.3626603645   0.1772412954  -0.3315731445   0.0890953282   0.2376466801
33  7  -0.0861989181   0.3056584082  -0.2176638209  -0.1858225224   0.1966571975
33  8  -0.2494354192   0.0093854197   0.1200515484   0.2144446493  -0.3036029236
33  9   0.5668901073   0.5112171110
34  1   0.1228436871  -0.2369460242   0.1413912487   0.0541019562   0.0626318282
34  2   0.1220214478  -0.0000000000  -0.0087291341  -0.0000000000  -0.0493930727
34  3  -0.0000000000  -0.1845473149  -0.0000000000   0.1830267756  -0.1896089818
34  4  -0.0000000000   0.0068694280  -0.0169475493  -0.0167883976  -0.0000000000
34  5   0.0065617403  -0.0000000000   0.0183528211   0.0024875712   0.0170189102
34  6  -0.0682750718   0.0000000000  -0.0919539276  -0.0000000000  -0.0010596850
34  7   0.0000000000  -0.0000000000   0.0000000000   0.0000000000  -0.0002892120
34  8   0.0019259030  -0.0000000000  -0.0000042192   0.0000000000  -0.0000158587
34  9   0.0000000000   0.0000216551
35  1   0.0804807134   0.1996310929   0.0366847607  -0.0288461183   0.1095646529
35  2   0.0799420255   0.0000000000  -0.0399261885  -0.0000000000   0.1416310969
35  3  -0.0000000000  -0.1505434424   0.0000000000  -0.3730344056  -0.1022365873
35  4  -0.0000000000  -0.0015681792  -0.1182132058  -0.0115385999  -0.0000000000
35  5   0.0030052119   0.0000000000  -0.0074100187  -0.0025239670  -0.0042339631
35  6   0.0605343770  -0.0000000000   0.1345948643   0.0000000000   0.0057114696
35  7  -0.0000000000   0.0000000000  -0.0000000000  -0.0000000000   0.0017174283
35  8   0.0028479168   0.0000000000   0.0000225836  -0.0000000000  -0.0000063305
35  9  -0.0000000000  -0.0000882988
36  1   0.1319923767   0.0203488283   0.0834621699   0.0098773601   0.0091826983
36  2  -0.3029931416   0.0610645134  -0.0000000000  -0.0192676250   0.0000000000
36  3  -0.2003913058   0.0000000000  -0.0159421557   0.0000000000  -0.0000000000
36  4  -0.0068343820  -0.0000000000   0.0000000000  -0.0000000000  -0.0006335161
36  5   0.0000000000   0.0003602997   0.0000000000  -0.0000000000   0.0000000000
36  6  -0.0000000000   0.0037926012  -0.0000000000   0.0001812464   0.0000000000
36  7  -0.4952652217  -0.0087343733   0.0208943842  -0.0048513134  -0.0000000000
36  8   0.0000000000  -0.0078396795   0.0000000000  -0.0001268289  -0.0000000000
36  9  -0.0003106781   0.0000000000
37  1  -0.0509556926  -0.2665924025   0.3426584778   0.0201750888   0.1536363089
37  2   0.0304199490   0.3470781968   0.1475619135   0.0610788308  -0.0140499029
37  3  -0.0108949204   0.1332948038   0.0060259233  -0.1991917326   0.1053212190
37  4  -0.0043982669  -0.0059493698   0.0044812824   0.0062722622  -0.0000714517
37  5  -0.0017572019   0.0004123769  -0.0164715639  -0.0036660132  -0.0161461281
37  6   0.0687470934  -0.0035160282   0.0953953936   0.0000813358   0.0016419121
37  7   0.1912445810   0.0044084488  -0.0074322271   0.0001094586   0.0003527650
37  8  -0.0016306996   0.0008530728   0.0000097005   0.0000128534   0.0000049991
37  9   0.0000329010  -0.0000260718
38  1   0.1435440935   0.1188389000   0.0258317679  -0.0874575466   0.1767316764
38  2  -0.0107583981  -0.0105980826   0.1029707365   0.3317902328   0.3426270450
38  3   0.2863659947   0.0375921626   0.0260622001   0.2261698088   0.0875176328
38  4   0.0019222196  -0.0074341084   0.0000996615   0.0084771973  -0.0005493668
38  5  -0.0022056183   0.0001957665   0.0166407316   0.0041522616   0.0197340434
38  6  -0.0775243947   0.0052282969  -0.0945018384  -0.0009440277  -0.0017111480
38  7  -0.1915383113  -0.0081083977   0.0004530926   0.0034965580   0.0012387950
38  8  -0.0001400625   0.0051272852  -0.0000347128   0.0001013425   0.0000857336
38  9   0.0002537884  -0.0000586843
39  1   0.2253363140   0.0000000000  -0.0000000000   0.0000000000   0.0000000000
39  2  -0.3028993988  -0.0780944568  -0.0029126598   0.0916901399   0.0702797738
39  3  -0.0913082564  -0.0467066764  -0.0080809939   0.4402217730  -0.0374804815
39  4  -0.0103100375   0.0037348664   0.0737855909   0.0009715444   0.0006697224
39  5  -0.0011765945  -0.0002687333  -0.0450117888  -0.0103317098  -0.0434881351
39  6   0.1694768428  -0.0085359062   0.2059132796   0.0008634235   0.0029957674
39  7   0.4886620041   0.0135163424  -0.0162058216  -0.0011493928  -0.0020115532
39  8   0.0006999300   0.0012017953  -0.0000172878   0.0000699308   0.0000761639
39  9   0.0001288510  -0.0001726834
40  1   0.3324745588  -0.2902350367  -0.0028363108   0.0227701201  -0.0375251656
40  2   0.2492146047  -0.3470781968   0.1475619135  -0.0610788308  -0.0140499029
40  3   0.0108949204   0.1332948038  -0.0060259233  -0.1991917326   0.1053212190
40  4   0.0043982669  -0.0059493698   0.0044812824   0.0062722622   0.0000714517
40  5  -0.0017572019  -0.0004123769  -0.0164715639  -0.0036660132  -0.0161461281
40  6   0.0687470934   0.0035160282   0.0953953936  -0.0000813358   0.0016419121
40  7  -0.1912445810  -0.0044084488   0.0074322271  -0.0001094586   0.0003527650
40  8  -0.0016306996  -0.0008530728   0.0000097005  -0.0000128534   0.0000049991
40  9  -0.0000329010  -0.0000260718
41  1   0.0529889079   0.1980894985   0.1041636641  -0.0350200147   0.0333115076
41  2   0.2059759296   0.0105980826   0.1029707365  -0.3317902328   0.3426270450
41  3  -0.2863659947   0.0375921626  -0.0260622001   0.2261698088   0.0875176328
41  4  -0.0019222196  -0.0074341084   0.0000996615   0.0084771973   0.0005493668
41  5  -0.0022056183  -0.0001957665   0.0166407316   0.0041522616   0.0197340434
41  6  -0.0775243947  -0.0052282969  -0.0945018384   0.0009440277  -0.0017111480
41  7   0.1915383113   0.0081083977  -0.0004530926  -0.0034965580   0.0012387950
41  8  -0.0001400625  -0.0051272852  -0.0000347128  -0.0001013425   0.0000857336
41  9  -0.0002537884  -0.0000586843
42  1   0.2253363140   0.0000000000   0.0000000000   0.0000000000   0.0000000000
42  2  -0.3028993988  -0.0780944568   0.0029126598   0.0916901399  -0.0702797738
42  3  -0.0913082564   0.0467066764  -0.0080809939  -0.4402217730   0.0374804815
42  4  -0.0103100375  -0.0037348664  -0.0737855909  -0.0009715444   0.0006697224
42  5   0.0011765945  -0.0002687333   0.0450117888   0.0103317098   0.0434881351
42  6  -0.1694768428  -0.0085359062  -0.2059132796   0.0008634235  -0.0029957674
42  7   0.4886620041   0.0135163424  -0.0162058216  -0.0011493928   0.0020115532
42  8  -0.0006999300   0.0012017953   0.0000172878   0.0000699308  -0.0000761639
42  9   0.0001288510   0.0001726834
$end
