$dipgrad          cartesian dipole gradients
  -.68884214993254D-01  -.25623017363193D-08  -.63099613128430D-01
  0.58023454634960D-07  -.14756469321251D+00  0.10783469193940D-06
  -.22155435950430D+00  -.18254969900089D-07  -.10078929421717D+00
  0.15285388205174D+00  0.12713494766808D-07  0.87772373591458D-02
  -.94314012876668D-08  -.93410810755914D-01  0.15426026005819D-07
  -.11402381591711D+00  -.67208003205466D-08  0.85197030800064D-01
  0.13677244923487D-01  0.14661220858161D-07  -.86077794122710D-05
  -.44175425683514D-07  -.44395813983340D-01  -.12047466835996D-06
  -.25335542446154D-07  -.12283340900730D-07  0.57103961595584D-01
  0.15285388111229D+00  0.86889124341860D-08  -.87856573306041D-02
  -.26958172153224D-07  -.93415117336457D-01  -.93802412334617D-07
  0.11402377826329D+00  0.22248709974359D-07  0.85181496694945D-01
  -.68884250019194D-01  -.18615903775233D-07  0.63109101855402D-01
  -.42945946053632D-08  -.14756909696099D+00  -.97930533747466D-08
  0.22155437031357D+00  0.13542428039247D-07  -.10080506110545D+00
  -.14462123399725D+00  -.15164243937645D-07  0.87147786148757D-05
  0.61837058083082D-07  -.19322147395249D+00  0.99991861366705D-07
  -.96785663995112D-08  0.50181152969065D-08  -.10692033595131D+00
  -.29271712110457D-01  -.31187735359415D-08  0.57684553233043D-01
  0.10938926704706D-07  0.14262977451659D+00  0.14637084067455D-07
  0.35306646317230D-01  -.32837062824665D-08  0.61698183296998D-01
  -.35022934775583D-01  -.40953548790858D-09  -.58166400032211D-01
  0.25008682202282D-08  0.13823293913237D+00  -.16088741190309D-08
  -.96462230626283D-01  -.35722556567736D-08  0.18974013745033D-01
  0.91593958099517D-01  -.90388166688414D-09  -.12707419600607D-05
  0.67322889677191D-07  0.15785273127664D+00  0.39848966099606D-08
  -.20415444042828D-07  0.11821338524222D-08  -.80307564883921D-01
  -.35022966646264D-01  0.31772106442260D-08  0.58165099923785D-01
  -.17153465208419D-07  0.13823240299304D+00  -.15538856567765D-07
  0.96462277821337D-01  0.75258602263184D-09  0.18971695615452D-01
  -.29271653657503D-01  0.15338014313883D-08  -.57683158137334D-01
  -.98610140386079D-07  0.14262915827061D+00  -.65669517456881D-09
  -.35306611238160D-01  0.13711000169747D-08  0.61695874397412D-01
$end
