$grad          cartesian gradients
  cycle =      1    SCF energy =     -231.3577407605   |dE/dxyz| =  0.000197
    2.30469940920099      0.00000000000000     -1.75142690379563      c
    2.28068571436734      0.00000000000000      0.88511313865540      c
    0.00000000000000      0.00000000000000      2.18323726200976      c
   -2.28068571436734      0.00000000000000      0.88511313865540      c
   -2.30469940920099      0.00000000000000     -1.75142690379563      c
    0.00000000000000      0.00000000000000     -2.92401311863536      c
    4.06676112475466      0.00000000000000     -2.79339600422076      h
    4.05139689540385      0.00000000000000      1.91520871184238      h
    0.00000000000000      0.00000000000000      4.22977759371759      h
   -4.05139689540385      0.00000000000000      1.91520871184238      h
   -4.06676112475466      0.00000000000000     -2.79339600422076      h
  -.21974260837054D-04  0.29500589124321D-09  0.28789583126354D-04
  0.11216618940102D-03  0.40708897364183D-09  0.30715950277482D-04
  -.90919217710095D-08  0.59125010443140D-10  0.17220240783544D-04
  -.11218013905356D-03  -.22133250787704D-09  0.30707948399211D-04
  0.21989639904518D-04  -.29703352971699D-09  0.28765759011673D-04
  -.13671019871708D-09  -.25703970028823D-09  0.12590817732860D-04
  -.23254761939817D-04  0.41901968006464D-11  -.25164920254284D-05
  -.16909948257871D-04  0.12330839474495D-10  -.47977660939780D-04
  0.76342564422904D-08  0.97647074887713D-12  -.47294585863389D-04
  0.16905243152676D-04  -.17727322648015D-10  -.47979320401681D-04
  0.23259697374378D-04  0.17448577305235D-10  -.25040285336342D-05
  cycle =      2    SCF energy =     -231.3577412787   |dE/dxyz| =  0.000056
    2.30472620112603     -0.00000000384703     -1.75153539114489      c
    2.28051639097413     -0.00000000955977      0.88505590929163      c
    0.00000006145628     -0.00000000381481      2.18325447693178      c
   -2.28051616574823      0.00000000513791      0.88505574459766      c
   -2.30472640282292      0.00000000421399     -1.75153554705606      c
   -0.00000005886802      0.00000001070746     -2.92418942479602      c
    4.06691272808793      0.00000000404915     -2.79337629742795      h
    4.05120030289258     -0.00000000350897      1.91537263380474      h
   -0.00000006980699      0.00000000888707      4.22990142811186      h
   -4.05120002789078     -0.00000000204463      1.91537253801027      h
   -4.06691295940003     -0.00000001022036     -2.79337644826824      h
  -.91636411561069D-05  -.12486363627079D-08  0.55617554011178D-05
  -.78880983607199D-05  0.15792650021919D-09  0.23847194880133D-04
  -.17323420919979D-07  -.11667588423192D-08  -.27222823873352D-04
  0.79434440505288D-05  0.93496649311575D-09  0.23812613259011D-04
  0.91215247266518D-05  -.15563367816718D-08  0.55555228706261D-05
  -.70212280434134D-08  0.26537490815937D-08  -.47058278163092D-06
  0.38672250989580D-05  0.29163572164842D-09  -.12620062950469D-04
  0.10974570815891D-04  0.57257631665489D-09  -.86919718746969D-05
  -.25347555721034D-08  0.68006046627378D-09  0.12092367275063D-04
  -.10963367570005D-04  -.44314694969128D-09  -.87094025844614D-05
  -.38647562859984D-05  -.86806386297850D-09  -.12635402220296D-04
$end
