$hessapprox internal
  0.483544742659D+00  0.114578773881D-03  0.479125451567D+00  0.401841279596D-09
  0.396301702620D-06  0.497694034683D-01  0.359617418502D-02 -0.613729157039D-05
 -0.200252151402D-09  0.566169144326D+00  0.132752117823D-04  0.240586163411D-01
  0.158417642207D-05 -0.385261193424D-05  0.433217791745D+00  0.138296193459D-01
  0.219246422958D-04 -0.991212085629D-10 -0.651080312118D-01 -0.624363677267D-05
  0.507707162809D+00  0.391530472534D-05  0.202592897103D-01 -0.866468809014D-06
  0.290759556835D-05 -0.582082506468D-01  0.508767876358D-05  0.462691723010D+00
  0.211162966391D-04  0.600684199829D-01  0.163686666144D-05 -0.378741480662D-05
 -0.125625885361D-01 -0.454846965991D-05 -0.469490755645D-01  0.517230160898D+00
  0.117267386252D-09  0.819980857923D-07  0.573300090441D-04 -0.614498185930D-10
  0.310803672200D-06  0.501871407812D-10 -0.175436020931D-06  0.322872779324D-06
  0.532230930201D-01 -0.840981857113D-10 -0.230538787416D-07  0.181402342786D-01
 -0.151034062437D-10 -0.475777062198D-07  0.510060809618D-10  0.402683126807D-07
 -0.535615738895D-07 -0.225686397662D-03  0.562015868061D-01 -0.796347833626D-01
  0.506166914345D-04  0.336288497344D-10  0.133364674719D-01  0.411827192081D-05
 -0.306870085004D-01  0.502379457999D-05  0.625972724370D-05  0.356586020213D-10
  0.222052357648D-11  0.489256832284D+00 -0.530353520386D-04  0.330299953507D-01
 -0.308256270306D-07  0.143807774141D-05  0.147026305032D-01 -0.109835405942D-04
  0.136467135566D-01  0.211759226930D-01 -0.215651561026D-08 -0.932420265368D-08
 -0.251103243380D-04  0.442827832525D+00  0.206129205753D-09  0.213452214737D-06
 -0.168720544523D-01 -0.897484177592D-10  0.759780958414D-06 -0.853034834137D-10
 -0.445412358335D-06  0.794230337242D-06  0.315246833068D-04 -0.182355469649D-02
  0.706261618312D-11  0.681495753716D-08  0.168236320604D-01 -0.937922402313D-02
 -0.194878297760D-05 -0.659654110627D-10  0.112396331804D-01  0.703495644397D-05
 -0.351258055395D-02 -0.111381672547D-05  0.554362912762D-05 -0.155428181749D-10
 -0.210545913293D-10  0.754160998050D-02 -0.178953796791D-05 -0.763501675455D-11
  0.414869349699D+00 -0.267659327130D-09 -0.209307151546D-06  0.883648511332D-05
  0.858395798301D-10 -0.549007630608D-06  0.599102171485D-10  0.392093115857D-06
 -0.595345005362D-06  0.481851256080D-02 -0.347859538139D-04 -0.589864347407D-10
 -0.557211695630D-07  0.485901587982D-05  0.248099227434D-10  0.247168035115D-01
  0.393734872530D-01  0.596821155219D-05 -0.508831947349D-09 -0.341105089116D-01
 -0.147873199055D-04  0.491962643336D-01  0.121712224411D-04 -0.158953235469D-04
 -0.144863884005D-09  0.447716288922D-10 -0.448304880394D-01 -0.661677976688D-05
 -0.254070012132D-09 -0.362585810893D-01  0.244917854689D-09  0.426875985328D+00
  0.304684329933D-09  0.192629719637D-06 -0.238613657508D-02 -0.739204329640D-10
  0.718121052534D-06 -0.906252501234D-10 -0.409358052540D-06  0.747123025078D-06
  0.165507154523D-03 -0.173813680640D-01  0.551116853774D-10 -0.202616358563D-08
  0.147404004229D-02 -0.527416370851D-10  0.255102755602D-04 -0.282392580760D-09
  0.102298070270D-01  0.726058005433D-04 -0.193216893089D-01 -0.308820637685D-06
 -0.230364203621D-05 -0.464142122535D-01  0.176118624628D-04 -0.422071551756D-01
  0.981813688322D-02 -0.601955620912D-07  0.812758545747D-08  0.340169187224D-04
 -0.167884901943D-01 -0.145592233107D-06 -0.160100807013D-05  0.992716996283D-07
  0.111303336063D-04 -0.138630383033D-06  0.417267999488D+00 -0.304325469448D-04
  0.536832324740D-01  0.193871416341D-05 -0.370726533130D-05 -0.168744416016D-02
 -0.181782779441D-04 -0.152536588135D-01 -0.528884980643D-01  0.381405312914D-06
 -0.609746667703D-07 -0.172473443528D-04  0.367442429090D-01  0.935413587330D-06
  0.783659547304D-05 -0.689188785320D-06 -0.242822605389D-04  0.882001381680D-06
 -0.697437336779D-01  0.534979283565D+00 -0.193662192161D-09 -0.143285512206D-06
 -0.668798608547D-04  0.876799553945D-10 -0.511707904907D-06 -0.847318808171D-11
  0.299455827589D-06 -0.534921309903D-06 -0.300931299301D-01  0.263280508015D-03
 -0.504154853797D-10 -0.407790493492D-08 -0.367759653817D-04  0.664282799863D-10
 -0.132910205643D-03  0.197084637083D-09 -0.193076803067D-03  0.981881515126D-07
 -0.630136971064D-06  0.225582710168D-01  0.173852908975D-09  0.127112907301D-06
  0.145563166893D-01 -0.899650309713D-10  0.490590896681D-06  0.948898117952D-10
 -0.273910042336D-06  0.508587794621D-06  0.183931732526D-04 -0.487378425010D-02
  0.119332028453D-10 -0.549037684197D-08  0.326135300873D-02  0.671646370527D-10
  0.283500754132D-05 -0.219445401434D-09  0.710652269509D-02 -0.951571330677D-07
  0.601375355578D-06 -0.214570499409D-04  0.441448035174D-01  0.169241090031D-03
 -0.860746172586D-01 -0.114151524413D-05 -0.644319544082D-05  0.107065368974D-01
  0.423898390206D-04  0.464838068582D-01 -0.287257603935D-01 -0.220717563149D-06
  0.256548308773D-07  0.782579895050D-04 -0.169415027000D-01 -0.529464737896D-06
 -0.755920646590D-05  0.339853248036D-06  0.279700224378D-04 -0.507459045014D-06
 -0.216245365938D-01  0.777052709675D-01  0.357115195215D-06 -0.350099640493D-06
  0.405041318813D+00  0.447211089729D-01 -0.162870213169D-03 -0.121770522601D-08
 -0.519057634569D-01 -0.368860674966D-04  0.325802391076D-01  0.747060752388D-05
 -0.483414892211D-04 -0.321561170143D-09  0.120052143456D-09  0.187219852983D-01
  0.700778913542D-04 -0.670522830869D-09  0.207996914167D-03  0.683111766534D-09
  0.135758054705D-01 -0.620467049566D-09 -0.961037533602D-04  0.187564797690D-04
  0.516561450241D-09 -0.452827097156D-09 -0.218715177018D-03  0.359844997653D+00
 -0.983745157807D-01  0.123267084057D-03  0.764778205044D-09 -0.488057714278D-01
  0.333638079413D-04 -0.658163793594D-02 -0.441885073764D-05  0.404162959711D-04
  0.223305133212D-09 -0.630283321036D-10  0.266751986298D-01 -0.566829173815D-04
  0.435936504988D-09  0.103361025408D-01 -0.497692205132D-09 -0.244184778781D-01
  0.413920777186D-09  0.726015849139D-04 -0.877990186412D-05 -0.387818153741D-09
  0.234717596753D-09  0.162871604677D-03  0.267162192144D-01  0.411823748702D+00
 -0.504503706139D-04 -0.858418311780D-01 -0.127262715292D-05  0.386448752375D-05
 -0.240129669381D-02 -0.309932397729D-05  0.949485648058D-03 -0.516867613722D-01
 -0.248469410970D-06  0.349709097267D-07 -0.214624473682D-04 -0.505598995505D-01
 -0.603465093558D-06 -0.522379320610D-05  0.419758174962D-06  0.731890614930D-05
 -0.573119907466D-06  0.126365423358D-01 -0.108949918387D-01  0.406745753897D-06
 -0.392793894943D-06  0.355078686044D-01  0.826371057910D-04 -0.680453711938D-04
  0.426992661352D+00 -0.497469536748D-01 -0.591678851061D-05 -0.176286122149D-09
  0.275476005746D-01 -0.536824760797D-05  0.288633366562D-01  0.284907702141D-05
 -0.573475591334D-05  0.162523865347D-10  0.572646423513D-10  0.362977760079D-01
  0.139849677102D-05 -0.111577194379D-09 -0.279519795106D-01  0.111796828965D-09
  0.140339422046D-01 -0.124390080067D-09 -0.742018890088D-06 -0.642692324270D-05
  0.294112356345D-10  0.234108997209D-10 -0.292487656181D-05 -0.128704585408D-01
  0.141410482157D-01  0.583734411017D-05  0.443864650523D+00 -0.525873047393D-04
  0.170220426981D-01 -0.109158283534D-05  0.238587340495D-05 -0.286508661036D-01
 -0.434084976566D-05  0.496396750314D-01  0.597556059555D-01 -0.205720498968D-06
  0.107038184427D-07 -0.253510362726D-04 -0.499282187576D-01 -0.477171850205D-06
 -0.890883187722D-05  0.235648957617D-06  0.157413468736D-05 -0.469116723897D-06
 -0.461230333958D-02  0.175339623393D-01  0.322546255402D-06 -0.329287138599D-06
 -0.143092810556D-01  0.799842824037D-04 -0.708922982515D-04 -0.355093957483D-01
  0.425849942406D-05  0.412454248370D+00
$end
