$hessian (projected)
 1  1   0.7349274149   0.0000000106  -0.0391312270  -0.1161481727   0.0000000011
 1  2   0.0439855096   0.0342088202   0.0000000011   0.0256824200  -0.0155322852
 1  3  -0.0000000011  -0.0309275892  -0.0568949838  -0.0000000007   0.0153523464
 1  4  -0.3134150572  -0.0000000054  -0.1155099986  -0.2630584308  -0.0000000037
 1  5   0.1220685830   0.0030690554  -0.0000000014  -0.0273475259  -0.0040672090
 1  6   0.0000000003   0.0031031640   0.0001450629   0.0000000004  -0.0015483845
 1  7  -0.0032342146  -0.0000000011   0.0042727021
 2  1   0.0000000106   0.1233800725   0.0000000014  -0.0000000016  -0.0605662512
 2  2   0.0000000006   0.0000000012   0.0063234626  -0.0000000015   0.0000000009
 2  3  -0.0027003834  -0.0000000010  -0.0000000004   0.0041198781   0.0000000010
 2  4  -0.0000000065  -0.0513570525  -0.0000000012  -0.0000000042  -0.0349627123
 2  5   0.0000000013   0.0000000002   0.0045599294  -0.0000000004  -0.0000000005
 2  6   0.0064908035   0.0000000008  -0.0000000001  -0.0011378659  -0.0000000005
 2  7   0.0000000005   0.0058501192  -0.0000000004
 3  1  -0.0391312270   0.0000000014   0.6251589986  -0.0342995816   0.0000000004
 3  2  -0.3233360453   0.0750999491  -0.0000000004  -0.0297582266  -0.0347303755
 3  3  -0.0000000001  -0.0498020710  -0.0153525168   0.0000000005   0.0639815059
 3  4  -0.0867010786  -0.0000000017  -0.1470526395   0.1274168849   0.0000000023
 3  5  -0.1271080779   0.0032827158  -0.0000000009  -0.0118490531   0.0030870804
 3  6  -0.0000000009   0.0005332000  -0.0008067189   0.0000000001  -0.0000270599
 3  7   0.0021348683  -0.0000000005  -0.0007405312
 4  1  -0.1161481727  -0.0000000016  -0.0342995816   0.7202384168   0.0000000093
 4  2   0.0294067487  -0.2904502740  -0.0000000027   0.1247613246  -0.0621190949
 4  3   0.0000000004  -0.0239398293  -0.0155323488  -0.0000000006   0.0347302531
 4  4   0.0261190655  -0.0000000003  -0.0321400492   0.0035941584   0.0000000001
 4  5   0.0287188749  -0.2669237751  -0.0000000046  -0.1221407958   0.0044165544
 4  6   0.0000000001  -0.0028715862  -0.0032563202  -0.0000000003  -0.0029112141
 4  7   0.0000617906   0.0000000002   0.0006858550
 5  1   0.0000000011  -0.0605662512   0.0000000004   0.0000000093   0.1309077866
 5  2   0.0000000018  -0.0000000009  -0.0625143677   0.0000000028  -0.0000000025
 5  3   0.0045050167  -0.0000000012   0.0000000024  -0.0027004127  -0.0000000000
 5  4  -0.0000000044   0.0124376694  -0.0000000032   0.0000000002   0.0054999831
 5  5  -0.0000000001  -0.0000000045  -0.0374732582  -0.0000000016  -0.0000000009
 5  6   0.0036189665   0.0000000000  -0.0000000002   0.0067075343   0.0000000006
 5  7   0.0000000003  -0.0004226668   0.0000000005
 6  1   0.0439855096   0.0000000006  -0.3233360453   0.0294067487   0.0000000018
 6  2   0.6688381569   0.0602570350   0.0000000034  -0.1776711743   0.0239399583
 6  3  -0.0000000009   0.0637119112   0.0309274924  -0.0000000007  -0.0498020565
 6  4  -0.0906724917  -0.0000000018  -0.0299394626  -0.0021915385  -0.0000000002
 6  5  -0.0106284216  -0.1210913056  -0.0000000035  -0.1279728150   0.0280990138
 6  6   0.0000000025  -0.0115153266  -0.0039127840  -0.0000000005  -0.0005642599
 6  7   0.0012523621  -0.0000000008  -0.0011205062
 7  1   0.0342088202   0.0000000012   0.0750999491  -0.2904502740  -0.0000000009
 7  2   0.0602570350   0.6753234166   0.0000000006   0.0000000688  -0.2904504504
 7  3   0.0000000010  -0.0602568064   0.0342086279  -0.0000000014  -0.0751001646
 7  4  -0.0735627816   0.0000000002  -0.0000000567   0.0020766940   0.0000000001
 7  5  -0.0011524849  -0.0176369183  -0.0000000004   0.0146590561  -0.0581568347
 7  6   0.0000000004   0.0000000330  -0.0176368198  -0.0000000004  -0.0146591143
 7  7   0.0020765202  -0.0000000004   0.0011524848
 8  1   0.0000000011   0.0063234626  -0.0000000004  -0.0000000027  -0.0625143677
 8  2   0.0000000034   0.0000000006   0.1343705715  -0.0000000108   0.0000000033
 8  3  -0.0625143290   0.0000000027  -0.0000000019   0.0063236710  -0.0000000007
 8  4   0.0000000002  -0.0065118742  -0.0000000011  -0.0000000009   0.0069211603
 8  5  -0.0000000003  -0.0000000000   0.0036547070   0.0000000003  -0.0000000002
 8  6  -0.0366287286   0.0000000068  -0.0000000002   0.0036545904  -0.0000000000
 8  7   0.0000000008   0.0069211367   0.0000000001
 9  1   0.0256824200  -0.0000000015  -0.0297582266   0.1247613246   0.0000000028
 9  2  -0.1776711743   0.0000000688  -0.0000000108   0.7461311488  -0.1247611917
 9  3   0.0000000017  -0.1776710341  -0.0256825759  -0.0000000016  -0.0297585158
 9  4   0.0000000078   0.0000000003  -0.0031309630  -0.0003416069  -0.0000000001
 9  5  -0.0054454999  -0.0163245055   0.0000000006   0.0114769919   0.0000000423
 9  6   0.0000000081  -0.3402040473   0.0163245272   0.0000000008   0.0114769485
 9  7   0.0003414894  -0.0000000001  -0.0054456282
10  1  -0.0155322852   0.0000000009  -0.0347303755  -0.0621190949  -0.0000000025
10  2   0.0239399583  -0.2904504504   0.0000000033  -0.1247611917   0.7202386991
10  3  -0.0000000057  -0.0294067197  -0.1161480937   0.0000000027   0.0342994552
10  4   0.0261189935  -0.0000000002   0.0321400180   0.0000617793  -0.0000000005
10  5  -0.0006859080  -0.0032565282   0.0000000004   0.0029111632   0.0044166656
10  6  -0.0000000003   0.0028715378  -0.2669239537   0.0000000012   0.1221407672
10  7   0.0035942687   0.0000000006  -0.0287187049
11  1  -0.0000000011  -0.0027003834  -0.0000000001   0.0000000004   0.0045050167
11  2  -0.0000000009   0.0000000010  -0.0625143290   0.0000000017  -0.0000000057
11  3   0.1309084930  -0.0000000029   0.0000000004  -0.0605665347   0.0000000021
11  4   0.0000000032   0.0124376937  -0.0000000024   0.0000000000  -0.0004226708
11  5   0.0000000004  -0.0000000003   0.0067073987   0.0000000006   0.0000000010
11  6   0.0036189479  -0.0000000003   0.0000000014  -0.0374736300   0.0000000008
11  7  -0.0000000002   0.0054999980   0.0000000010
12  1  -0.0309275892  -0.0000000010  -0.0498020710  -0.0239398293  -0.0000000012
12  2   0.0637119112  -0.0602568064   0.0000000027  -0.1776710341  -0.0294067197
12  3  -0.0000000029   0.6688376704  -0.0439857192   0.0000000032  -0.3233359479
12  4   0.0906724352  -0.0000000013  -0.0299393673  -0.0012524407  -0.0000000005
12  5  -0.0011203799   0.0039127482  -0.0000000004  -0.0005642881  -0.0280989731
12  6   0.0000000021  -0.0115151470   0.1210913581  -0.0000000009  -0.1279729573
12  7   0.0021915361  -0.0000000000  -0.0106283891
13  1  -0.0568949838  -0.0000000004  -0.0153525168  -0.0155323488   0.0000000024
13  2   0.0309274924   0.0342086279  -0.0000000019  -0.0256825759  -0.1161480937
13  3   0.0000000004  -0.0439857192   0.7349282275  -0.0000000188   0.0391318066
13  4  -0.3134153644   0.0000000067   0.1155100800  -0.0032342726   0.0000000008
13  5  -0.0042726913   0.0001448828  -0.0000000005   0.0015485134  -0.0040670355
13  6   0.0000000002  -0.0031031588   0.0030689451   0.0000000002   0.0273474570
13  7  -0.2630585845   0.0000000109  -0.1220686874
14  1  -0.0000000007   0.0041198781   0.0000000005  -0.0000000006  -0.0027004127
14  2  -0.0000000007  -0.0000000014   0.0063236710  -0.0000000016   0.0000000027
14  3  -0.0605665347   0.0000000032  -0.0000000188   0.1233808401  -0.0000000047
14  4   0.0000000086  -0.0513572261  -0.0000000011  -0.0000000001   0.0058500816
14  5  -0.0000000000   0.0000000003  -0.0011379835  -0.0000000005   0.0000000004
14  6   0.0064909204   0.0000000005  -0.0000000001   0.0045597226  -0.0000000005
14  7   0.0000000098  -0.0349629568   0.0000000050
15  1   0.0153523464   0.0000000010   0.0639815059   0.0347302531  -0.0000000000
15  2  -0.0498020565  -0.0751001646  -0.0000000007  -0.0297585158   0.0342994552
15  3   0.0000000021  -0.3233359479   0.0391318066  -0.0000000047   0.6251596807
15  4   0.0867011472  -0.0000000026  -0.1470526650  -0.0021346248  -0.0000000004
15  5  -0.0007406894   0.0008067405  -0.0000000002  -0.0000270815  -0.0030871042
15  6  -0.0000000005   0.0005330159  -0.0032828180  -0.0000000007  -0.0118490573
15  7  -0.1274170373   0.0000000067  -0.1271081891
16  1  -0.3134150572  -0.0000000065  -0.0867010786   0.0261190655  -0.0000000044
16  2  -0.0906724917  -0.0735627816   0.0000000002   0.0000000078   0.0261189935
16  3   0.0000000032   0.0906724352  -0.3134153644   0.0000000086   0.0867011472
16  4   0.6889070564  -0.0000000013  -0.0000000171  -0.0211189624  -0.0000000013
16  5  -0.0114742422   0.0018317844   0.0000000005  -0.0010664925  -0.0021774967
16  6  -0.0000000004   0.0000001118   0.0018316613   0.0000000000   0.0010664919
16  7  -0.0211188989   0.0000000013   0.0114741282
17  1  -0.0000000054  -0.0513570525  -0.0000000017  -0.0000000003   0.0124376694
17  2  -0.0000000018   0.0000000002  -0.0065118742   0.0000000003  -0.0000000002
17  3   0.0124376937  -0.0000000013   0.0000000067  -0.0513572261  -0.0000000026
17  4  -0.0000000013   0.0733520889   0.0000000072   0.0000000000  -0.0009124106
17  5  -0.0000000001  -0.0000000005   0.0070317400  -0.0000000004  -0.0000000000
17  6  -0.0012400445   0.0000000008   0.0000000007   0.0070318390  -0.0000000001
17  7   0.0000000002  -0.0009124230  -0.0000000005
18  1  -0.1155099986  -0.0000000012  -0.1470526395  -0.0321400492  -0.0000000032
18  2  -0.0299394626  -0.0000000567  -0.0000000011  -0.0031309630   0.0321400180
18  3  -0.0000000024  -0.0299393673   0.1155100800  -0.0000000011  -0.1470526650
18  4  -0.0000000171   0.0000000072   0.3462815683   0.0111104800   0.0000000008
18  5   0.0115792031  -0.0002673970   0.0000000004  -0.0066597761   0.0000000243
18  6  -0.0000000004   0.0009947002   0.0002674179  -0.0000000001  -0.0066597515
18  7  -0.0111105017   0.0000000011   0.0115791534
19  1  -0.2630584308  -0.0000000042   0.1274168849   0.0035941584   0.0000000002
19  2  -0.0021915385   0.0020766940  -0.0000000009  -0.0003416069   0.0000617793
19  3   0.0000000000  -0.0012524407  -0.0032342726  -0.0000000001  -0.0021346248
19  4  -0.0211189624   0.0000000000   0.0111104800   0.2816129350   0.0000000045
19  5  -0.1335034791   0.0006128013   0.0000000004   0.0003765800   0.0000376918
19  6   0.0000000002  -0.0001828008  -0.0000264493  -0.0000000000   0.0001065569
19  7  -0.0005579447  -0.0000000000   0.0005959890
20  1  -0.0000000037  -0.0349627123   0.0000000023   0.0000000001   0.0054999831
20  2  -0.0000000002   0.0000000001   0.0069211603  -0.0000000001  -0.0000000005
20  3  -0.0004226708  -0.0000000005   0.0000000008   0.0058500816  -0.0000000004
20  4  -0.0000000013  -0.0009124106   0.0000000008   0.0000000045   0.0228568725
20  5  -0.0000000021   0.0000000000  -0.0039069788  -0.0000000003  -0.0000000001
20  6  -0.0000775823   0.0000000002   0.0000000000  -0.0008428707   0.0000000001
20  7   0.0000000001  -0.0000028719   0.0000000002
21  1   0.1220685830   0.0000000013  -0.1271080779   0.0287188749  -0.0000000001
21  2  -0.0106284216  -0.0011524849  -0.0000000003  -0.0054454999  -0.0006859080
21  3   0.0000000004  -0.0011203799  -0.0042726913  -0.0000000000  -0.0007406894
21  4  -0.0114742422  -0.0000000001   0.0115792031  -0.1335034791  -0.0000000021
21  5   0.1322021330  -0.0005295089   0.0000000014   0.0014541741   0.0013416519
21  6  -0.0000000008  -0.0006094434   0.0000852704   0.0000000001   0.0000190768
21  7  -0.0005960659   0.0000000002   0.0003979250
22  1   0.0030690554   0.0000000002   0.0032827158  -0.2669237751  -0.0000000045
22  2  -0.1210913056  -0.0176369183  -0.0000000000  -0.0163245055  -0.0032565282
22  3  -0.0000000003   0.0039127482   0.0001448828   0.0000000003   0.0008067405
22  4   0.0018317844  -0.0000000005  -0.0002673970   0.0006128013   0.0000000000
22  5  -0.0005295089   0.2821332874   0.0000000050   0.1308794533   0.0009812358
22  6  -0.0000000002   0.0002781794  -0.0009294037   0.0000000001  -0.0008618571
22  7  -0.0000264217   0.0000000001  -0.0000852631
23  1  -0.0000000014   0.0045599294  -0.0000000009  -0.0000000046  -0.0374732582
23  2  -0.0000000035  -0.0000000004   0.0036547070   0.0000000006   0.0000000004
23  3   0.0067073987  -0.0000000004  -0.0000000005  -0.0011379835  -0.0000000002
23  4   0.0000000005   0.0070317400   0.0000000004   0.0000000004  -0.0039069788
23  5   0.0000000014   0.0000000050   0.0248851537   0.0000000031   0.0000000007
23  6  -0.0036579872  -0.0000000008  -0.0000000001   0.0001801194   0.0000000000
23  7   0.0000000002  -0.0008428407   0.0000000003
24  1  -0.0273475259  -0.0000000004  -0.0118490531  -0.1221407958  -0.0000000016
24  2  -0.1279728150   0.0146590561   0.0000000003   0.0114769919   0.0029111632
24  3   0.0000000006  -0.0005642881   0.0015485134  -0.0000000005  -0.0000270815
24  4  -0.0010664925  -0.0000000004  -0.0066597761   0.0003765800  -0.0000000003
24  5   0.0014541741   0.1308794533   0.0000000031   0.1327797279  -0.0005753609
24  6  -0.0000000008   0.0008493617   0.0008619155   0.0000000001   0.0004936076
24  7  -0.0001065064   0.0000000001   0.0000191505
25  1  -0.0040672090  -0.0000000005   0.0030870804   0.0044165544  -0.0000000009
25  2   0.0280990138  -0.0581568347  -0.0000000002   0.0000000423   0.0044166656
25  3   0.0000000010  -0.0280989731  -0.0040670355   0.0000000004  -0.0030871042
25  4  -0.0021774967  -0.0000000000   0.0000000243   0.0000376918  -0.0000000001
25  5   0.0013416519   0.0009812358   0.0000000007  -0.0005753609   0.0575974836
25  6  -0.0000000002   0.0000000024   0.0009812571  -0.0000000001   0.0005753300
25  7   0.0000376876  -0.0000000000  -0.0013417070
26  1   0.0000000003   0.0064908035  -0.0000000009   0.0000000001   0.0036189665
26  2   0.0000000025   0.0000000004  -0.0366287286   0.0000000081  -0.0000000003
26  3   0.0036189479   0.0000000021   0.0000000002   0.0064909204  -0.0000000005
26  4  -0.0000000004  -0.0012400445  -0.0000000004   0.0000000002  -0.0000775823
26  5  -0.0000000008  -0.0000000002  -0.0036579872  -0.0000000008  -0.0000000002
26  6   0.0251203306  -0.0000000079   0.0000000001  -0.0036580539  -0.0000000009
26  7  -0.0000000002  -0.0000775724  -0.0000000006
27  1   0.0031031640   0.0000000008   0.0005332000  -0.0028715862   0.0000000000
27  2  -0.0115153266   0.0000000330   0.0000000068  -0.3402040473   0.0028715378
27  3  -0.0000000003  -0.0115151470  -0.0031031588   0.0000000005   0.0005330159
27  4   0.0000001118   0.0000000008   0.0009947002  -0.0001828008   0.0000000002
27  5  -0.0006094434   0.0002781794  -0.0000000008   0.0008493617   0.0000000024
27  6  -0.0000000079   0.3606936685  -0.0002782674  -0.0000000003   0.0008493941
27  7   0.0001827847   0.0000000001  -0.0006093762
28  1   0.0001450629  -0.0000000001  -0.0008067189  -0.0032563202  -0.0000000002
28  2  -0.0039127840  -0.0176368198  -0.0000000002   0.0163245272  -0.2669239537
28  3   0.0000000014   0.1210913581   0.0030689451  -0.0000000001  -0.0032828180
28  4   0.0018316613   0.0000000007   0.0002674179  -0.0000264493   0.0000000000
28  5   0.0000852704  -0.0009294037  -0.0000000001   0.0008619155   0.0009812571
28  6   0.0000000001  -0.0002782674   0.2821331422  -0.0000000009  -0.1308794565
28  7   0.0006128782  -0.0000000005   0.0005295558
29  1   0.0000000004  -0.0011378659   0.0000000001  -0.0000000003   0.0067075343
29  2  -0.0000000005  -0.0000000004   0.0036545904   0.0000000008   0.0000000012
29  3  -0.0374736300  -0.0000000009   0.0000000002   0.0045597226  -0.0000000007
29  4   0.0000000000   0.0070318390  -0.0000000001  -0.0000000000  -0.0008428707
29  5   0.0000000001   0.0000000001   0.0001801194   0.0000000001  -0.0000000001
29  6  -0.0036580539  -0.0000000003  -0.0000000009   0.0248855831   0.0000000009
29  7  -0.0000000002  -0.0039069682   0.0000000006
30  1  -0.0015483845  -0.0000000005  -0.0000270599  -0.0029112141   0.0000000006
30  2  -0.0005642599  -0.0146591143  -0.0000000000   0.0114769485   0.1221407672
30  3   0.0000000008  -0.1279729573   0.0273474570  -0.0000000005  -0.0118490573
30  4   0.0010664919  -0.0000000001  -0.0066597515   0.0001065569   0.0000000001
30  5   0.0000190768  -0.0008618571   0.0000000000   0.0004936076   0.0005753300
30  6  -0.0000000009   0.0008493941  -0.1308794565   0.0000000009   0.1327797866
30  7  -0.0003765765  -0.0000000005   0.0014542723
31  1  -0.0032342146   0.0000000005   0.0021348683   0.0000617906   0.0000000003
31  2   0.0012523621   0.0020765202   0.0000000008   0.0003414894   0.0035942687
31  3  -0.0000000002   0.0021915361  -0.2630585845   0.0000000098  -0.1274170373
31  4  -0.0211188989   0.0000000002  -0.0111105017  -0.0005579447   0.0000000001
31  5  -0.0005960659  -0.0000264217   0.0000000002  -0.0001065064   0.0000376876
31  6  -0.0000000002   0.0001827847   0.0006128782  -0.0000000002  -0.0003765765
31  7   0.2816129190  -0.0000000111   0.1335036474
32  1  -0.0000000011   0.0058501192  -0.0000000005   0.0000000002  -0.0004226668
32  2  -0.0000000008  -0.0000000004   0.0069211367  -0.0000000001   0.0000000006
32  3   0.0054999980  -0.0000000000   0.0000000109  -0.0349629568   0.0000000067
32  4   0.0000000013  -0.0009124230   0.0000000011  -0.0000000000  -0.0000028719
32  5   0.0000000002   0.0000000001  -0.0008428407   0.0000000001  -0.0000000000
32  6  -0.0000775724   0.0000000001  -0.0000000005  -0.0039069682  -0.0000000005
32  7  -0.0000000111   0.0228570459  -0.0000000061
33  1   0.0042727021  -0.0000000004  -0.0007405312   0.0006858550   0.0000000005
33  2  -0.0011205062   0.0011524848   0.0000000001  -0.0054456282  -0.0287187049
33  3   0.0000000010  -0.0106283891  -0.1220686874   0.0000000050  -0.1271081891
33  4   0.0114741282  -0.0000000005   0.0115791534   0.0005959890   0.0000000002
33  5   0.0003979250  -0.0000852631   0.0000000003   0.0000191505  -0.0013417070
33  6  -0.0000000006  -0.0006093762   0.0005295558   0.0000000006   0.0014542723
33  7   0.1335036474  -0.0000000061   0.1322021188
$end
