$vibrational normal modes
 1  1   0.0548786400   0.0290188984  -0.2802177681   0.0495007227  -0.0048666415
 1  2  -0.1294471257   0.0000000038  -0.0000000046  -0.2335586760  -0.2268178062
 1  3   0.0000000007  -0.0000000000   0.0000000031   0.0000000065  -0.0000000130
 1  4  -0.1592422331   0.0000000094  -0.1417390812   0.1676035513   0.0404856008
 1  5  -0.0140125085   0.0194416871   0.0173232074  -0.1078242263  -0.0737469892
 1  6  -0.1323465231  -0.0396895100   0.2381714080  -0.0203361685   0.0291341417
 1  7   0.0452579525  -0.0433094852  -0.0186754159
 2  1   0.4153953167  -0.1844092900   0.0685204769   0.0601012391  -0.0877572576
 2  2   0.0067287422  -0.1976050947   0.1170200203  -0.0000000069   0.0000000100
 2  3   0.1309392195  -0.0766224372  -0.0842693078  -0.0919220098  -0.0846418122
 2  4   0.0000000136   0.0277011874   0.0000000101   0.0000000034  -0.0000000006
 2  5   0.0000000013   0.0000000000  -0.0000000004  -0.0000000028  -0.0000000007
 2  6  -0.0000000044  -0.0000000007   0.0000000041  -0.0000000003   0.0000000005
 2  7   0.0000000008  -0.0000000007  -0.0000000002
 3  1  -0.0745395107  -0.2063902123  -0.1338528002   0.0796756193   0.1808818942
 3  2  -0.0409778514   0.0000000000  -0.0000000004   0.2319526131  -0.0112234320
 3  3   0.0000000033  -0.0000000005  -0.0000000024  -0.0000000036   0.0000000109
 3  4   0.1541056818  -0.0000000265   0.1427461202  -0.0120513451  -0.1048118654
 3  5   0.0125887197   0.0385207923   0.0940700388  -0.1862840365   0.0455444798
 3  6  -0.1323240662  -0.2331346205   0.1130727693   0.0107855455  -0.0157673502
 3  7  -0.0265407459   0.0270261810   0.0127533319
 4  1   0.0857228082   0.1144224037  -0.2506791470   0.0165312434  -0.0797148933
 4  2   0.0656194705  -0.0000000019  -0.0000000004   0.2423074480  -0.2241729061
 4  3   0.0000000110  -0.0000000046   0.0000000022   0.0000000012  -0.0000000002
 4  4   0.2573447632   0.0000000232  -0.2316216663  -0.0535284751   0.0485972350
 4  5  -0.0293688276   0.0402655445  -0.0229669366  -0.1470142442  -0.0421075176
 4  6   0.0960300307  -0.1207733805  -0.2126908248   0.0419051769  -0.0433671034
 4  7   0.0064016283  -0.0302888125  -0.0327455200
 5  1   0.2505545697  -0.2242278319  -0.0404438225  -0.2260152029  -0.1079726509
 5  2  -0.0039716001   0.2009534053   0.1288724845   0.0000000061  -0.0000000077
 5  3  -0.1809888207  -0.0197228266  -0.0617870219   0.0262000421   0.1032480715
 5  4  -0.0000000253  -0.0866027348  -0.0000000434  -0.0000000098   0.0000000110
 5  5  -0.0000000036  -0.0000000022   0.0000000004  -0.0000000036  -0.0000000001
 5  6   0.0000000012  -0.0000000030   0.0000000029   0.0000000007  -0.0000000009
 5  7   0.0000000001  -0.0000000005  -0.0000000006
 6  1  -0.0742558153  -0.2056047035  -0.1335811136   0.0793723837   0.1801934695
 6  2  -0.0391837046  -0.0000000001   0.0000000031   0.2305901291   0.0323466608
 6  3  -0.0000000005   0.0000000012   0.0000000008   0.0000000023   0.0000000001
 6  4   0.1636198131   0.0000000068  -0.0917006984   0.0318450205   0.0782941123
 6  5   0.0245752609  -0.0447458598  -0.0311361672   0.2401397030  -0.1111499677
 6  6  -0.0368833593   0.3147077583   0.0952239077   0.0240825670  -0.0243200548
 6  7   0.0070431994  -0.0193828953  -0.0170140117
 7  1   0.1009100851   0.1564739973  -0.2361347067   0.0002974923  -0.1165692218
 7  2   0.1616677753  -0.0000000005   0.0000000014   0.1553496349  -0.0000005111
 7  3   0.0000000013  -0.0000000010  -0.0000000022  -0.0000000002   0.0000000052
 7  4   0.0000006044  -0.0000000027   0.0000007196  -0.0000006340  -0.0685691797
 7  5   0.0683624808  -0.0000134652  -0.0646984589   0.1918674616   0.1974138110
 7  6  -0.0000009671   0.0000005595   0.3790383376   0.0000001417   0.0028130600
 7  7  -0.0000004387   0.0032614537  -0.0000000526
 8  1   0.0834181919  -0.0638531018  -0.0904962356  -0.3752689300   0.0716489033
 8  2  -0.0088867714  -0.0000049789  -0.2465093831  -0.0000000019   0.0000000235
 8  3   0.1614657161  -0.0737829079   0.0000039291   0.0968670814  -0.0000120496
 8  4   0.0000000274   0.1114275566   0.0000000467   0.0000000149  -0.0000000049
 8  5   0.0000000007  -0.0000000012   0.0000000000  -0.0000000000   0.0000000004
 8  6  -0.0000000011   0.0000000021  -0.0000000005   0.0000000006   0.0000000000
 8  7   0.0000000011  -0.0000000000   0.0000000014
 9  1  -0.0475773960  -0.1317356210  -0.1080319180   0.0508556913   0.1154540632
 9  2   0.1295376037  -0.0000000009   0.0000000002   0.0000004940   0.3595504795
 9  3  -0.0000000123   0.0000000036   0.0000000014   0.0000000065  -0.0000000179
 9  4  -0.3227023945   0.0000000511  -0.2971717181  -0.0264425328  -0.0000016060
 9  5   0.0000007059   0.0022338895   0.0000000730   0.0000001050   0.0000003450
 9  6   0.0693873714  -0.1882194660   0.0000002510  -0.0352606553  -0.0000000063
 9  7  -0.0438494149  -0.0000056850  -0.0666439176
10  1   0.0857228086   0.1144224004  -0.2506791475   0.0165312440  -0.0797148940
10  2   0.0656194673  -0.0000000017   0.0000000036   0.2423091449   0.2241714568
10  3  -0.0000000078   0.0000000018   0.0000000007  -0.0000000029  -0.0000000039
10  4  -0.2573455686  -0.0000000172   0.2316197312   0.0535295164   0.0485966736
10  5  -0.0293841582  -0.0402547081  -0.0229666623  -0.1470154750  -0.0421080972
10  6  -0.0960292246   0.1207730183  -0.2126913298  -0.0419079914  -0.0433649396
10  7  -0.0063933323  -0.0302886268   0.0327466818
11  1   0.0777077662   0.1376285702  -0.0332054841  -0.2428506258   0.2731737193
11  2  -0.0032607967  -0.2009478300   0.1288822935  -0.0000000010  -0.0000000086
11  3  -0.1809912215  -0.0197184257   0.0617860173   0.0261963556  -0.1032329233
11  4   0.0000000035  -0.0866210276  -0.0000000200  -0.0000000092  -0.0000000001
11  5   0.0000000028   0.0000000006   0.0000000002   0.0000000049  -0.0000000005
11  6   0.0000000024  -0.0000000035  -0.0000000002   0.0000000001   0.0000000002
11  7  -0.0000000001   0.0000000001  -0.0000000002
12  1  -0.0208989758  -0.0578665391  -0.0824827219   0.0223390015   0.0507146578
12  2   0.2982589099  -0.0000000008  -0.0000000006  -0.2305904264   0.0323477822
12  3  -0.0000000051   0.0000000033  -0.0000000006   0.0000000034   0.0000000014
12  4   0.1636213905  -0.0000000025  -0.0916981911   0.0318429963  -0.0782957097
12  5  -0.0245932475  -0.0447348121   0.0311369129  -0.2401396271   0.1111499507
12  6  -0.0368835849   0.3147070078  -0.0952248816   0.0240842277   0.0243188808
12  7   0.0070380257   0.0193836287  -0.0170147271
13  1   0.0548786390   0.0290188964  -0.2802177689   0.0495007236  -0.0048666391
13  2  -0.1294471310   0.0000000017   0.0000000024  -0.2335567781   0.2268190825
13  3  -0.0000000049   0.0000000030   0.0000000033  -0.0000000068   0.0000000080
13  4   0.1592416335  -0.0000000040   0.1417382897  -0.1676028267   0.0404902565
13  5  -0.0140187253  -0.0194364240   0.0173237117  -0.1078243551  -0.0737463570
13  6   0.1323468335   0.0396898308   0.2381716186   0.0203365032   0.0291324710
13  7  -0.0452480203  -0.0433206245   0.0186760657
14  1   0.2407104920   0.1812950309   0.0758357877   0.0430867943   0.2974421575
14  2   0.0074471042   0.1976077000   0.1170118655  -0.0000000088   0.0000000149
14  3   0.1309408609  -0.0766193138   0.0842723000  -0.0919206747   0.0846388684
14  4  -0.0000000088   0.0277137009  -0.0000000033   0.0000000077  -0.0000000031
14  5  -0.0000000013  -0.0000000010   0.0000000010   0.0000000027   0.0000000016
14  6  -0.0000000038   0.0000000010  -0.0000000060  -0.0000000008  -0.0000000012
14  7   0.0000000019   0.0000000018  -0.0000000007
15  1  -0.0206152821  -0.0570810254  -0.0822110359   0.0220357570   0.0500262275
15  2   0.3000530696   0.0000000006  -0.0000000032  -0.2319519739  -0.0112219225
15  3  -0.0000000016   0.0000000025   0.0000000020  -0.0000000035   0.0000000078
15  4   0.1541036590  -0.0000000159   0.1427440817  -0.0120494006   0.1048144481
15  5  -0.0125736633   0.0385235747  -0.0940709303   0.1862835421  -0.0455456608
15  6  -0.1323238893  -0.2331345376  -0.1130725180   0.0107856363   0.0157664252
15  7  -0.0265345896  -0.0270326056   0.0127537692
16  1   0.0411601298  -0.0089658904  -0.2933556147   0.0641645068   0.0284234934
16  2  -0.2162065914  -0.0000000019  -0.0000000018  -0.1516389725   0.0000005555
16  3  -0.0000000018   0.0000000013  -0.0000000006   0.0000000006   0.0000000015
16  4   0.0000003006  -0.0000000024   0.0000009984  -0.0000002268  -0.0278554084
16  5   0.0121591325  -0.0000018947   0.0940416181   0.2631334071   0.1681233958
16  6  -0.0000006131  -0.0000007146  -0.3922250223   0.0000000129  -0.0006106563
16  7  -0.0000003035   0.0026729729   0.0000000033
17  1   0.4009601197   0.0170086104   0.1206591293   0.1788097643   0.1147349449
17  2   0.0118487784  -0.0000046859  -0.3249719508   0.0000000097  -0.0000000249
17  3  -0.1721309285   0.0845305751  -0.0000014831   0.0227209354  -0.0000005760
17  4  -0.0000000047   0.0065121074   0.0000000093  -0.0000000066  -0.0000000015
17  5  -0.0000000003  -0.0000000006  -0.0000000003  -0.0000000005  -0.0000000005
17  6   0.0000000039   0.0000000006   0.0000000009   0.0000000003   0.0000000000
17  7  -0.0000000000  -0.0000000000   0.0000000001
18  1  -0.0475774022  -0.1317356216  -0.1080319221   0.0508556794   0.1154540613
18  2   0.1295376057   0.0000000009   0.0000000055  -0.0000009169  -0.4400352257
18  3   0.0000000114  -0.0000000122   0.0000000016  -0.0000000022  -0.0000000047
18  4  -0.3741516473   0.0000000114   0.1423014429  -0.1288779766   0.0000013811
18  5   0.0000037689   0.0167021032   0.0000001697  -0.0000000173   0.0000003760
18  6   0.1164254810   0.0959460965  -0.0000000198   0.0009759163  -0.0000000277
18  7  -0.0015256357  -0.0000001954   0.0008289052
19  1   0.0426915356  -0.0047256055  -0.2918890247   0.0625275749   0.0247072942
19  2  -0.2065215532   0.0000000015  -0.0000000195  -0.3358475474  -0.0370815449
19  3  -0.0000000050  -0.0000000109  -0.0000000207  -0.0000000079  -0.0000000026
19  4  -0.1148866724  -0.0000000433  -0.0147952607   0.3957780641  -0.1711883137
19  5  -0.0954163876   0.2340829880  -0.3308675429  -0.0027019691  -0.1484729543
19  6   0.2082213434   0.1662749427   0.0181756852   0.2407550794  -0.3445694837
19  7  -0.5160826323   0.5014267932   0.2122138443
20  1   0.5469459866  -0.3077251169   0.1087928493   0.1796204194  -0.2262311179
20  2   0.0106835087  -0.4618186120   0.3620232260   0.0000000027   0.0000000100
20  3   0.5025102681   0.3340712227   0.5433511385   0.5363887748   0.4271128833
20  4  -0.0000001031  -0.1880508915  -0.0000000700  -0.0000000185   0.0000000084
20  5  -0.0000000159   0.0000000091  -0.0000000016  -0.0000000015  -0.0000000064
20  6   0.0000000079   0.0000000029   0.0000000133   0.0000000046  -0.0000000064
20  7  -0.0000000082   0.0000000084   0.0000000038
21  1  -0.0951547852  -0.2634712357  -0.1535954874   0.1017113894   0.2309081227
21  2  -0.1713542506  -0.0000000120  -0.0000000208   0.0504729966   0.3118809979
21  3   0.0000000051  -0.0000000073  -0.0000000257  -0.0000000125   0.0000000462
21  4   0.2192544058  -0.0000001290   0.3926511402   0.3614746412  -0.4794111567
21  5  -0.1246895685   0.4060834873  -0.4927354134  -0.0140205677  -0.0541398639
21  6   0.4591821080   0.0866236684  -0.2793856372  -0.1394419214   0.1996511782
21  7   0.3023154930  -0.2953355963  -0.1267302646
22  1   0.0977769659   0.1477988075  -0.2391352074   0.0036464957  -0.1089662131
22  2   0.1418531239  -0.0000000051  -0.0000000012   0.3271153737  -0.0537570131
22  3  -0.0000000023  -0.0000000144  -0.0000000088   0.0000000078   0.0000000040
22  4   0.1703152634   0.0000000455  -0.3600712587  -0.2324095442  -0.0846025611
22  5  -0.2363902977   0.2747623608   0.1344912243   0.2758187712  -0.2751804933
22  6  -0.1483611291   0.2976198036  -0.0354863246  -0.4939091780   0.5027010174
22  7  -0.0849821353   0.3422517654   0.3457470469
23  1   0.2535938517  -0.3810182716  -0.0858530320  -0.3312611926  -0.2646307031
23  2  -0.0084308026   0.4553002722   0.3621270292   0.0000000256  -0.0000000467
23  3  -0.1210251411   0.5174964215   0.4402657943  -0.1768341313  -0.5475439968
23  4   0.0000001871   0.5019730223   0.0000002412   0.0000000735  -0.0000000747
23  5   0.0000000225   0.0000000256  -0.0000000185   0.0000000072  -0.0000000104
23  6   0.0000000216   0.0000000028  -0.0000000252  -0.0000000118   0.0000000100
23  7  -0.0000000016   0.0000000067   0.0000000052
24  1  -0.0949695978  -0.2629584834  -0.1534181394   0.1015134501   0.2304587438
24  2  -0.1701830957  -0.0000000043  -0.0000000067   0.0785541907  -0.2637558877
24  3   0.0000000229   0.0000000015   0.0000000039  -0.0000000030   0.0000000140
24  4   0.3068767484  -0.0000000496   0.0833711751   0.3427513816   0.3207557065
24  5   0.3774540732  -0.4464334988  -0.3110033984  -0.4894272514   0.2544181733
24  6   0.4064379186  -0.4018632648  -0.2479095372  -0.2870895581   0.2918052185
24  7  -0.0531126685   0.2005209623   0.1981511330
25  1   0.1248526164   0.2227677447  -0.2132055995  -0.0252947896  -0.1746695593
25  2   0.3130865871  -0.0000000041  -0.0000000080  -0.2353010979  -0.0000010684
25  3   0.0000000050  -0.0000000039  -0.0000000178   0.0000000030   0.0000000410
25  4   0.0000055689  -0.0000000381   0.0000041563  -0.0000008070  -0.4625049839
25  5   0.7384358890  -0.0001435558   0.1775836354   0.1053124310  -0.7474125275
25  6   0.0000022022   0.0000005943  -0.4155045166  -0.0000000558  -0.0033019199
25  7   0.0000004542  -0.0040492742   0.0000000600
26  1  -0.0438246885  -0.0962553565  -0.1751087345  -0.5972949394   0.0543838154
26  2  -0.0171957561  -0.0000112189  -0.4986342065   0.0000000095   0.0000000018
26  3   0.5569224129   0.4648891642  -0.0000186835  -0.5778197614   0.0000663695
26  4  -0.0000001708  -0.6294409070  -0.0000002873  -0.0000000975   0.0000000404
26  5  -0.0000000046  -0.0000000032  -0.0000000013   0.0000000004   0.0000000035
26  6  -0.0000000248   0.0000000317   0.0000000084  -0.0000000072  -0.0000000002
26  7  -0.0000000132  -0.0000000001  -0.0000000184
27  1  -0.0475773994  -0.1317356194  -0.1080319200   0.0508556825   0.1154540602
27  2   0.1295376096  -0.0000000003  -0.0000000048   0.0000006396   0.3593693440
27  3  -0.0000000038   0.0000000173   0.0000000019  -0.0000000097  -0.0000000194
27  4  -0.3205637633   0.0000000379  -0.3231202491  -0.0293561816  -0.0000016759
27  5   0.0000008227   0.0031422228  -0.0000001395   0.0000002787   0.0000001661
27  6   0.0871942150  -0.2140451348   0.0000002415   0.4306171870  -0.0000005794
27  7   0.5069648075   0.0000649370   0.7429631309
28  1   0.0977769681   0.1477988043  -0.2391352072   0.0036464956  -0.1089662181
28  2   0.1418531257   0.0000000045   0.0000000028   0.3271165145   0.0537572952
28  3   0.0000000113   0.0000000053  -0.0000000076  -0.0000000054  -0.0000000065
28  4  -0.1703162577  -0.0000000576   0.3600746004   0.2324055954  -0.0846091838
28  5  -0.2364979370  -0.2746654055   0.1344936644   0.2758193753  -0.2751801477
28  6   0.1483627555  -0.2976198507  -0.0354840700   0.4939410184   0.5026751476
28  7   0.0848884067   0.3422527065  -0.3457607666
29  1  -0.0534554866   0.2617923791  -0.0729946731  -0.3611680648   0.4124471245
29  2  -0.0071681144  -0.4552811288   0.3621417730  -0.0000000078  -0.0000000564
29  3  -0.1210248389   0.5174717504  -0.4402864246  -0.1768129335   0.5474633112
29  4   0.0000000162   0.5020753490   0.0000001296   0.0000000782  -0.0000000011
29  5  -0.0000000102   0.0000000008   0.0000000135  -0.0000000078  -0.0000000011
29  6   0.0000000099  -0.0000000028   0.0000000038  -0.0000000030  -0.0000000022
29  7  -0.0000000001  -0.0000000011   0.0000000008
30  1  -0.0001851905  -0.0005127585  -0.0626456944   0.0001979398   0.0004493839
30  2   0.4292583013   0.0000000107  -0.0000000071  -0.0785556369  -0.2637525404
30  3   0.0000000286   0.0000000062  -0.0000000112  -0.0000000011  -0.0000000085
30  4   0.3068789237  -0.0000000744   0.0833824304   0.3427402655  -0.3207683802
30  5  -0.3776297902  -0.4462752291   0.3110073870   0.4894297933  -0.2544160102
30  6   0.4064388422  -0.4018635209   0.2479135720  -0.2871084524  -0.2917905551
30  7  -0.0530577643  -0.2005222327   0.1981592448
31  1   0.0426915323  -0.0047256033  -0.2918890256   0.0625275757   0.0247073017
31  2  -0.2065215595   0.0000000082   0.0000000185  -0.3358468438   0.0370838639
31  3   0.0000000088   0.0000000180  -0.0000000227   0.0000000218  -0.0000000079
31  4   0.1148880557   0.0000000190   0.0147997806  -0.3957840945  -0.1711850519
31  5  -0.0955049336  -0.2340452013  -0.3308652046  -0.0027025936  -0.1484750845
31  6  -0.2082196455  -0.1662731496   0.0181752842  -0.2407591550  -0.3445498595
31  7   0.5159675382   0.5015536912  -0.2122211857
32  1   0.2386968571   0.3375973241   0.1217014569   0.1495966978   0.4534923984
32  2   0.0119511313   0.4618283742   0.3619980574   0.0000000036   0.0000000048
32  3   0.5025148379   0.3340453044  -0.5433646564   0.5363833071  -0.4270935490
32  4   0.0000000019  -0.1881150887  -0.0000000061  -0.0000000412   0.0000000163
32  5   0.0000000135   0.0000000191  -0.0000000016  -0.0000000053   0.0000000113
32  6   0.0000000045   0.0000000072  -0.0000000150   0.0000000102   0.0000000150
32  7  -0.0000000225  -0.0000000223   0.0000000098
33  1   0.0000000000   0.0000000000  -0.0624683436   0.0000000000   0.0000000000
33  2   0.4304294696   0.0000000097  -0.0000000144  -0.0504712248   0.3118809914
33  3   0.0000000043   0.0000000068  -0.0000000006  -0.0000000081  -0.0000000032
33  4   0.2192486937  -0.0000000761   0.3926390211   0.3614877687   0.4794164443
33  5   0.1248460564   0.4060315801   0.4927304104   0.0140216897   0.0541432185
33  6   0.4591800840   0.0866220388   0.2793872150  -0.1394443450  -0.1996398449
33  7   0.3022480769   0.2954098197  -0.1267344845
$end
