$coord
    0.32437992186537      6.38499024031542     -0.15709788244706  c
    2.60137512100890      3.81754519081353     -0.22345642234588  s
    1.92805453276797      2.32040906500110      2.15808037742205  o
    0.26459822780634     -1.62775843244060      0.03038703938290  u
   -1.45368704518149     -5.58478424697572     -2.12854931462080  o
   -1.97321073165047     -7.11080905674476      0.27164965779277  s
   -1.20696820267311     -5.48184254779871      2.53398933231805  o
    1.67785842024372      2.21259785800132     -2.44574818896243  o
    3.40900937225251     -2.92139496746995     -0.10306014285669  o
   -2.90610148966375     -0.35085425771141      0.17020406060389  o
    1.23000143916001      8.83508392956789     -0.29253946803458  c
   -0.45239550501771     10.85205783601928     -0.24297357783017  c
   -3.02419974251198     10.39021999454632     -0.05724875581889  c
   -3.91562075270388      7.91942930098841      0.07722202414985  c
   -2.24981726822722      5.90041316648346      0.02807588382183  c
    3.25037945841270      9.15912592091894     -0.43585616469049  h
    0.24472291099787     12.77593108778415     -0.34817906298493  h
   -4.34430997284296     11.95693490243166     -0.01635191122072  h
   -5.92879494492434      7.56696473948162      0.22206022757947  h
   -2.91188921478270      3.96075264187043      0.12966033802217  h
$user-defined bonds
$redundant
     number_of_atoms            20
     degrees_of_freedom         54
     internal_coordinates       54
     frozen_coordinates          0
# definitions of redundant internals
   1 k  1.0000000000000 stre   4    9           val=   3.40274
   2 k  1.0000000000000 stre   4   10           val=   3.42102
   3 k  0.3587861545460 bend   8    9    4      val=   0.24311
        0.3463019067776 bend   8   10    4
        0.3611212561262 bend   3    9    4
        0.3485938071946 bend   3   10    4
       -0.3583691854366 bend   5    9    4
       -0.3458697013468 bend   5   10    4
       -0.3607361232650 bend   7    9    4
       -0.3481901874251 bend   7   10    4
   4 k -0.3462491749507 bend   8    9    4      val=  -0.14244
        0.3587299206560 bend   8   10    4
       -0.3486146613906 bend   3    9    4
        0.3612081289266 bend   3   10    4
        0.3459597282460 bend   5    9    4
       -0.3583871885188 bend   5   10    4
        0.3481323087382 bend   7    9    4
       -0.3606871823106 bend   7   10    4
   5 k  0.3652818397332 bend   8    9    4      val=   0.04727
       -0.3479638154123 bend   8   10    4
       -0.3574268626642 bend   3    9    4
        0.3403479407058 bend   3   10    4
        0.3665264329006 bend   5    9    4
       -0.3492415762733 bend   5   10    4
       -0.3588341089240 bend   7    9    4
        0.3417988523799 bend   7   10    4
   6 k  0.3478987377321 bend   8    9    4      val=   0.99243
        0.3652398197684 bend   8   10    4
       -0.3405162249193 bend   3    9    4
       -0.3573612761475 bend   3   10    4
        0.3491836199722 bend   5    9    4
        0.3666974996999 bend   5   10    4
       -0.3417566953176 bend   7    9    4
       -0.3587674256109 bend   7   10    4
   7 k  1.0000000000000 stre  11   16           val=   2.05121
   8 k  0.7071067842675 bend  12   16   11      val=   0.60269
       -0.7071067781055 bend   1   16   11
   9 k  1.0000000000000 outp  16    1   12   11 val=  -0.01892
  10 k  1.0000000000000 stre  12   17           val=   2.04898
  11 k -0.7071067503515 bend  11   17   12      val=   0.03843
        0.7071068120216 bend  13   17   12
  12 k  1.0000000000000 outp  17   13   11   12 val=   0.02583
  13 k  1.0000000000000 stre  13   18           val=   2.04914
  14 k  0.7071067813184 bend  12   18   13      val=   0.00714
       -0.7071067810547 bend  14   18   13
  15 k  1.0000000000000 outp  18   14   12   13 val=   0.00787
  16 k  1.0000000000000 stre  14   19           val=   2.04892
  17 k -0.7071067329170 bend  15   19   14      val=   0.14445
        0.7071068294561 bend  13   19   14
  18 k  1.0000000000000 outp  19   13   15   14 val=  -0.01069
  19 k  1.0000000000000 stre  15   20           val=   2.05206
  20 k  0.7071093398727 bend  14   20   15      val=   0.95050
       -0.7071042224911 bend   1   20   15
  21 k  1.0000000000000 outp  20    1   14   15 val=  -0.02898
  22 k  1.0000000000000 stre   1   15           val=   2.62595
  23 k  1.0000000000000 stre  15   14           val=   2.61797
  24 k  1.0000000000000 stre  14   13           val=   2.63012
  25 k  1.0000000000000 stre  13   12           val=   2.61954
  26 k  1.0000000000000 stre  12   11           val=   2.62699
  27 k  1.0000000000000 stre  11    1           val=   2.61562
  28 k -0.2886751345948 bend   1   14   15      val=   0.44685
       -0.2886751345948 bend  15   13   14
        0.5773502691896 bend  14   12   13
       -0.2886751345948 bend  13   11   12
       -0.2886751345948 bend  12    1   11
        0.5773502691896 bend  11   15    1
  29 k  0.5000000000000 bend   1   14   15      val=  -0.44303
       -0.5000000000000 bend  15   13   14
        0.5000000000000 bend  13   11   12
       -0.5000000000000 bend  12    1   11
  30 k -0.4082482904639 bend   1   14   15      val=   0.41120
        0.4082482904639 bend  15   13   14
       -0.4082482904639 bend  14   12   13
        0.4082482904639 bend  13   11   12
       -0.4082482904639 bend  12    1   11
        0.4082482904639 bend  11   15    1
  31 k -0.2886751345948 tors  15   14   13   12 val=   0.01386
       -0.2886751345948 tors  14   13   12   11
        0.5773502691896 tors  13   12   11    1
       -0.2886751345948 tors  12   11    1   15
       -0.2886751345948 tors  11    1   15   14
        0.5773502691896 tors   1   15   14   13
  32 k  0.5000000000000 tors  15   14   13   12 val=   0.02608
       -0.5000000000000 tors  14   13   12   11
        0.5000000000000 tors  12   11    1   15
       -0.5000000000000 tors  11    1   15   14
  33 k -0.4082482904639 tors  15   14   13   12 val=  -0.00424
        0.4082482904639 tors  14   13   12   11
       -0.4082482904639 tors  13   12   11    1
        0.4082482904639 tors  12   11    1   15
       -0.4082482904639 tors  11    1   15   14
        0.4082482904639 tors   1   15   14   13
  34 k  0.5000000000000 tors  15    1    2    3 val=  90.78173
        0.5000000000000 tors  15    1    2    8
        0.5000000000000 tors  11    1    2    3
        0.5000000000000 tors  11    1    2    8
  35 k  0.7073613370342 bend   2   15    1      val=   1.47991
       -0.7068521336667 bend   2   11    1
  36 k  1.0000000000000 outp  15    2   11    1 val=   0.08154
  37 k  1.0000000000000 stre   4    5           val=   4.82406
  38 k  1.0000000000000 stre   5    6           val=   2.89130
  39 k  1.0000000000000 stre   6    7           val=   2.89117
  40 k  1.0000000000000 stre   7    4           val=   4.82571
  41 k -0.5000000000000 bend   4    6    5      val=  -7.18825
        0.5000000000000 bend   5    7    6
       -0.5000000000000 bend   6    4    7
        0.5000000000000 bend   7    5    4
  42 k -0.5000000000000 tors   5    6    7    4 val=   0.03106
        0.5000000000000 tors   6    7    4    5
       -0.5000000000000 tors   7    4    5    6
        0.5000000000000 tors   4    5    6    7
  43 k -0.7071063711302 bend   8    5    4      val=   0.07779
        0.7071071912427 bend   3    7    4
  44 k  0.4941548954117 outp   7    5    8    4 val=  -0.57402
        0.5070057995987 outp   5    3    7    4
       -0.4988183353231 outp   5    3    8    4
       -0.4999363228046 outp   7    3    8    4
  45 k  0.5058486088814 outp   7    5    8    4 val=  -0.02587
       -0.4929539316387 outp   5    3    7    4
        0.5011535605157 outp   5    3    8    4
       -0.4999587132525 outp   7    3    8    4
  46 k  1.0000000000000 stre   2    1           val=   3.43233
  47 k  0.7115003098394 bend   3    1    2      val= 102.55933
        0.7026857826216 bend   8    1    2
  48 k -0.7026857826216 bend   3    1    2      val=   0.67620
        0.7115003098394 bend   8    1    2
  49 k  1.0000000000000 stre   2    3           val=   2.89249
  50 k  1.0000000000000 stre   3    4           val=   4.78353
  51 k  1.0000000000000 stre   4    8           val=   4.78298
  52 k  1.0000000000000 stre   8    2           val=   2.89263
  53 k -0.5000000000000 bend   2    4    3      val=  -8.23977
        0.5000000000000 bend   3    8    4
       -0.5000000000000 bend   4    2    8
        0.5000000000000 bend   8    3    2
  54 k -0.5000000000000 tors   3    4    8    2 val=  -4.24415
        0.5000000000000 tors   4    8    2    3
       -0.5000000000000 tors   8    2    3    4
        0.5000000000000 tors   2    3    4    8
        54 non zero eigenvalues  of BmBt
           1          10.663353924    1    0
         1
           2           5.095277807    2    0
         2
           3           4.862538328    3    0
         3
           4           4.513419080    4    0
         4
           5           4.338407427    5    0
         5
           6           4.292656974    6    0
         6
           7           4.003409317    7    0
         7
           8           3.510328914    8    0
         8
           9           3.496381963    9    0
         9
          10           3.352418650   10    0
        10
          11           3.217499406   11    0
        11
          12           2.735711437   12    0
        12
          13           2.625137211   13    0
        13
          14           2.338996271   14    0
        14
          15           2.252763979   15    0
        15
          16           2.211550527   16    0
        16
          17           1.995373649   17    0
        17
          18           1.881280970   18    0
        18
          19           1.767654081   19    0
        19
          20           1.740257932   20    0
        20
          21           1.711508870   21    0
        21
          22           1.492294181   22    0
        22
          23           1.376225647   23    0
        23
          24           1.263089498   24    0
        24
          25           1.252259626   25    0
        25
          26           1.145547250   26    0
        26
          27           1.000001814   27    0
        27
          28           0.976945429   28    0
        28
          29           0.848603534   29    0
        29
          30           0.796712967   30    0
        30
          31           0.507819300   31    0
        31
          32           0.443227110   32    0
        32
          33           0.388010206   33    0
        33
          34           0.380740006   34    0
        34
          35           0.358533262   35    0
        35
          36           0.344903764   36    0
        36
          37           0.323880692   37    0
        37
          38           0.312675951   38    0
        38
          39           0.290038494   39    0
        39
          40           0.281161015   40    0
        40
          41           0.280328167   41    0
        41
          42           0.272088368   42    0
        42
          43           0.259893268   43    0
        43
          44           0.252915818   44    0
        44
          45           0.167910945   45    0
        45
          46           0.134227298   46    0
        46
          47           0.112969173   47    0
        47
          48           0.100343884   48    0
        48
          49           0.087373747   49    0
        49
          50           0.053605484   50    0
        50
          51           0.046526279   51    0
        51
          52           0.030047505   52    0
        52
          53           0.012483230   53    0
        53
          54           0.003323961   54    0
        54
$end
