$dipgrad          cartesian dipole gradients
  -.30181383938366D+00  0.33500886298992D+00  0.46914292230666D-02
  0.36026679892257D-01  -.20679975060029D+00  0.41297749396327D-03
  0.92684620945854D-02  -.15553088042497D-01  -.95493186037961D-01
  0.82873815000418D+00  0.96404959047703D-01  0.21467316991250D-01
  -.35144234010187D+00  0.18951666355164D+01  0.56269724417906D-02
  0.34389279289320D-01  -.13905645011132D-01  0.12406656689901D+01
  -.47021903342543D+00  -.39524178619569D+00  0.16455160061431D+00
  -.20189288001923D-01  -.16662407011831D+01  0.27600766912736D+00
  -.12856406866030D+00  0.40779233274994D+00  -.93820498828552D+00
  0.33258523381766D+01  -.75697095449074D+00  -.99357107668551D-01
  -.33467466379660D+00  0.38667025919997D+01  -.45492796344229D-01
  -.10466509537641D+00  0.22928992508971D-02  0.11517919703805D+01
  -.39181248876307D+00  -.49890041449704D+00  0.12493927884954D+00
  -.29174268872898D+00  -.11789637725143D+01  0.38769135779628D+00
  0.13421533597109D-01  0.10371551185877D+00  -.99881696230685D+00
  0.16662353230030D+00  -.53741924688572D-03  0.59789263043625D-01
  0.29641192437304D+00  0.97711809607795D+00  -.78625221150792D-02
  0.53094531658952D-01  0.87356609599690D-02  0.13228398035888D+01
  -.41282251022715D+00  -.52211240979033D+00  -.16440509370748D+00
  -.33181373138123D+00  -.11937825534486D+01  -.34466729393410D+00
  -.61842132542957D-01  -.38166476122263D-01  -.96002548900040D+00
  -.47697486095450D+00  -.43454508621509D+00  -.19410290546017D+00
  -.42683638498558D-01  -.16998118057889D+01  -.23985086097411D+00
  0.81947932129761D-01  -.32390942028850D+00  -.90189622853429D+00
  -.17090174454119D+01  0.54197990151283D+00  0.52151182204781D-01
  0.49970272658928D+00  -.95598400116399D+00  -.14874624423266D-01
  0.54977841830506D-01  -.74713322495566D-02  -.45713439265242D+00
  -.15468492205988D+01  0.48653672126398D+00  0.48638445525083D-01
  0.41108931247356D+00  -.94169749710924D+00  -.96195214676225D-02
  0.49596961934701D-01  -.22213321288540D-01  -.42083110494036D+00
  0.58404861831446D-01  0.35308632532359D+00  -.18718654872154D-01
  -.91428006524523D-02  -.90524174033509D-01  -.91009650679694D-04
  -.10240256078666D-01  -.23902215494164D-01  -.99875245099190D-01
  -.47724219436448D-01  0.19237960815316D+00  -.98485593837231D-02
  0.79400688194625D-01  0.71688988798828D-01  -.12078659881788D-01
  -.86952018421341D-02  -.23879919417119D-01  -.14604064222441D+00
  0.43549947961571D-01  0.17454640168732D+00  -.15252262608629D-01
  -.19432130560782D-01  0.50685634099146D-01  -.42973097268114D-02
  -.12818137949477D-01  -.24561690237428D-01  -.14318782765802D+00
  0.13225199439865D+00  0.21606264039025D+00  -.22095100765941D-01
  -.28597593780736D-01  0.22332908762756D-02  -.13970498171266D-02
  -.16846888075285D-01  -.26461446206068D-01  -.12394191598886D+00
  -.10334545244471D+00  0.16324820037347D+00  0.14468788582930D-02
  0.11852464031136D+00  -.13741862710228D+00  -.48373970604407D-02
  0.96174108287946D-03  -.12717490097789D-01  -.32167943945553D-01
  -.70644627324327D-01  -.58005373465049D-01  0.14154412624026D-01
  -.52496658550238D-02  0.87683041250045D-01  0.12311254880652D-02
  0.12385368727619D-01  0.50504651994922D-02  0.11539719547539D+00
  0.37572028857764D-01  -.36806296299518D-01  0.77382611643374D-02
  -.48913156361253D-01  -.16025215501243D+00  0.12060012044688D-01
  0.78961792797819D-02  0.11049919282658D-01  0.13236891869258D+00
  -.17816905490279D-01  0.12818240913628D+00  0.63306290285992D-02
  0.10663882420050D+00  -.67586944215897D-01  -.11342816892164D-02
  0.66413310225880D-02  -.33232074978633D-02  0.13070349662119D+00
  -.12655099251862D+00  0.24214114125179D-01  0.16370009264260D-01
  -.18144621145925D-01  0.53740827624200D-01  0.35213274294481D-02
  0.17129410981522D-01  -.37068509893994D-03  0.12416837186270D+00
  0.82598742446604D-01  -.85304038039894D-02  0.15109770755221D-02
  -.45768477169224D-01  0.29404287593011D+00  -.34811473706251D-03
  0.19612068959263D-02  -.22008522494851D-02  0.99680501061505D-01
$end
