$energy      SCF               SCFKIN            SCFPOT
     1 -1955.844551862      1623.132892294     -3578.977444155
     2 -1955.844567728      1623.133091366     -3578.977659093
     3 -1955.844580183      1623.133199730     -3578.977779912
     4 -1955.848363759      1623.363687532     -3579.212051291
     5 -1955.846875473      1623.463113617     -3579.309989090
     6 -1955.847743674      1623.435709233     -3579.283452908
     7 -1955.848621471      1623.422679273     -3579.271300744
     8 -1955.847929625      1623.418843643     -3579.266773268
     9 -1955.848416415      1623.415834314     -3579.264250729
    10 -1955.848718739      1623.416254546     -3579.264973286
    11 -1955.848411791      1623.416110103     -3579.264521893
    12 -1955.848554913      1623.415872802     -3579.264427716
    13 -1955.848721569      1623.416258564     -3579.264980133
    14 -1955.848739912      1623.416186606     -3579.264926518
    15 -1955.848741267      1623.416114133     -3579.264855400
    16 -1955.848742563      1623.416371133     -3579.265113695
    17 -1955.848744400      1623.416259944     -3579.265004344
    18 -1955.848744806      1623.416301634     -3579.265046439
    19 -1955.848745726      1623.416364861     -3579.265110587
    20 -1955.848746002      1623.416367610     -3579.265113611
    21 -1955.848747589      1623.416473410     -3579.265220999
    22 -1955.848745851      1623.416438178     -3579.265184029
    23 -1955.848747860      1623.416310137     -3579.265057997
    24 -1955.848747888      1623.416404077     -3579.265151965
    25 -1955.848747927      1623.416399207     -3579.265147134
    26 -1955.843245059      1622.970717661     -3578.813962720
    27 -1955.843245715      1622.970714214     -3578.813959929
    28 -1955.848246618      1623.333829532     -3579.182076150
    29 -1955.847036450      1623.468756104     -3579.315792554
    30 -1955.847841656      1623.439540817     -3579.287382473
    31 -1955.848547904      1623.425138518     -3579.273686423
    32 -1955.847589703      1623.428036978     -3579.275626681
    33 -1955.848086724      1623.421615501     -3579.269702225
    34 -1955.848649631      1623.419058498     -3579.267708129
    35 -1955.848670243      1623.412405062     -3579.261075305
    36 -1955.848669939      1623.409530661     -3579.258200600
    37 -1955.848729917      1623.417547394     -3579.266277310
    38 -1955.848738054      1623.417088853     -3579.265826907
    39 -1955.848742222      1623.415882572     -3579.264624794
    40 -1955.848739998      1623.414902681     -3579.263642678
    41 -1955.848741507      1623.416251990     -3579.264993497
    42 -1955.848742602      1623.416396095     -3579.265138697
    43 -1955.848744361      1623.416375335     -3579.265119696
    44 -1955.848745500      1623.416356962     -3579.265102462
    45 -1955.848745416      1623.416368496     -3579.265113912
    46 -1955.848745688      1623.416478149     -3579.265223837
    47 -1955.848745792      1623.416432013     -3579.265177805
    48 -1955.848745997      1623.416351882     -3579.265097879
    49 -1955.848746170      1623.416400683     -3579.265146853
    50 -1955.848746844      1623.416622366     -3579.265369210
    51 -1955.848746953      1623.416484941     -3579.265231894
    52 -1955.848746770      1623.416382661     -3579.265129431
    53 -1955.848747119      1623.416450623     -3579.265197742
    54 -1955.848747596      1623.416311459     -3579.265059055
    55 -1955.848747433      1623.416484293     -3579.265231727
    56 -1955.848747593      1623.416533228     -3579.265280821
    57 -1955.848747585      1623.416533593     -3579.265281178
    58 -1955.848747601      1623.416486705     -3579.265234306
    59 -1955.848747836      1623.416454693     -3579.265202530
    60 -1955.848748311      1623.416460773     -3579.265209084
    61 -1955.848748784      1623.416472714     -3579.265221498
    62 -1955.848748887      1623.416487869     -3579.265236756
    63 -1955.848748896      1623.416489127     -3579.265238023
    64 -1955.848747238      1623.415091048     -3579.263838286
    65 -1955.848751613      1623.416410342     -3579.265161955
    66 -1955.848752446      1623.416516435     -3579.265268880
    67 -1955.848752309      1623.416410032     -3579.265162341
    68 -1955.848752727      1623.416430596     -3579.265183323
    69 -1955.848753305      1623.416441556     -3579.265194861
    70 -1955.848752877      1623.416419594     -3579.265172472
    71 -1955.848753034      1623.416376201     -3579.265129235
    72 -1955.848753122      1623.416408901     -3579.265162023
    73 -1955.848753290      1623.416364960     -3579.265118250
    74 -1955.848753345      1623.416367533     -3579.265120879
    75 -1955.848753360      1623.416325021     -3579.265078382
    76 -1955.848753378      1623.416438222     -3579.265191601
    77 -1955.848753456      1623.416421809     -3579.265175266
    78 -1955.848753415      1623.416423168     -3579.265176584
    79 -1955.848753492      1623.416387881     -3579.265141373
    80 -1955.848753489      1623.416373228     -3579.265126717
    81 -1955.848753529      1623.416413403     -3579.265166932
    82 -1955.848745777      1623.413017927     -3579.261763704
    83 -1955.848745274      1623.415025563     -3579.263770838
    84 -1955.848745963      1623.415698800     -3579.264444763
    85 -1955.848745980      1623.415857653     -3579.264603633
    86 -1955.848746008      1623.415458097     -3579.264204105
    87 -1955.848745994      1623.415215769     -3579.263961764
    88 -1955.848746071      1623.415143811     -3579.263889882
    89 -1955.848746118      1623.415321121     -3579.264067240
    90 -1955.848746258      1623.415504262     -3579.264250520
    91 -1955.848746351      1623.415670275     -3579.264416626
    92 -1955.848746411      1623.415580055     -3579.264326467
    93 -1955.842754225      1622.973949935     -3578.816704160
    94 -1955.842817562      1622.976622304     -3578.819439865
    95 -1955.842990819      1622.993595476     -3578.836586296
    96 -1955.843271537      1623.011676278     -3578.854947815
    97 -1955.844258833      1623.094243206     -3578.938502039
    98 -1955.845711626      1623.217185225     -3579.062896852
    99 -1955.847058524      1623.397178031     -3579.244236555
   100 -1955.847652940      1623.427247104     -3579.274900044
   101 -1955.847570540      1623.406510578     -3579.254081118
   102 -1955.847718276      1623.398245605     -3579.245963882
   103 -1955.847856632      1623.389773404     -3579.237630037
   104 -1955.848034790      1623.413104596     -3579.261139386
   105 -1955.848069470      1623.409788507     -3579.257857977
   106 -1955.848100735      1623.416316834     -3579.264417569
   107 -1955.848121468      1623.416157995     -3579.264279463
   108 -1955.848136647      1623.415461212     -3579.263597859
   109 -1955.848152815      1623.416022990     -3579.264175805
   110 -1955.848160058      1623.414437086     -3579.262597144
   111 -1955.848162551      1623.414228812     -3579.262391362
   112 -1955.848165471      1623.414548063     -3579.262713534
   113 -1955.848166790      1623.414861811     -3579.263028601
   114 -1955.848168068      1623.414986079     -3579.263154148
   115 -1955.848168508      1623.414762167     -3579.262930675
   116 -1955.848168695      1623.414731397     -3579.262900092
   117 -1955.848168855      1623.414889079     -3579.263057934
   118 -1955.848168922      1623.414964732     -3579.263133654
   119 -1955.848168806      1623.415009776     -3579.263178582
   120 -1955.848168959      1623.414999180     -3579.263168139
   121 -1955.848168989      1623.414977752     -3579.263146740
   122 -1955.848169027      1623.414968255     -3579.263137282
   123 -1955.848169118      1623.414915042     -3579.263084160
   124 -1955.848169129      1623.414906145     -3579.263075274
   125 -1955.848169167      1623.414893103     -3579.263062270
   126 -1955.848169190      1623.414917164     -3579.263086354
   127 -1955.848169202      1623.414918217     -3579.263087418
   128 -1955.848169195      1623.414937311     -3579.263106505
   129 -1955.848169191      1623.414939549     -3579.263108740
$end
