$hessian (projected)
 1  1   0.6082661612   0.0857537059  -0.0334169093  -0.1343721255   0.0496479940
 1  2   0.0046430543   0.0183776054  -0.0070451218  -0.0009323984  -0.0007166583
 1  3  -0.0000664238  -0.0001335394   0.0000478612   0.0000326853   0.0000190741
 1  4  -0.0000347108  -0.0000365461   0.0000033605   0.0000468271   0.0000254142
 1  5  -0.0000100395   0.0194830034  -0.0094009074  -0.0014412943   0.0005217993
 1  6  -0.0000549718   0.0000280376   0.0005179974  -0.0008070631  -0.0000395615
 1  7  -0.1520895195  -0.0502312977   0.0075069472   0.0604962784  -0.0054568992
 1  8  -0.0032360752  -0.0422293642  -0.0333628589   0.0033462903  -0.0459449023
 1  9   0.0640571326   0.0016087711  -0.3147387258  -0.0692371966   0.0187199121
 1 10  -0.0076840860  -0.0288587862   0.0015868980  -0.0017975583   0.0048974499
 1 11   0.0004232547  -0.0006301163  -0.0012574593   0.0000276016  -0.0013974569
 1 12   0.0039620963   0.0004963251  -0.0061223094  -0.0025609464   0.0008002909
 2  1   0.0857537059   0.5876143911  -0.0196063872   0.0103200533  -0.0712547514
 2  2   0.0005098131   0.0146774194  -0.0162780844   0.0101203667   0.0001178332
 2  3   0.0008458553  -0.0001005958  -0.0000816505  -0.0002499756  -0.0000077182
 2  4   0.0000504197   0.0001330572  -0.0000118624  -0.0000838188  -0.0002480972
 2  5   0.0000288971   0.0138795274  -0.0176419418  -0.0111799878   0.0007964816
 2  6  -0.0005417506  -0.0000044376   0.0004861123  -0.0003134545  -0.0000263971
 2  7  -0.0996376569  -0.3136251011   0.0143680255   0.0434439414  -0.0572731551
 2  8  -0.0008519194  -0.0347104298  -0.0277476393   0.0029283995   0.0166444362
 2  9   0.0484924680  -0.0023792658  -0.0260434551  -0.1275491387   0.0036809059
 2 10  -0.0033798874  -0.0002168305   0.0003181729   0.0036946678  -0.0026442430
 2 11   0.0000515638  -0.0011153103  -0.0001942330   0.0000644690   0.0041135803
 2 12  -0.0030775938   0.0000721823  -0.0289259698   0.0017702182   0.0020257758
 3  1  -0.0334169093  -0.0196063872   0.1439949227   0.0055956561  -0.0017897369
 3  2  -0.0311130833  -0.0112415788   0.0231221405  -0.0069546068  -0.0001574649
 3  3  -0.0001098773  -0.0033657116   0.0000349968   0.0000558523   0.0001044501
 3  4   0.0000001225  -0.0000057112  -0.0000621391  -0.0000128985  -0.0000355102
 3  5   0.0001090874   0.0077770763  -0.0215702091  -0.0063306085   0.0000058692
 3  6   0.0000466551   0.0009717888  -0.0000307555   0.0000586475   0.0000188300
 3  7   0.0090440849   0.0110765257  -0.0625605390  -0.0047797286   0.0023983300
 3  8   0.0087882357   0.0033887972   0.0028569361  -0.0072293524   0.0031100201
 3  9  -0.0054655176   0.0083177201   0.0173453635   0.0066020650  -0.0656211833
 3 10   0.0008431918   0.0020369161   0.0034154603   0.0004601259  -0.0000285239
 3 11   0.0068338491   0.0000198991   0.0000662059  -0.0008194973   0.0004893518
 3 12   0.0000620255   0.0077448002   0.0015247806   0.0002291739   0.0037575772
 4  1  -0.1343721255   0.0103200533   0.0055956561   0.3553969700   0.1039000457
 4  2   0.0050974050  -0.0925099914  -0.0491772198   0.0599470461   0.0021977904
 4  3  -0.0165957169   0.0017223524  -0.0000752171   0.0005507555   0.0002110274
 4  4   0.0000204469  -0.0004354957   0.0000346926  -0.0000675871   0.0006386771
 4  5  -0.0003102096  -0.1088835819  -0.0673326731  -0.0731076439  -0.0044248929
 4  6   0.0014095646  -0.0000637732  -0.0008642826   0.0020801797  -0.0002206411
 4  7   0.0133292319  -0.0026491131  -0.0007021046   0.0011628581  -0.0053135937
 4  8   0.0004928674  -0.0009563675  -0.0027839691   0.0001026130  -0.0076268296
 4  9  -0.0033089428   0.0009100403  -0.0216127348   0.0319433022   0.0004697690
 4 10   0.0001670169  -0.0036279954  -0.0001018062   0.0006846618  -0.0013670459
 4 11   0.0000163754  -0.0000336343  -0.0000475774  -0.0000506113  -0.0010307176
 4 12   0.0016188851   0.0000257785  -0.0005010135   0.0001778799  -0.0000688335
 5  1   0.0496479940  -0.0712547514  -0.0017897369   0.1039000457   0.4198209997
 5  2  -0.0039000706  -0.0650830441  -0.1486189920   0.1262179183  -0.0274426000
 5  3  -0.0364572307   0.0029460473   0.0014859009   0.0027570189   0.0006190490
 5  4  -0.0008570316  -0.0016894588   0.0001094109   0.0014293798   0.0027554445
 5  5  -0.0009305603  -0.0822570959  -0.1608335213  -0.1223752015  -0.0015849026
 5  6   0.0052302618  -0.0001845925   0.0112648146  -0.0042903477  -0.0006274389
 5  7   0.0068771398  -0.0189793503   0.0001402355  -0.0004834929  -0.0016713561
 5  8   0.0003154881  -0.0033078100  -0.0003616125   0.0002231445  -0.0036398174
 5  9   0.0042684685   0.0002273729   0.0128953955   0.0044462155  -0.0008881622
 5 10   0.0015894852   0.0011404574  -0.0002642287   0.0001308794   0.0010399856
 5 11  -0.0000280086  -0.0003107972   0.0001240408  -0.0000163034  -0.0014876589
 5 12   0.0007714486   0.0000712900  -0.0027667842   0.0018022797   0.0001343470
 6  1   0.0046430543   0.0005098131  -0.0311130833   0.0050974050  -0.0039000706
 6  2   0.5004828079   0.0770265393   0.1386868661  -0.2601429989   0.0020141357
 6  3   0.0023386346   0.0261817910  -0.0004195417  -0.0010138849  -0.0007612608
 6  4   0.0000496885   0.0000732699   0.0005233028   0.0002900749   0.0007896443
 6  5  -0.0007555693  -0.0892516478  -0.1366301493  -0.2314424624  -0.0000383660
 6  6  -0.0003510958  -0.0051961568  -0.0004319851  -0.0000630074  -0.0038835671
 6  7  -0.0010067162   0.0007134168   0.0011375780   0.0003068983   0.0006330499
 6  8   0.0061610658   0.0001769170   0.0001788089  -0.0004961529   0.0007909799
 6  9   0.0001485861   0.0033940352   0.0008890342  -0.0020565498   0.0004622412
 6 10  -0.0002543562   0.0000636895  -0.0032375482  -0.0000285482   0.0000753563
 6 11   0.0003568994  -0.0000458813  -0.0000179839  -0.0008221305   0.0001003463
 6 12  -0.0001128644   0.0000320105   0.0000919690  -0.0000655294  -0.0008808016
 7  1   0.0183776054   0.0146774194  -0.0112415788  -0.0925099914  -0.0650830441
 7  2   0.0770265393   0.0587670600   0.0435076141  -0.0525645066  -0.0154796175
 7  3   0.0015766116   0.0008846830  -0.0005804785  -0.0026106624  -0.0004209855
 7  4   0.0000633152   0.0008373817  -0.0003744604   0.0000221323  -0.0009139925
 7  5   0.0003730431   0.0230439186   0.0125897549  -0.0110928597   0.0088994434
 7  6   0.0002586487   0.0006808283  -0.0037067000  -0.0028551223  -0.0032826925
 7  7  -0.0018713606   0.0010553388  -0.0005037685  -0.0004096040   0.0016258797
 7  8   0.0007307996   0.0009574039   0.0008668702  -0.0000729812   0.0024932769
 7  9  -0.0003214036  -0.0002383268   0.0007061820  -0.0052251011  -0.0007588041
 7 10  -0.0002796701   0.0010801971  -0.0001696068  -0.0001121775   0.0000930280
 7 11   0.0001590618   0.0001049317   0.0000506061   0.0000187988   0.0004693739
 7 12  -0.0004746458  -0.0000423666   0.0010449564  -0.0007353785   0.0008891838
 8  1  -0.0070451218  -0.0162780844   0.0231221405  -0.0491772198  -0.1486189920
 8  2   0.1386868661   0.0435076141   0.1643856720  -0.1384931108   0.0042447047
 8  3  -0.0150875832  -0.0032962638  -0.0026836582  -0.0058032287  -0.0008658569
 8  4   0.0008062072   0.0017373668  -0.0009877889  -0.0010200723  -0.0019693543
 8  5   0.0009096735   0.0116052516   0.0267574608  -0.0143426779   0.0072912840
 8  6  -0.0062107518  -0.0033004279  -0.0134934840   0.0072037282  -0.0007659071
 8  7   0.0062154970  -0.0008983169   0.0008976084   0.0000756935  -0.0008063030
 8  8  -0.0022178158   0.0003717336  -0.0013566476   0.0002143810  -0.0003137179
 8  9   0.0006414036  -0.0014251949  -0.0018853614  -0.0013088030  -0.0003651524
 8 10  -0.0001638721   0.0004776062   0.0011660137   0.0003155652  -0.0008044060
 8 11  -0.0002299332   0.0002534278  -0.0001147088   0.0002953550   0.0005672205
 8 12  -0.0002228697   0.0001849842   0.0005283081  -0.0017231882   0.0008131073
 9  1  -0.0009323984   0.0101203667  -0.0069546068   0.0599470461   0.1262179183
 9  2  -0.2601429989  -0.0525645066  -0.1384931108   0.3172901351  -0.0066279417
 9  3  -0.0109000387  -0.0214326648  -0.0001628154  -0.0004521356   0.0002113208
 9  4   0.0001159896   0.0003274962  -0.0007189058   0.0000229971  -0.0001301934
 9  5   0.0017255810   0.0040976506   0.0100752853  -0.0356363159   0.0019684831
 9  6  -0.0005378910   0.0024234884  -0.0006102181  -0.0004468472   0.0027068312
 9  7  -0.0046849511   0.0008103318   0.0000317796   0.0009024652   0.0008106815
 9  8   0.0001560642  -0.0002544685   0.0002878615  -0.0001786757  -0.0009459177
 9  9  -0.0005329542   0.0009674148   0.0002365567   0.0023963298   0.0009899360
 9 10   0.0007007235  -0.0005489606  -0.0003289038  -0.0003101662   0.0006037176
 9 11   0.0000500484  -0.0001457898   0.0000712000  -0.0000970760  -0.0004949462
 9 12   0.0003373923  -0.0000994901  -0.0002577921  -0.0000164494  -0.0009629616
10  1  -0.0007166583   0.0001178332  -0.0001574649   0.0021977904  -0.0274426000
10  2   0.0020141357  -0.0154796175   0.0042447047  -0.0066279417   0.8006190477
10  3  -0.2492027513  -0.0320141255  -0.0155409888   0.0010766525  -0.0041353326
10  4   0.0013105671  -0.0159634169   0.0015404973  -0.0152054209   0.0012770146
10  5   0.0033727736  -0.0150715176   0.0047901280   0.0055782251  -0.3772571244
10  6   0.1417097334   0.0152369732  -0.3612883225   0.1291843915   0.0151101983
10  7  -0.0024484661   0.0000243971   0.0001504402  -0.0006114017  -0.0004237479
10  8   0.0000802973   0.0001112222   0.0010010092  -0.0000341329  -0.0012885325
10  9  -0.0025633967   0.0001561995   0.0014165188   0.0035139672  -0.0002938251
10 10  -0.0000697802  -0.0006647981   0.0000167019  -0.0002203900   0.0001650485
10 11   0.0000106850  -0.0000936725  -0.0002766162   0.0000165696  -0.0005871571
10 12   0.0006576888   0.0000243727   0.0002239039   0.0087747583  -0.0000452468
11  1  -0.0000664238   0.0008458553  -0.0001098773  -0.0165957169  -0.0364572307
11  2   0.0023386346   0.0015766116  -0.0150875832  -0.0109000387  -0.2492027513
11  3   0.2983186919   0.0082813975   0.0009125572  -0.0126966114  -0.0094461417
11  4  -0.0161913251  -0.0320233549   0.0020989760   0.0019134418  -0.0121870441
11  5   0.0088515191   0.0026234924  -0.0144708734   0.0103620137   0.1386249380
11  6  -0.0888746587  -0.0056668227   0.1376727586  -0.0867998025  -0.0058945420
11  7  -0.0021086290   0.0000138903   0.0001368222   0.0000250626   0.0004284670
11  8  -0.0000010508  -0.0005020929   0.0009517756   0.0000044683   0.0008896055
11  9   0.0001264088  -0.0000540634  -0.0011661171   0.0001478198   0.0000649623
11 10   0.0004129603  -0.0002839204  -0.0000253128  -0.0000528019   0.0006451206
11 11  -0.0000151779  -0.0002106134   0.0004647975  -0.0000000992  -0.0005156010
11 12   0.0000804191   0.0000314057   0.0019606444  -0.0031421668  -0.0000570730
12  1  -0.0001335394  -0.0001005958  -0.0033657116   0.0017223524   0.0029460473
12  2   0.0261817910   0.0008846830  -0.0032962638  -0.0214326648  -0.0320141255
12  3   0.0082813975   0.0790031819  -0.0004468447  -0.0005271502  -0.0205036021
12  4   0.0015362523   0.0020744197   0.0232519258  -0.0003221155  -0.0000259025
12  5  -0.0213470340  -0.0018424890   0.0024776832  -0.0225809525   0.0154098597
12  6  -0.0058866065  -0.0198838034   0.0149227072  -0.0054150561  -0.0203759903
12  7   0.0001712501   0.0000132505  -0.0000450531   0.0000616770   0.0000326688
12  8   0.0004042094   0.0000012745  -0.0000802351  -0.0000316636   0.0000483299
12  9   0.0001419541  -0.0000652722  -0.0000657127  -0.0002281332   0.0000580803
12 10  -0.0000199814   0.0000364251  -0.0001997974   0.0000165239  -0.0000205205
12 11   0.0000558661   0.0000117596   0.0000054317   0.0000202360   0.0000470667
12 12  -0.0000380526   0.0000205408   0.0000110720  -0.0003907617   0.0008357137
13  1   0.0000478612  -0.0000816505   0.0000349968  -0.0000752171   0.0014859009
13  2  -0.0004195417  -0.0005804785  -0.0026836582  -0.0001628154  -0.0155409888
13  3   0.0009125572  -0.0004468447   0.0304566586   0.0515129056  -0.0472577349
13  4  -0.0281376486  -0.0609431825   0.0563370006   0.0089643374   0.0138207462
13  5  -0.0063315354  -0.0000011539  -0.0010870843   0.0002153498  -0.0027789576
13  6  -0.0034624717  -0.0031208690   0.0074328603   0.0007192469   0.0011810194
13  7   0.0001648459  -0.0000039676  -0.0000127369   0.0000101739  -0.0000129237
13  8  -0.0000104449   0.0000385985  -0.0000827262  -0.0000066600  -0.0000461826
13  9   0.0000215993  -0.0000135483   0.0000391928  -0.0001557608  -0.0000029318
13 10  -0.0000216760   0.0000346055   0.0000073149   0.0000059250  -0.0000452989
13 11   0.0000032074   0.0000175453  -0.0000314795   0.0000012803   0.0000519318
13 12  -0.0000185348  -0.0000047347  -0.0000476274   0.0001011772   0.0000102283
14  1   0.0000326853  -0.0002499756   0.0000558523   0.0005507555   0.0027570189
14  2  -0.0010138849  -0.0026106624  -0.0058032287  -0.0004521356   0.0010766525
14  3  -0.0126966114  -0.0005271502   0.0515129056   0.1533597551  -0.1497639440
14  4  -0.0603123462  -0.1708139664   0.1674447453   0.0130150688   0.0365418841
14  5  -0.0114407262  -0.0008970943  -0.0019956110   0.0003966903  -0.0093566213
14  6   0.0045929991  -0.0010036045   0.0065978518  -0.0056631388  -0.0037104211
14  7   0.0003357319  -0.0000298667  -0.0000249071  -0.0000112316  -0.0000638483
14  8  -0.0000173062   0.0001004137  -0.0001380584  -0.0000105971  -0.0001513371
14  9  -0.0000738344  -0.0000171839   0.0001801147  -0.0001433094  -0.0000102664
14 10  -0.0000668789   0.0000543707   0.0000187245   0.0000024572  -0.0001171605
14 11   0.0000090988   0.0000437617  -0.0000911975   0.0000117339   0.0000871847
14 12   0.0000009342   0.0000130778  -0.0001294117   0.0005728450   0.0000422044
15  1   0.0000190741  -0.0000077182   0.0001044501   0.0002110274   0.0006190490
15  2  -0.0007612608  -0.0004209855  -0.0008658569   0.0002113208  -0.0041353326
15  3  -0.0094461417  -0.0205036021  -0.0472577349  -0.1497639440   0.3322288692
15  4   0.0505015623   0.1531188131  -0.2841093912   0.0011904477   0.0069054259
15  5  -0.0338049623  -0.0001383841  -0.0006210037   0.0017711221  -0.0022234847
15  6   0.0011480442   0.0026674188   0.0022254037  -0.0011020815   0.0022621067
15  7   0.0000223437   0.0000075509   0.0000038757   0.0000015220  -0.0000097927
15  8   0.0000055858   0.0000115823  -0.0000175087   0.0000178578  -0.0000075448
15  9  -0.0000050317   0.0000398272   0.0000204705  -0.0000239592   0.0000235473
15 10  -0.0000079295   0.0000001091  -0.0000120470   0.0000009619  -0.0000088674
15 11  -0.0000124409   0.0000009530  -0.0000069474  -0.0000133771   0.0000065822
15 12  -0.0000025267  -0.0000336223  -0.0000205348   0.0000823877  -0.0000852779
16  1  -0.0000347108   0.0000504197   0.0000001225   0.0000204469  -0.0008570316
16  2   0.0000496885   0.0000633152   0.0008062072   0.0001159896   0.0013105671
16  3  -0.0161913251   0.0015362523  -0.0281376486  -0.0603123462   0.0505015623
16  4   0.0701944110   0.1537050326   0.0208234736  -0.0418265789  -0.0806459520
16  5  -0.0723777937   0.0000767274   0.0008937503  -0.0002357997   0.0008347714
16  6   0.0018594322  -0.0003051966  -0.0023883238   0.0006467125  -0.0001003083
16  7  -0.0000828243   0.0000016956  -0.0000012879  -0.0000073367   0.0000121898
16  8  -0.0000006029  -0.0000224737   0.0000342952  -0.0000042944   0.0000239042
16  9  -0.0000002860  -0.0000043836  -0.0000270891   0.0000614890  -0.0000095622
16 10   0.0000145491  -0.0000168583   0.0000023443  -0.0000012383   0.0000259735
16 11  -0.0000007293  -0.0000110771   0.0000190292  -0.0000002506  -0.0000229553
16 12   0.0000036720   0.0000023791   0.0000235644  -0.0000960995   0.0000083968
17  1  -0.0000365461   0.0001330572  -0.0000057112  -0.0004354957  -0.0016894588
17  2   0.0000732699   0.0008373817   0.0017373668   0.0003274962  -0.0159634169
17  3  -0.0320233549   0.0020744197  -0.0609431825  -0.1708139664   0.1531188131
17  4   0.1537050326   0.3820746403  -0.0048610378  -0.0800108758  -0.1849081812
17  5  -0.1498321274   0.0008035421   0.0017525525  -0.0005344771   0.0039058871
17  6   0.0001308468  -0.0002929632  -0.0016695399   0.0036470362  -0.0000821232
17  7  -0.0001705501   0.0000139784   0.0000101052   0.0000121810   0.0000403748
17  8  -0.0000026159  -0.0000547209   0.0000724544   0.0000015201   0.0000980368
17  9   0.0000674703  -0.0000089999  -0.0001275051   0.0000728185   0.0000108392
17 10   0.0000410931  -0.0000267188  -0.0000019216   0.0000017928   0.0000673656
17 11  -0.0000016585  -0.0000253174   0.0000572099   0.0000009100  -0.0000450766
17 12  -0.0000069125   0.0000046473   0.0000772796  -0.0003985791   0.0000016149
18  1   0.0000033605  -0.0000118624  -0.0000621391   0.0000346926   0.0001094109
18  2   0.0005233028  -0.0003744604  -0.0009877889  -0.0007189058   0.0015404973
18  3   0.0020989760   0.0232519258   0.0563370006   0.1674447453  -0.2841093912
18  4   0.0208234736  -0.0048610378   0.5266284282  -0.0782331714  -0.1641761024
18  5  -0.2565024657   0.0002637647   0.0007796622  -0.0007600571  -0.0003583032
18  6  -0.0001696897  -0.0041303937  -0.0000464026  -0.0002259857  -0.0041971864
18  7   0.0000063667   0.0000003365  -0.0000219676  -0.0000007874  -0.0000048691
18  8  -0.0000231333  -0.0000009909  -0.0000025608  -0.0000190395  -0.0000087329
18  9  -0.0000021635  -0.0000663504  -0.0000017364  -0.0000072833  -0.0000122361
18 10   0.0000008014   0.0000030247   0.0000253633   0.0000014536  -0.0000019050
18 11   0.0000153863   0.0000019859  -0.0000019005   0.0000214824   0.0000059792
18 12  -0.0000004765   0.0000490480   0.0000052091   0.0000174700   0.0001083289
19  1   0.0000468271  -0.0000838188  -0.0000128985  -0.0000675871   0.0014293798
19  2   0.0002900749   0.0000221323  -0.0010200723   0.0000229971  -0.0152054209
19  3   0.0019134418  -0.0003221155   0.0089643374   0.0130150688   0.0011904477
19  4  -0.0418265789  -0.0800108758  -0.0782331714   0.0434611379   0.0701618384
19  5   0.0746245473  -0.0004812289  -0.0025489595   0.0003741595  -0.0021178285
19  6  -0.0034312902   0.0037903589   0.0069802813   0.0007618983  -0.0017275876
19  7   0.0001642997  -0.0000066702  -0.0000051953   0.0000148889  -0.0000127788
19  8   0.0000153645   0.0000421966  -0.0000754911   0.0000057124  -0.0000385218
19  9   0.0000246538   0.0000207959   0.0000351415  -0.0001464958   0.0000007319
19 10  -0.0000206619   0.0000338105  -0.0000055384   0.0000057986  -0.0000438460
19 11  -0.0000029199   0.0000164740  -0.0000304007  -0.0000045093   0.0000500995
19 12  -0.0000189396  -0.0000068293  -0.0000457870   0.0000895475  -0.0000144248
20  1   0.0000254142  -0.0002480972  -0.0000355102   0.0006386771   0.0027554445
20  2   0.0007896443  -0.0009139925  -0.0019693543  -0.0001301934   0.0012770146
20  3  -0.0121870441  -0.0000259025   0.0138207462   0.0365418841   0.0069054259
20  4  -0.0806459520  -0.1849081812  -0.1641761024   0.0701618384   0.1666121167
20  5   0.1505184208  -0.0025002557  -0.0057172782   0.0010121552  -0.0090631962
20  6   0.0045776693   0.0018634869   0.0068164613  -0.0054263070   0.0033298067
20  7   0.0003336430  -0.0000310073  -0.0000120842  -0.0000113417  -0.0000617760
20  8   0.0000226081   0.0001010514  -0.0001346613   0.0000066579  -0.0001449222
20  9  -0.0000745048   0.0000406305   0.0001782191  -0.0001360789  -0.0000109681
20 10  -0.0000688579   0.0000526631  -0.0000129451   0.0000013840  -0.0001167860
20 11  -0.0000030384   0.0000420567  -0.0000913291  -0.0000122870   0.0000831475
20 12   0.0000006492  -0.0000259383  -0.0001311353   0.0005619787  -0.0000438665
21  1  -0.0000100395   0.0000288971   0.0001090874  -0.0003102096  -0.0009305603
21  2  -0.0007555693   0.0003730431   0.0009096735   0.0017255810   0.0033727736
21  3   0.0088515191  -0.0213470340  -0.0063315354  -0.0114407262  -0.0338049623
21  4  -0.0723777937  -0.1498321274  -0.2565024657   0.0746245473   0.1505184208
21  5   0.3060940690   0.0006172303   0.0014014283   0.0000474875   0.0031521158
21  6  -0.0008861943   0.0020151984  -0.0030437727   0.0013699806   0.0024866598
21  7  -0.0000520031  -0.0000064524   0.0000122725  -0.0000003355   0.0000112272
21  8   0.0000037592  -0.0000168511   0.0000363702   0.0000148600   0.0000276616
21  9   0.0000079673   0.0000292760  -0.0000307589   0.0000559827   0.0000247921
21 10   0.0000116980  -0.0000070136  -0.0000113858  -0.0000029279   0.0000178324
21 11  -0.0000119230  -0.0000064896   0.0000132822  -0.0000130854  -0.0000212491
21 12   0.0000031603  -0.0000317832   0.0000248963  -0.0001226674  -0.0000848340
22  1   0.0194830034   0.0138795274   0.0077770763  -0.1088835819  -0.0822570959
22  2  -0.0892516478   0.0230439186   0.0116052516   0.0040976506  -0.0150715176
22  3   0.0026234924  -0.0018424890  -0.0000011539  -0.0008970943  -0.0001383841
22  4   0.0000767274   0.0008035421   0.0002637647  -0.0004812289  -0.0025002557
22  5   0.0006172303   0.0728649271   0.0616780836   0.0761268205   0.0085212553
22  6   0.0002697378  -0.0013511974  -0.0031629990  -0.0026691186   0.0040929303
22  7  -0.0012423248   0.0009719224   0.0006142887  -0.0006240786   0.0014528590
22  8  -0.0007656023   0.0009783326   0.0008402345  -0.0001070746   0.0025758553
22  9  -0.0002940091  -0.0000463380   0.0008701118  -0.0053875923   0.0010393530
22 10  -0.0003436054   0.0011235288   0.0001111734  -0.0000953203   0.0000159025
22 11  -0.0001387579   0.0001146496   0.0000341546  -0.0000389092   0.0005194889
22 12  -0.0005042794  -0.0000117512   0.0008575405  -0.0007887915  -0.0010481362
23  1  -0.0094009074  -0.0176419418  -0.0215702091  -0.0673326731  -0.1608335213
23  2  -0.1366301493   0.0125897549   0.0267574608   0.0100752853   0.0047901280
23  3  -0.0144708734   0.0024776832  -0.0010870843  -0.0019956110  -0.0006210037
23  4   0.0008937503   0.0017525525   0.0007796622  -0.0025489595  -0.0057172782
23  5   0.0014014283   0.0616780836   0.1770761554   0.1389055377   0.0075514540
23  6  -0.0059825461   0.0029203401  -0.0133005058   0.0073037611   0.0020146049
23  7   0.0061648247  -0.0009655380  -0.0016161099   0.0003105399  -0.0006588164
23  8   0.0022492306   0.0003960518  -0.0013511877  -0.0002041008  -0.0000412938
23  9   0.0006852801   0.0014969010  -0.0018368200  -0.0014164346   0.0007509020
23 10  -0.0003617280   0.0004078777  -0.0011829834   0.0003507769  -0.0008096668
23 11   0.0002306067   0.0002151236  -0.0001369446  -0.0003303862   0.0005626658
23 12  -0.0002550314  -0.0002499204   0.0004068183  -0.0017476962  -0.0008973191
24  1  -0.0014412943  -0.0111799878  -0.0063306085  -0.0731076439  -0.1223752015
24  2  -0.2314424624  -0.0110928597  -0.0143426779  -0.0356363159   0.0055782251
24  3   0.0103620137  -0.0225809525   0.0002153498   0.0003966903   0.0017711221
24  4  -0.0002357997  -0.0005344771  -0.0007600571   0.0003741595   0.0010121552
24  5   0.0000474875   0.0761268205   0.1389055377   0.2901114051  -0.0029754331
24  6   0.0009116215   0.0025949353   0.0018925159   0.0005239987   0.0021042110
24  7   0.0044910403  -0.0008186133  -0.0005396746  -0.0007682839  -0.0009777702
24  8   0.0003161830   0.0000584897  -0.0003485450  -0.0001617697   0.0007807732
24  9   0.0006148416   0.0007506796   0.0000103519  -0.0017210529   0.0010089764
24 10  -0.0007014955   0.0003820454  -0.0002495742   0.0003114172  -0.0005699374
24 11   0.0000557378   0.0001080965  -0.0000815957  -0.0000950553   0.0003987375
24 12  -0.0002793944  -0.0001380503  -0.0000231671   0.0001203492  -0.0008262171
25  1   0.0005217993   0.0007964816   0.0000058692  -0.0044248929  -0.0015849026
25  2  -0.0000383660   0.0088994434   0.0072912840   0.0019684831  -0.3772571244
25  3   0.1386249380   0.0154098597  -0.0027789576  -0.0093566213  -0.0022234847
25  4   0.0008347714   0.0039058871  -0.0003583032  -0.0021178285  -0.0090631962
25  5   0.0031521158   0.0085212553   0.0075514540  -0.0029754331   0.3701397884
25  6  -0.1422748613  -0.0152429714  -0.0022570352   0.0053320419   0.0002757793
25  7  -0.0003010052   0.0000906078   0.0000147228   0.0001534164   0.0001625275
25  8  -0.0000167360  -0.0001544006   0.0000325319   0.0000135911   0.0003603125
25  9   0.0004845305  -0.0000315851  -0.0002891295  -0.0004984822   0.0000507502
25 10   0.0001198206   0.0000581758  -0.0000090529   0.0000171104   0.0001454318
25 11  -0.0000064370  -0.0000357896   0.0001368566  -0.0000022213   0.0000049711
25 12  -0.0001105002   0.0000016852   0.0000434748  -0.0017241846   0.0000117342
26  1  -0.0000549718  -0.0005417506   0.0000466551   0.0014095646   0.0052302618
26  2  -0.0003510958   0.0002586487  -0.0062107518  -0.0005378910   0.1417097334
26  3  -0.0888746587  -0.0058866065  -0.0034624717   0.0045929991   0.0011480442
26  4   0.0018594322   0.0001308468  -0.0001696897  -0.0034312902   0.0045776693
26  5  -0.0008861943   0.0002697378  -0.0059825461   0.0009116215  -0.1422748613
26  6   0.0820193585   0.0058781303   0.0032286090   0.0052301787  -0.0001545780
26  7   0.0004811176  -0.0000128241  -0.0000308712   0.0000064030  -0.0001086906
26  8   0.0000030362   0.0000935677  -0.0001835087   0.0000073985  -0.0001479634
26  9  -0.0000174902   0.0000180192   0.0001514192  -0.0001812248  -0.0000041944
26 10  -0.0000928960   0.0000528765   0.0000055744   0.0000102058  -0.0001449631
26 11   0.0000033113   0.0000481199  -0.0000926543  -0.0000001732   0.0000943181
26 12  -0.0000029626  -0.0000048346  -0.0001564225   0.0005198349   0.0000043381
27  1   0.0000280376  -0.0000044376   0.0009717888  -0.0000637732  -0.0001845925
27  2  -0.0051961568   0.0006808283  -0.0033004279   0.0024234884   0.0152369732
27  3  -0.0056668227  -0.0198838034  -0.0031208690  -0.0010036045   0.0026674188
27  4  -0.0003051966  -0.0002929632  -0.0041303937   0.0037903589   0.0018634869
27  5   0.0020151984  -0.0013511974   0.0029203401   0.0025949353  -0.0152429714
27  6   0.0058781303   0.0133823210   0.0003464009  -0.0002713333   0.0052439173
27  7   0.0000118213  -0.0000054969   0.0000236742  -0.0000114995  -0.0000082070
27  8  -0.0000851449   0.0000095944   0.0000019182   0.0000211583  -0.0000165807
27  9  -0.0000249911  -0.0000273427   0.0000147963   0.0000301927  -0.0000190499
27 10  -0.0000028745  -0.0000039706   0.0000232515  -0.0000016577  -0.0000051912
27 11  -0.0000142964   0.0000014347  -0.0000049223  -0.0000011503  -0.0000022173
27 12   0.0000067855   0.0000011523  -0.0000014084   0.0000761071  -0.0000109661
28  1   0.0005179974   0.0004861123  -0.0000307555  -0.0008642826   0.0112648146
28  2  -0.0004319851  -0.0037067000  -0.0134934840  -0.0006102181  -0.3612883225
28  3   0.1376727586   0.0149227072   0.0074328603   0.0065978518   0.0022254037
28  4  -0.0023883238  -0.0016695399  -0.0000464026   0.0069802813   0.0068164613
28  5  -0.0030437727  -0.0031629990  -0.0133005058   0.0018925159  -0.0022570352
28  6   0.0032286090   0.0003464009   0.3568552703  -0.1313820204  -0.0151440541
28  7   0.0017083621   0.0000829114  -0.0001227939   0.0004112848   0.0002307127
28  8  -0.0000362716  -0.0000111502  -0.0006857426   0.0000100528   0.0005890774
28  9   0.0013143072  -0.0000681117   0.0004598676  -0.0015746609   0.0001320422
28 10   0.0000373211   0.0004498896  -0.0000163309   0.0001536444  -0.0001230936
28 11  -0.0000052121   0.0000468995   0.0001537417  -0.0000117220   0.0004224118
28 12  -0.0005148670  -0.0000219322  -0.0019364647  -0.0055542560   0.0000604398
29  1  -0.0008070631  -0.0003134545   0.0000586475   0.0020801797  -0.0042903477
29  2  -0.0000630074  -0.0028551223   0.0072037282  -0.0004468472   0.1291843915
29  3  -0.0867998025  -0.0054150561   0.0007192469  -0.0056631388  -0.0011020815
29  4   0.0006467125   0.0036470362  -0.0002259857   0.0007618983  -0.0054263070
29  5   0.0013699806  -0.0026691186   0.0073037611   0.0005239987   0.0053320419
29  6   0.0052301787  -0.0002713333  -0.1313820204   0.0796873902   0.0055611136
29  7  -0.0010622187  -0.0000589156   0.0000780781  -0.0002921428  -0.0003182687
29  8   0.0000264914   0.0004557284   0.0000484266  -0.0000348350  -0.0015656591
29  9  -0.0020183829   0.0001525373   0.0023375498   0.0001610173  -0.0002777342
29 10  -0.0001154528  -0.0003293907   0.0000180948  -0.0000980321  -0.0000691697
29 11   0.0000063231  -0.0000197264  -0.0003684920   0.0000113706  -0.0000365892
29 12   0.0002639359  -0.0000090004  -0.0006146035   0.0021101958   0.0000392449
30  1  -0.0000395615  -0.0000263971   0.0000188300  -0.0002206411  -0.0006274389
30  2  -0.0038835671  -0.0032826925  -0.0007659071   0.0027068312   0.0151101983
30  3  -0.0058945420  -0.0203759903   0.0011810194  -0.0037104211   0.0022621067
30  4  -0.0001003083  -0.0000821232  -0.0041971864  -0.0017275876   0.0033298067
30  5   0.0024866598   0.0040929303   0.0020146049   0.0021042110   0.0002757793
30  6  -0.0001545780   0.0052439173  -0.0151440541   0.0055611136   0.0144356130
30  7  -0.0000924363  -0.0000179385  -0.0000975384  -0.0000266742  -0.0000060865
30  8  -0.0000021827  -0.0000082431   0.0000349748  -0.0000601833   0.0000029354
30  9  -0.0000509936   0.0002105321   0.0000016434   0.0001253559   0.0009102924
30 10   0.0000018634  -0.0000193316   0.0000167802  -0.0000064446   0.0000076472
30 11   0.0000102521  -0.0000061526  -0.0000046875  -0.0000418427  -0.0000275745
30 12   0.0000223563  -0.0000762235   0.0000160008   0.0002645856  -0.0016713115
31  1  -0.1520895195  -0.0996376569   0.0090440849   0.0133292319   0.0068771398
31  2  -0.0010067162  -0.0018713606   0.0062154970  -0.0046849511  -0.0024484661
31  3  -0.0021086290   0.0001712501   0.0001648459   0.0003357319   0.0000223437
31  4  -0.0000828243  -0.0001705501   0.0000063667   0.0001642997   0.0003336430
31  5  -0.0000520031  -0.0012423248   0.0061648247   0.0044910403  -0.0003010052
31  6   0.0004811176   0.0000118213   0.0017083621  -0.0010622187  -0.0000924363
31  7   0.7312482752   0.0078152261  -0.0395347003  -0.2124907126   0.1393273116
31  8   0.0055395096  -0.0453732285   0.0150443775   0.0030881961  -0.0023136563
31  9   0.0141784253  -0.0007250055  -0.0051417789  -0.0386165494   0.0020392980
31 10  -0.3232685706  -0.0435520875   0.0201994576   0.0106426526  -0.0112154349
31 11  -0.0001566213  -0.0054831044  -0.0014849364   0.0009075063   0.0006268263
31 12   0.0004143145  -0.0001162400  -0.0057779418   0.0006604538   0.0008477992
32  1  -0.0502312977  -0.3136251011   0.0110765257  -0.0026491131  -0.0189793503
32  2   0.0007134168   0.0010553388  -0.0008983169   0.0008103318   0.0000243971
32  3   0.0000138903   0.0000132505  -0.0000039676  -0.0000298667   0.0000075509
32  4   0.0000016956   0.0000139784   0.0000003365  -0.0000066702  -0.0000310073
32  5  -0.0000064524   0.0009719224  -0.0009655380  -0.0008186133   0.0000906078
32  6  -0.0000128241  -0.0000054969   0.0000829114  -0.0000589156  -0.0000179385
32  7   0.0078152261   0.6719834782  -0.0169565571   0.0723066571  -0.2504498650
32  8   0.0008509823   0.0653781599   0.0491877208  -0.0055669548   0.0099897415
32  9  -0.0676240297   0.0011849261  -0.0799691120   0.0140562839   0.0051481803
32 10  -0.0425244325  -0.0655463282   0.0037179934   0.0197373914  -0.0181616563
32 11  -0.0006517866  -0.0023773688   0.0015442456   0.0003469125   0.0005705485
32 12  -0.0014216808  -0.0000296239  -0.0002626358   0.0010048829   0.0001830167
33  1   0.0075069472   0.0143680255  -0.0625605390  -0.0007021046   0.0001402355
33  2   0.0011375780  -0.0005037685   0.0008976084   0.0000317796   0.0001504402
33  3   0.0001368222  -0.0000450531  -0.0000127369  -0.0000249071   0.0000038757
33  4  -0.0000012879   0.0000101052  -0.0000219676  -0.0000051953  -0.0000120842
33  5   0.0000122725   0.0006142887  -0.0016161099  -0.0005396746   0.0000147228
33  6  -0.0000308712   0.0000236742  -0.0001227939   0.0000780781  -0.0000975384
33  7  -0.0395347003  -0.0169565571   0.1403874422   0.0075731826  -0.0035479486
33  8  -0.0649477567   0.0015251823  -0.0022667573   0.0079455762  -0.0006142813
33  9   0.0009486433  -0.0068156267   0.0033459714   0.0023295917   0.0073859118
33 10   0.0201771218   0.0037551522  -0.0387574107  -0.0010921406   0.0013969293
33 11   0.0032677582   0.0009348003   0.0002727903   0.0073400099  -0.0001207156
33 12  -0.0000118618  -0.0008915691   0.0008670677   0.0001331155   0.0071412575
34  1   0.0604962784   0.0434439414  -0.0047797286   0.0011628581  -0.0004834929
34  2   0.0003068983  -0.0004096040   0.0000756935   0.0009024652  -0.0006114017
34  3   0.0000250626   0.0000616770   0.0000101739  -0.0000112316   0.0000015220
34  4  -0.0000073367   0.0000121810  -0.0000007874   0.0000148889  -0.0000113417
34  5  -0.0000003355  -0.0006240786   0.0003105399  -0.0007682839   0.0001534164
34  6   0.0000064030  -0.0000114995   0.0004112848  -0.0002921428  -0.0000266742
34  7  -0.2124907126   0.0723066571   0.0075731826   0.6810760739   0.0244030265
34  8  -0.0371486713  -0.3409303434  -0.0060388775   0.0187151538  -0.0073735235
34  9  -0.0856453432   0.0036580152  -0.0621960909   0.0224560012   0.0030361118
34 10  -0.0147374758   0.0243203845   0.0004689617  -0.0903498249  -0.0886923500
34 11   0.0063270453  -0.0143284352  -0.0053469276   0.0013387536   0.0015918103
34 12  -0.0014328188   0.0003988857  -0.0008579572   0.0005946354  -0.0000526918
35  1  -0.0054568992  -0.0572731551   0.0023983300  -0.0053135937  -0.0016713561
35  2   0.0006330499   0.0016258797  -0.0008063030   0.0008106815  -0.0004237479
35  3   0.0004284670   0.0000326688  -0.0000129237  -0.0000638483  -0.0000097927
35  4   0.0000121898   0.0000403748  -0.0000048691  -0.0000127788  -0.0000617760
35  5   0.0000112272   0.0014528590  -0.0006588164  -0.0009777702   0.0001625275
35  6  -0.0001086906  -0.0000082070   0.0002307127  -0.0003182687  -0.0000060865
35  7   0.1393273116  -0.2504498650  -0.0035479486   0.0244030265   0.7294494785
35  8  -0.0198852255  -0.0718787929  -0.1335711582   0.0068994856  -0.0366779387
35  9   0.0132363496   0.0022883152   0.0225167698  -0.0068085465  -0.0014537268
35 10  -0.0061752912   0.0083730089   0.0002346700  -0.0882545191  -0.3020373157
35 11   0.0140006029   0.0261719734   0.0070557446  -0.0018618541  -0.0023154339
35 12  -0.0053445035   0.0005361390   0.0006186692   0.0005901797  -0.0000896894
36  1  -0.0032360752  -0.0008519194   0.0087882357   0.0004928674   0.0003154881
36  2   0.0061610658   0.0007307996  -0.0022178158   0.0001560642   0.0000802973
36  3  -0.0000010508   0.0004042094  -0.0000104449  -0.0000173062   0.0000055858
36  4  -0.0000006029  -0.0000026159  -0.0000231333   0.0000153645   0.0000226081
36  5   0.0000037592  -0.0007656023   0.0022492306   0.0003161830  -0.0000167360
36  6   0.0000030362  -0.0000851449  -0.0000362716   0.0000264914  -0.0000021827
36  7   0.0055395096   0.0008509823  -0.0649477567  -0.0371486713  -0.0198852255
36  8   0.1374339705   0.0206963992   0.0025427599  -0.0654979618   0.0021397186
36  9   0.0055305956   0.0076358949   0.0030305120  -0.0014632902  -0.0060054834
36 10   0.0013892473  -0.0017664999   0.0032709684   0.0063130415   0.0140340741
36 11  -0.0368821770   0.0003945179   0.0002510433   0.0034089051   0.0004400056
36 12   0.0004736206   0.0070510781  -0.0000478761  -0.0000942065  -0.0011920803
37  1  -0.0422293642  -0.0347104298   0.0033887972  -0.0009563675  -0.0033078100
37  2   0.0001769170   0.0009574039   0.0003717336  -0.0002544685   0.0001112222
37  3  -0.0005020929   0.0000012745   0.0000385985   0.0001004137   0.0000115823
37  4  -0.0000224737  -0.0000547209  -0.0000009909   0.0000421966   0.0001010514
37  5  -0.0000168511   0.0009783326   0.0003960518   0.0000584897  -0.0001544006
37  6   0.0000935677   0.0000095944  -0.0000111502   0.0004557284  -0.0000082431
37  7  -0.0453732285   0.0653781599   0.0015251823  -0.3409303434  -0.0718787929
37  8   0.0206963992   0.7056036701  -0.0344730992  -0.0369477226  -0.1525174702
37  9  -0.0344108300   0.0069110892   0.0622402508  -0.0007849873  -0.0036217704
37 10  -0.0002389573   0.0032073849   0.0003790183  -0.0050390481   0.0008851107
37 11   0.0005130765  -0.1732168191   0.1361864149   0.0050000319  -0.0067404329
37 12  -0.0300681129   0.0015749583  -0.0025416190   0.0030152591   0.0006036360
38  1  -0.0333628589  -0.0277476393   0.0028569361  -0.0027839691  -0.0003616125
38  2   0.0001788089   0.0008668702  -0.0013566476   0.0002878615   0.0010010092
38  3   0.0009517756  -0.0000802351  -0.0000827262  -0.0001380584  -0.0000175087
38  4   0.0000342952   0.0000724544  -0.0000025608  -0.0000754911  -0.0001346613
38  5   0.0000363702   0.0008402345  -0.0013511877  -0.0003485450   0.0000325319
38  6  -0.0001835087   0.0000019182  -0.0006857426   0.0000484266   0.0000349748
38  7   0.0150443775   0.0491877208  -0.0022667573  -0.0060388775  -0.1335711582
38  8   0.0025427599  -0.0344730992   0.7071075275  -0.0149908846  -0.1011156459
38  9  -0.3112483767   0.0141961316   0.0465757557  -0.0540377725  -0.0012238999
38 10   0.0040403975  -0.0033782790   0.0000497636  -0.0306604717  -0.0021261731
38 11   0.0021998023   0.1360291289  -0.2201596973  -0.0035495490   0.0013323009
38 12  -0.0003514653   0.0000269305   0.0034819806  -0.0012216673   0.0000676828
39  1   0.0033462903   0.0029283995  -0.0072293524   0.0001026130   0.0002231445
39  2  -0.0004961529  -0.0000729812   0.0002143810  -0.0001786757  -0.0000341329
39  3   0.0000044683  -0.0000316636  -0.0000066600  -0.0000105971   0.0000178578
39  4  -0.0000042944   0.0000015201  -0.0000190395   0.0000057124   0.0000066579
39  5   0.0000148600  -0.0001070746  -0.0002041008  -0.0001617697   0.0000135911
39  6   0.0000073985   0.0000211583   0.0000100528  -0.0000348350  -0.0000601833
39  7   0.0030881961  -0.0055669548   0.0079455762   0.0187151538   0.0068994856
39  8  -0.0654979618  -0.0369477226  -0.0149908846   0.1397996599   0.0089638022
39  9   0.0097838955  -0.0651678284  -0.0051009901   0.0019161638   0.0072880515
39 10   0.0003623044   0.0001075894   0.0071062309   0.0014756754   0.0000996817
39 11   0.0030136639   0.0049970856  -0.0035588008  -0.0371902702   0.0006103733
39 12   0.0021074237   0.0029840191   0.0005830053   0.0000659636   0.0078418198
40  1  -0.0459449023   0.0166444362   0.0031100201  -0.0076268296  -0.0036398174
40  2   0.0007909799   0.0024932769  -0.0003137179  -0.0009459177  -0.0012885325
40  3   0.0008896055   0.0000483299  -0.0000461826  -0.0001513371  -0.0000075448
40  4   0.0000239042   0.0000980368  -0.0000087329  -0.0000385218  -0.0001449222
40  5   0.0000276616   0.0025758553  -0.0000412938   0.0007807732   0.0003603125
40  6  -0.0001479634  -0.0000165807   0.0005890774  -0.0015656591   0.0000029354
40  7  -0.0023136563   0.0099897415  -0.0006142813  -0.0073735235  -0.0366779387
40  8   0.0021397186  -0.1525174702  -0.1011156459   0.0089638022   0.7357133667
40  9   0.0069722664  -0.0400785263  -0.2149040850   0.1430102107   0.0056669414
40 10   0.0007191205   0.0003937173  -0.0001364340  -0.0058212578  -0.0011452878
40 11   0.0009242467   0.0099868899   0.0221215135  -0.0011004081  -0.3259118002
40 12  -0.0473323215   0.0206146290   0.0113249583  -0.0078436231  -0.0001616122
41  1   0.0640571326   0.0484924680  -0.0054655176  -0.0033089428   0.0042684685
41  2   0.0001485861  -0.0003214036   0.0006414036  -0.0005329542  -0.0025633967
41  3   0.0001264088   0.0001419541   0.0000215993  -0.0000738344  -0.0000050317
41  4  -0.0000002860   0.0000674703  -0.0000021635   0.0000246538  -0.0000745048
41  5   0.0000079673  -0.0002940091   0.0006852801   0.0006148416   0.0004845305
41  6  -0.0000174902  -0.0000249911   0.0013143072  -0.0020183829  -0.0000509936
41  7   0.0141784253  -0.0676240297   0.0009486433  -0.0856453432   0.0132363496
41  8   0.0055305956  -0.0344108300  -0.3112483767   0.0097838955   0.0069722664
41  9   0.6733764693  -0.0167422967   0.0753211473  -0.2635311170   0.0010234832
41 10   0.0001178675  -0.0013583507   0.0000216466   0.0000075052   0.0020791991
41 11   0.0001603624  -0.0093303135  -0.0169000340   0.0012372439  -0.0478010936
41 12  -0.0664459929   0.0040189616   0.0211761835  -0.0136814037  -0.0008142328
42  1   0.0016087711  -0.0023792658   0.0083177201   0.0009100403   0.0002273729
42  2   0.0033940352  -0.0002383268  -0.0014251949   0.0009674148   0.0001561995
42  3  -0.0000540634  -0.0000652722  -0.0000135483  -0.0000171839   0.0000398272
42  4  -0.0000043836  -0.0000089999  -0.0000663504   0.0000207959   0.0000406305
42  5   0.0000292760  -0.0000463380   0.0014969010   0.0007506796  -0.0000315851
42  6   0.0000180192  -0.0000273427  -0.0000681117   0.0001525373   0.0002105321
42  7  -0.0007250055   0.0011849261  -0.0068156267   0.0036580152   0.0022883152
42  8   0.0076358949   0.0069110892   0.0141961316  -0.0651678284  -0.0400785263
42  9  -0.0167422967   0.1399715917   0.0077700974  -0.0034332487  -0.0644413326
42 10  -0.0001200433  -0.0000132437  -0.0010395475   0.0008884195   0.0002408767
42 11   0.0074011025  -0.0001484236  -0.0008557008   0.0035736521   0.0206258121
42 12   0.0040097461  -0.0396045045  -0.0010749479   0.0010737414   0.0049360788
43  1  -0.3147387258  -0.0260434551   0.0173453635  -0.0216127348   0.0128953955
43  2   0.0008890342   0.0007061820  -0.0018853614   0.0002365567   0.0014165188
43  3  -0.0011661171  -0.0000657127   0.0000391928   0.0001801147   0.0000204705
43  4  -0.0000270891  -0.0001275051  -0.0000017364   0.0000351415   0.0001782191
43  5  -0.0000307589   0.0008701118  -0.0018368200   0.0000103519  -0.0002891295
43  6   0.0001514192   0.0000147963   0.0004598676   0.0023375498   0.0000016434
43  7  -0.0051417789  -0.0799691120   0.0033459714  -0.0621960909   0.0225167698
43  8   0.0030305120   0.0622402508   0.0465757557  -0.0051009901  -0.2149040850
43  9   0.0753211473   0.0077700974   0.6597313289   0.0166830524  -0.0347616513
43 10   0.0007397794  -0.0016520699   0.0004938258  -0.0012531315   0.0007437882
43 11  -0.0000163637   0.0006092772  -0.0034441788   0.0005201581  -0.0160601460
43 12   0.0245848077   0.0006030681  -0.0906247395  -0.0860434000   0.0056953636
44  1  -0.0692371966  -0.1275491387   0.0066020650   0.0319433022   0.0044462155
44  2  -0.0020565498  -0.0052251011  -0.0013088030   0.0023963298   0.0035139672
44  3   0.0001478198  -0.0002281332  -0.0001557608  -0.0001433094  -0.0000239592
44  4   0.0000614890   0.0000728185  -0.0000072833  -0.0001464958  -0.0001360789
44  5   0.0000559827  -0.0053875923  -0.0014164346  -0.0017210529  -0.0004984822
44  6  -0.0001812248   0.0000301927  -0.0015746609   0.0001610173   0.0001253559
44  7  -0.0386165494   0.0140562839   0.0023295917   0.0224560012  -0.0068085465
44  8  -0.0014632902  -0.0007849873  -0.0540377725   0.0019161638   0.1430102107
44  9  -0.2635311170  -0.0034332487   0.0166830524   0.7464142378  -0.0194031199
44 10  -0.0021601281  -0.0058644752   0.0005525055   0.0006313029   0.0003866638
44 11  -0.0000927097  -0.0025907276  -0.0049954673   0.0005380340  -0.0054242036
44 12   0.0079415296   0.0002567509  -0.0864974398  -0.3076542183   0.0136263750
45  1   0.0187199121   0.0036809059  -0.0656211833   0.0004697690  -0.0008881622
45  2   0.0004622412  -0.0007588041  -0.0003651524   0.0009899360  -0.0002938251
45  3   0.0000649623   0.0000580803  -0.0000029318  -0.0000102664   0.0000235473
45  4  -0.0000095622   0.0000108392  -0.0000122361   0.0000007319  -0.0000109681
45  5   0.0000247921   0.0010393530   0.0007509020   0.0010089764   0.0000507502
45  6  -0.0000041944  -0.0000190499   0.0001320422  -0.0002777342   0.0009102924
45  7   0.0020392980   0.0051481803   0.0073859118   0.0030361118  -0.0014537268
45  8  -0.0060054834  -0.0036217704  -0.0012238999   0.0072880515   0.0056669414
45  9   0.0010234832  -0.0644413326  -0.0347616513  -0.0194031199   0.1445460639
45 10   0.0004830322   0.0005036582   0.0070774744  -0.0000134012  -0.0000982016
45 11  -0.0011759560   0.0004990419   0.0005845862   0.0068245442   0.0015248859
45 12  -0.0017374990   0.0043910954   0.0058000767   0.0137054075  -0.0437157655
46  1  -0.0076840860  -0.0033798874   0.0008431918   0.0001670169   0.0015894852
46  2  -0.0002543562  -0.0002796701  -0.0001638721   0.0007007235  -0.0000697802
46  3   0.0004129603  -0.0000199814  -0.0000216760  -0.0000668789  -0.0000079295
46  4   0.0000145491   0.0000410931   0.0000008014  -0.0000206619  -0.0000688579
46  5   0.0000116980  -0.0003436054  -0.0003617280  -0.0007014955   0.0001198206
46  6  -0.0000928960  -0.0000028745   0.0000373211  -0.0001154528   0.0000018634
46  7  -0.3232685706  -0.0425244325   0.0201771218  -0.0147374758  -0.0061752912
46  8   0.0013892473  -0.0002389573   0.0040403975   0.0003623044   0.0007191205
46  9   0.0001178675  -0.0001200433   0.0007397794  -0.0021601281   0.0004830322
46 10   0.3452349133   0.0486888948  -0.0225715397   0.0009480631   0.0001987174
46 11  -0.0003310662  -0.0007976375  -0.0003327933   0.0000823461  -0.0001054900
46 12  -0.0000142709  -0.0000697301  -0.0004129733   0.0003670732   0.0000266867
47  1  -0.0288587862  -0.0002168305   0.0020369161  -0.0036279954   0.0011404574
47  2   0.0000636895   0.0010801971   0.0004776062  -0.0005489606  -0.0006647981
47  3  -0.0002839204   0.0000364251   0.0000346055   0.0000543707   0.0000001091
47  4  -0.0000168583  -0.0000267188   0.0000030247   0.0000338105   0.0000526631
47  5  -0.0000070136   0.0011235288   0.0004078777   0.0003820454   0.0000581758
47  6   0.0000528765  -0.0000039706   0.0004498896  -0.0003293907  -0.0000193316
47  7  -0.0435520875  -0.0655463282   0.0037551522   0.0243203845   0.0083730089
47  8  -0.0017664999   0.0032073849  -0.0033782790   0.0001075894   0.0003937173
47  9  -0.0013583507  -0.0000132437  -0.0016520699  -0.0058644752   0.0005036582
47 10   0.0486888948   0.0648317458  -0.0044036844  -0.0007571567   0.0010190671
47 11  -0.0001015695   0.0012617135   0.0002074114  -0.0000830160  -0.0000398076
47 12   0.0001144250  -0.0000370061  -0.0014827428   0.0002727838   0.0000956863
48  1   0.0015868980   0.0003181729   0.0034154603  -0.0001018062  -0.0002642287
48  2  -0.0032375482  -0.0001696068   0.0011660137  -0.0003289038   0.0000167019
48  3  -0.0000253128  -0.0001997974   0.0000073149   0.0000187245  -0.0000120470
48  4   0.0000023443  -0.0000019216   0.0000253633  -0.0000055384  -0.0000129451
48  5  -0.0000113858   0.0001111734  -0.0011829834  -0.0002495742  -0.0000090529
48  6   0.0000055744   0.0000232515  -0.0000163309   0.0000180948   0.0000167802
48  7   0.0201994576   0.0037179934  -0.0387574107   0.0004689617   0.0002346700
48  8   0.0032709684   0.0003790183   0.0000497636   0.0071062309  -0.0001364340
48  9   0.0000216466  -0.0010395475   0.0004938258   0.0005525055   0.0070774744
48 10  -0.0225715397  -0.0044036844   0.0275765834  -0.0003033423  -0.0001676571
48 11  -0.0039436599   0.0000312780   0.0000234037   0.0002913692  -0.0000703607
48 12  -0.0000373870  -0.0011671779   0.0000870380  -0.0000304429   0.0001435709
49  1  -0.0017975583   0.0036946678   0.0004601259   0.0006846618   0.0001308794
49  2  -0.0000285482  -0.0001121775   0.0003155652  -0.0003101662  -0.0002203900
49  3  -0.0000528019   0.0000165239   0.0000059250   0.0000024572   0.0000009619
49  4  -0.0000012383   0.0000017928   0.0000014536   0.0000057986   0.0000013840
49  5  -0.0000029279  -0.0000953203   0.0003507769   0.0003114172   0.0000171104
49  6   0.0000102058  -0.0000016577   0.0001536444  -0.0000980321  -0.0000064446
49  7   0.0106426526   0.0197373914  -0.0010921406  -0.0903498249  -0.0882545191
49  8   0.0063130415  -0.0050390481  -0.0306604717   0.0014756754  -0.0058212578
49  9   0.0000075052   0.0008884195  -0.0012531315   0.0006313029  -0.0000134012
49 10   0.0009480631  -0.0007571567  -0.0003033423   0.0914508037   0.0958800939
49 11  -0.0073442398   0.0011047232   0.0005828958  -0.0003737303  -0.0004278692
49 12  -0.0015178295   0.0000964196   0.0001044331  -0.0000061073  -0.0000874394
50  1   0.0048974499  -0.0026442430  -0.0000285239  -0.0013670459   0.0010399856
50  2   0.0000753563   0.0000930280  -0.0008044060   0.0006037176   0.0001650485
50  3   0.0006451206  -0.0000205205  -0.0000452989  -0.0001171605  -0.0000088674
50  4   0.0000259735   0.0000673656  -0.0000019050  -0.0000438460  -0.0001167860
50  5   0.0000178324   0.0000159025  -0.0008096668  -0.0005699374   0.0001454318
50  6  -0.0001449631  -0.0000051912  -0.0001230936  -0.0000691697   0.0000076472
50  7  -0.0112154349  -0.0181616563   0.0013969293  -0.0886923500  -0.3020373157
50  8   0.0140340741   0.0008851107  -0.0021261731   0.0000996817  -0.0011452878
50  9   0.0020791991   0.0002408767   0.0007437882   0.0003866638  -0.0000982016
50 10   0.0001987174   0.0010190671  -0.0001676571   0.0958800939   0.3212296846
50 11  -0.0154322925  -0.0004962087   0.0008442576  -0.0001221763   0.0001306886
50 12  -0.0002422719   0.0000090949  -0.0000526671  -0.0000375320  -0.0000299373
51  1   0.0004232547   0.0000515638   0.0068338491   0.0000163754  -0.0000280086
51  2   0.0003568994   0.0001590618  -0.0002299332   0.0000500484   0.0000106850
51  3  -0.0000151779   0.0000558661   0.0000032074   0.0000090988  -0.0000124409
51  4  -0.0000007293  -0.0000016585   0.0000153863  -0.0000029199  -0.0000030384
51  5  -0.0000119230  -0.0001387579   0.0002306067   0.0000557378  -0.0000064370
51  6   0.0000033113  -0.0000142964  -0.0000052121   0.0000063231   0.0000102521
51  7  -0.0001566213  -0.0006517866   0.0032677582   0.0063270453   0.0140006029
51  8  -0.0368821770   0.0005130765   0.0021998023   0.0030136639   0.0009242467
51  9   0.0001603624   0.0074011025  -0.0000163637  -0.0000927097  -0.0011759560
51 10  -0.0003310662  -0.0001015695  -0.0039436599  -0.0073442398  -0.0154322925
51 11   0.0260378582  -0.0003387218  -0.0001909032  -0.0041802859   0.0000468352
51 12   0.0001181102   0.0003132735  -0.0000827193  -0.0000327034  -0.0011909563
52  1  -0.0006301163  -0.0011153103   0.0000198991  -0.0000336343  -0.0003107972
52  2  -0.0000458813   0.0001049317   0.0002534278  -0.0001457898  -0.0000936725
52  3  -0.0002106134   0.0000117596   0.0000175453   0.0000437617   0.0000009530
52  4  -0.0000110771  -0.0000253174   0.0000019859   0.0000164740   0.0000420567
52  5  -0.0000064896   0.0001146496   0.0002151236   0.0001080965  -0.0000357896
52  6   0.0000481199   0.0000014347   0.0000468995  -0.0000197264  -0.0000061526
52  7  -0.0054831044  -0.0023773688   0.0009348003  -0.0143284352   0.0261719734
52  8   0.0003945179  -0.1732168191   0.1360291289   0.0049970856   0.0099868899
52  9  -0.0093303135  -0.0001484236   0.0006092772  -0.0025907276   0.0004990419
52 10  -0.0007976375   0.0012617135   0.0000312780   0.0011047232  -0.0004962087
52 11  -0.0003387218   0.1814655823  -0.1477784703  -0.0059672942   0.0008102383
52 12   0.0006127185  -0.0003322388   0.0003530749  -0.0004231706  -0.0000098610
53  1  -0.0012574593  -0.0001942330   0.0000662059  -0.0000475774   0.0001240408
53  2  -0.0000179839   0.0000506061  -0.0001147088   0.0000712000  -0.0002766162
53  3   0.0004647975   0.0000054317  -0.0000314795  -0.0000911975  -0.0000069474
53  4   0.0000190292   0.0000572099  -0.0000019005  -0.0000304007  -0.0000913291
53  5   0.0000132822   0.0000341546  -0.0001369446  -0.0000815957   0.0001368566
53  6  -0.0000926543  -0.0000049223   0.0001537417  -0.0003684920  -0.0000046875
53  7  -0.0014849364   0.0015442456   0.0002727903  -0.0053469276   0.0070557446
53  8   0.0002510433   0.1361864149  -0.2201596973  -0.0035588008   0.0221215135
53  9  -0.0169000340  -0.0008557008  -0.0034441788  -0.0049954673   0.0005845862
53 10  -0.0003327933   0.0002074114   0.0000234037   0.0005828958   0.0008442576
53 11  -0.0001909032  -0.1477784703   0.2322386515   0.0036150863  -0.0004556644
53 12   0.0010902329  -0.0001180496   0.0012012918  -0.0004818338  -0.0000615379
54  1   0.0000276016   0.0000644690  -0.0008194973  -0.0000506113  -0.0000163034
54  2  -0.0008221305   0.0000187988   0.0002953550  -0.0000970760   0.0000165696
54  3  -0.0000000992   0.0000202360   0.0000012803   0.0000117339  -0.0000133771
54  4  -0.0000002506   0.0000009100   0.0000214824  -0.0000045093  -0.0000122870
54  5  -0.0000130854  -0.0000389092  -0.0003303862  -0.0000950553  -0.0000022213
54  6  -0.0000001732  -0.0000011503  -0.0000117220   0.0000113706  -0.0000418427
54  7   0.0009075063   0.0003469125   0.0073400099   0.0013387536  -0.0018618541
54  8   0.0034089051   0.0050000319  -0.0035495490  -0.0371902702  -0.0011004081
54  9   0.0012372439   0.0035736521   0.0005201581   0.0005380340   0.0068245442
54 10   0.0000823461  -0.0000830160   0.0002913692  -0.0003737303  -0.0001221763
54 11  -0.0041802859  -0.0059672942   0.0036150863   0.0256574906  -0.0003015762
54 12  -0.0001906133  -0.0038486026  -0.0000618140   0.0000453427  -0.0000153163
55  1  -0.0013974569   0.0041135803   0.0004893518  -0.0010307176  -0.0014876589
55  2   0.0001003463   0.0004693739   0.0005672205  -0.0004949462  -0.0005871571
55  3  -0.0005156010   0.0000470667   0.0000519318   0.0000871847   0.0000065822
55  4  -0.0000229553  -0.0000450766   0.0000059792   0.0000500995   0.0000831475
55  5  -0.0000212491   0.0005194889   0.0005626658   0.0003987375   0.0000049711
55  6   0.0000943181  -0.0000022173   0.0004224118  -0.0000365892  -0.0000275745
55  7   0.0006268263   0.0005705485  -0.0001207156   0.0015918103  -0.0023154339
55  8   0.0004400056  -0.0067404329   0.0013323009   0.0006103733  -0.3259118002
55  9  -0.0478010936   0.0206258121  -0.0160601460  -0.0054242036   0.0015248859
55 10  -0.0001054900  -0.0000398076  -0.0000703607  -0.0004278692   0.0001306886
55 11   0.0000468352   0.0008102383  -0.0004556644  -0.0003015762   0.3468708674
55 12   0.0507645048  -0.0229112078   0.0008660058  -0.0001850310  -0.0003461284
56  1   0.0039620963  -0.0030775938   0.0000620255   0.0016188851   0.0007714486
56  2  -0.0001128644  -0.0004746458  -0.0002228697   0.0003373923   0.0006576888
56  3   0.0000804191  -0.0000380526  -0.0000185348   0.0000009342  -0.0000025267
56  4   0.0000036720  -0.0000069125  -0.0000004765  -0.0000189396   0.0000006492
56  5   0.0000031603  -0.0005042794  -0.0002550314  -0.0002793944  -0.0001105002
56  6  -0.0000029626   0.0000067855  -0.0005148670   0.0002639359   0.0000223563
56  7   0.0004143145  -0.0014216808  -0.0000118618  -0.0014328188  -0.0053445035
56  8   0.0004736206  -0.0300681129  -0.0003514653   0.0021074237  -0.0473323215
56  9  -0.0664459929   0.0040097461   0.0245848077   0.0079415296  -0.0017374990
56 10  -0.0000142709   0.0001144250  -0.0000373870  -0.0015178295  -0.0002422719
56 11   0.0001181102   0.0006127185   0.0010902329  -0.0001906133   0.0507645048
56 12   0.0660651874  -0.0046042745  -0.0006115672   0.0010425225  -0.0001256701
57  1   0.0004963251   0.0000721823   0.0077448002   0.0000257785   0.0000712900
57  2   0.0000320105  -0.0000423666   0.0001849842  -0.0000994901   0.0000243727
57  3   0.0000314057   0.0000205408  -0.0000047347   0.0000130778  -0.0000336223
57  4   0.0000023791   0.0000046473   0.0000490480  -0.0000068293  -0.0000259383
57  5  -0.0000317832  -0.0000117512  -0.0002499204  -0.0001380503   0.0000016852
57  6  -0.0000048346   0.0000011523  -0.0000219322  -0.0000090004  -0.0000762235
57  7  -0.0001162400  -0.0000296239  -0.0008915691   0.0003988857   0.0005361390
57  8   0.0070510781   0.0015749583   0.0000269305   0.0029840191   0.0206146290
57  9   0.0040189616  -0.0396045045   0.0006030681   0.0002567509   0.0043910954
57 10  -0.0000697301  -0.0000370061  -0.0011671779   0.0000964196   0.0000090949
57 11   0.0003132735  -0.0003322388  -0.0001180496  -0.0038486026  -0.0229112078
57 12  -0.0046042745   0.0275948074  -0.0003214705  -0.0001468164  -0.0042908016
58  1  -0.0061223094  -0.0289259698   0.0015247806  -0.0005010135  -0.0027667842
58  2   0.0000919690   0.0010449564   0.0005283081  -0.0002577921   0.0002239039
58  3   0.0019606444   0.0000110720  -0.0000476274  -0.0001294117  -0.0000205348
58  4   0.0000235644   0.0000772796   0.0000052091  -0.0000457870  -0.0001311353
58  5   0.0000248963   0.0008575405   0.0004068183  -0.0000231671   0.0000434748
58  6  -0.0001564225  -0.0000014084  -0.0019364647  -0.0006146035   0.0000160008
58  7  -0.0057779418  -0.0002626358   0.0008670677  -0.0008579572   0.0006186692
58  8  -0.0000478761  -0.0025416190   0.0034819806   0.0005830053   0.0113249583
58  9   0.0211761835  -0.0010749479  -0.0906247395  -0.0864974398   0.0058000767
58 10  -0.0004129733  -0.0014827428   0.0000870380   0.0001044331  -0.0000526671
58 11  -0.0000827193   0.0003530749   0.0012012918  -0.0000618140   0.0008660058
58 12  -0.0006115672  -0.0003214705   0.0940265208   0.0921802040  -0.0071193852
59  1  -0.0025609464   0.0017702182   0.0002291739   0.0001778799   0.0018022797
59  2  -0.0000655294  -0.0007353785  -0.0017231882  -0.0000164494   0.0087747583
59  3  -0.0031421668  -0.0003907617   0.0001011772   0.0005728450   0.0000823877
59  4  -0.0000960995  -0.0003985791   0.0000174700   0.0000895475   0.0005619787
59  5  -0.0001226674  -0.0007887915  -0.0017476962   0.0001203492  -0.0017241846
59  6   0.0005198349   0.0000761071  -0.0055542560   0.0021101958   0.0002645856
59  7   0.0006604538   0.0010048829   0.0001331155   0.0005946354   0.0005901797
59  8  -0.0000942065   0.0030152591  -0.0012216673   0.0000659636  -0.0078436231
59  9  -0.0136814037   0.0010737414  -0.0860434000  -0.3076542183   0.0137054075
59 10   0.0003670732   0.0002727838  -0.0000304429  -0.0000061073  -0.0000375320
59 11  -0.0000327034  -0.0004231706  -0.0004818338   0.0000453427  -0.0001850310
59 12   0.0010425225  -0.0001468164   0.0921802040   0.3198405642  -0.0149140671
60  1   0.0008002909   0.0020257758   0.0037575772  -0.0000688335   0.0001343470
60  2  -0.0008808016   0.0008891838   0.0008131073  -0.0009629616  -0.0000452468
60  3  -0.0000570730   0.0008357137   0.0000102283   0.0000422044  -0.0000852779
60  4   0.0000083968   0.0000016149   0.0001083289  -0.0000144248  -0.0000438665
60  5  -0.0000848340  -0.0010481362  -0.0008973191  -0.0008262171   0.0000117342
60  6   0.0000043381  -0.0000109661   0.0000604398   0.0000392449  -0.0016713115
60  7   0.0008477992   0.0001830167   0.0071412575  -0.0000526918  -0.0000896894
60  8  -0.0011920803   0.0006036360   0.0000676828   0.0078418198  -0.0001616122
60  9  -0.0008142328   0.0049360788   0.0056953636   0.0136263750  -0.0437157655
60 10   0.0000266867   0.0000956863   0.0001435709  -0.0000874394  -0.0000299373
60 11  -0.0011909563  -0.0000098610  -0.0000615379  -0.0000153163  -0.0003461284
60 12  -0.0001256701  -0.0042908016  -0.0071193852  -0.0149140671   0.0301629429
$end
