$hessapprox internal
  0.494868365376D+00 -0.429547401753D-02  0.499369950324D+00 -0.112563904124D-02
 -0.173689085346D-02  0.197038754609D+00 -0.643848941565D-02  0.320227628374D-02
  0.787732591507D-02  0.166940305709D+00  0.105167781188D-01  0.418439919603D-02
 -0.319695722674D-02  0.493915742455D-01  0.252562386398D+00 -0.968223214610D-03
  0.171403776567D-02  0.210371334894D-02 -0.231753799103D-01 -0.314232110468D-01
  0.236549800015D+00  0.232559262472D-02 -0.101712329270D-02  0.237150228305D-03
 -0.301407996276D-02  0.198476325433D-02 -0.869627205080D-03  0.415579963533D+00
 -0.153908104447D-02  0.189636376721D-03 -0.341378208380D-03  0.265185176464D-02
  0.332992803021D-02 -0.290982168631D-02  0.420172978282D-02  0.356067299795D+00
  0.263270614330D-02  0.956821607622D-03  0.397921173830D-02  0.444052284133D-02
  0.748553900189D-02 -0.675931654188D-02  0.998929326240D-03 -0.436327392185D-02
  0.117784651313D+00  0.339341752375D-02 -0.242367482915D-02  0.360860661385D-03
 -0.226882130423D-02  0.749467883427D-02 -0.291521595353D-02  0.458260898214D-03
  0.778797589985D-02  0.119272353544D-02  0.397864879157D+00  0.131574592716D-02
 -0.591049472964D-03  0.684890982491D-03  0.884052381746D-02  0.108716819904D-01
 -0.540315611556D-02 -0.322609786393D-02  0.549672951789D-02  0.283761157264D-02
 -0.470809710163D-02  0.360400092601D+00  0.329969772236D-02  0.583394005225D-03
 -0.469184756769D-03 -0.404445164804D-02 -0.104600654088D-01  0.136408385870D-01
  0.365170889963D-03 -0.357606640449D-02  0.619375017539D-02 -0.783397917145D-03
  0.869865725303D-03  0.116386763551D+00 -0.768881040354D-03 -0.543558481074D-03
 -0.973507565096D-04 -0.776381411040D-03  0.949712656435D-03  0.261469621746D-03
  0.117814026489D-03  0.136993530500D-03  0.218617321948D-03  0.182239059059D-03
 -0.165873783988D-04  0.419667711512D-03  0.439999540012D+00 -0.432908188401D-03
 -0.424236934372D-02 -0.135678346795D-02  0.157782405220D-01  0.271738983801D-01
 -0.841509176109D-02  0.267348515068D-02 -0.113973614803D-02  0.593439466123D-02
  0.474468227746D-02  0.194973931221D-02 -0.628318166463D-02  0.153138630214D-03
  0.356513159717D+00 -0.149098853409D-03  0.896267118284D-03 -0.308741141967D-03
 -0.122497759429D-01 -0.140606272465D-01  0.992521347813D-02 -0.153550855446D-02
 -0.222709295056D-03 -0.119306917040D-01 -0.172877812328D-02  0.301345728905D-02
 -0.146494134386D-01 -0.106625198910D-03  0.241399877736D-02  0.109097444808D+00
  0.200868890950D-02 -0.223691642254D-02  0.357056547759D-03  0.784214140363D-03
  0.856872300211D-02 -0.405086367370D-02 -0.517399525785D-03  0.618084400373D-02
  0.117246359609D-02 -0.220835727755D-03 -0.203291776637D-02 -0.843013833190D-04
  0.472511883028D-04  0.465139204551D-02 -0.188064817145D-02  0.412258374505D+00
  0.188888802506D-02 -0.127961683282D-02 -0.191659781949D-02 -0.111636039840D-02
 -0.111963432762D-01  0.302621525613D-02 -0.359110821032D-02  0.620421447606D-02
  0.589304020385D-02 -0.761590543882D-02 -0.661116006858D-02  0.141149751041D-02
 -0.497931866910D-04 -0.314438702616D-02 -0.407903467484D-03 -0.659663292098D-02
  0.356004779214D+00 -0.323414811317D-02 -0.429898889795D-02 -0.311791243530D-02
 -0.518701770751D-03 -0.186598769336D-02  0.243884337297D-02 -0.132653396139D-02
 -0.275802376755D-02 -0.340403904717D-02 -0.120676098304D-02  0.645371492388D-03
 -0.563176467434D-02 -0.534713056412D-03  0.427468636033D-02  0.147739045231D-01
 -0.107149500972D-02  0.597651832131D-02  0.121731420598D+00  0.681016026840D-03
 -0.963124787144D-03 -0.140695965045D-03 -0.171915309622D-03  0.629389891094D-02
 -0.188665778862D-02 -0.332935278050D-03  0.573950216676D-02 -0.762598184925D-03
 -0.439052307706D-03 -0.322647682844D-02 -0.250044625011D-03  0.682603210404D-04
  0.231251855498D-02 -0.524529331242D-03 -0.874843430335D-03 -0.618897230404D-02
 -0.763335774434D-03  0.405932919557D+00 -0.295017699153D-02 -0.501700696484D-02
 -0.193034814794D-02 -0.216258029322D-01  0.213416473253D-01  0.264767078196D-02
  0.504766983405D-02 -0.720947093016D-02  0.400395876112D-02  0.610689879636D-02
 -0.863163532607D-03 -0.313188199375D-02 -0.157803992173D-03 -0.763677883697D-02
 -0.104606422185D-02  0.209617647167D-02  0.968148413901D-02  0.297221692519D-02
  0.162255687487D-02  0.366531471384D+00  0.395392373760D-02  0.578261192581D-03
 -0.508016696148D-03 -0.128308012530D-01 -0.853483218008D-03 -0.286806576374D-02
  0.168628291043D-02 -0.696267958507D-02 -0.478984272067D-02  0.294055175973D-02
  0.239972556174D-02  0.298061944277D-02 -0.271036565104D-03 -0.227906352635D-02
  0.303064906605D-02 -0.475580625187D-03  0.455872512015D-02  0.129446006098D-01
  0.352831314999D-03  0.302191399899D-02  0.151373241036D+00  0.145219834865D-03
 -0.279253099719D-02  0.251158888020D-02  0.163581938340D-01  0.230878667446D-01
 -0.147417718619D-01 -0.401410915734D-02  0.126828929157D-01  0.207082428115D-02
 -0.333968229596D-02  0.183788750691D-02 -0.189331870727D-03 -0.145278286749D-03
  0.988243924555D-02 -0.629125071820D-02  0.201790842568D-03 -0.171883163738D-01
 -0.114864392832D-02 -0.158974476668D-02 -0.100731428158D-01 -0.134599573169D-01
  0.585007558346D+00 -0.150300259589D-02 -0.178448845744D-02  0.351889572511D-02
  0.190199427590D-01  0.284393510136D-01 -0.157090242954D-01 -0.206063067734D-02
  0.479811438763D-02 -0.374372081284D-03  0.834676530224D-03  0.882368215378D-02
 -0.411964918849D-02 -0.157760421215D-03  0.114970171718D-01  0.177897549334D-02
  0.504701038207D-02 -0.745488650601D-02 -0.169251975007D-02  0.168097632395D-02
 -0.174276443132D-01 -0.707401139816D-02  0.283674594752D-01  0.664747671622D+00
  0.450769087808D-02 -0.394215048260D-02  0.507916710026D-03  0.833708668540D-02
  0.159101287362D-01 -0.963909500307D-02 -0.594568595951D-04  0.124859310538D-01
  0.160992916276D-02  0.137010019290D-02 -0.432582026517D-02 -0.144723232712D-02
  0.236921706923D-03  0.721785730524D-02 -0.509099865476D-02  0.105032129946D-02
 -0.154869318181D-01 -0.122839248205D-02 -0.295833098016D-03  0.998183669970D-03
 -0.166650390315D-02  0.268075683153D-02  0.139621249889D-01  0.547417756726D+00
  0.557641095086D-02 -0.298854600854D-02  0.219929951466D-03 -0.199227697822D-01
 -0.593702229057D-03  0.421544767033D-02  0.171724665939D-02  0.784729377225D-02
  0.917306127745D-03  0.142430478124D-02 -0.906556910237D-02  0.165903085994D-02
  0.232282098679D-03  0.680182991753D-02 -0.176663635568D-04 -0.204873806250D-02
 -0.324279815552D-02 -0.828847857878D-03 -0.109321719646D-02  0.193663543326D-01
  0.885034791309D-02 -0.162414900438D-01 -0.163709962698D-01 -0.256506586309D-02
  0.588764714875D+00 -0.181691499587D-04 -0.909218515050D-03 -0.175959608997D-02
 -0.209703008743D-01 -0.183228650965D-01  0.123188443496D-01  0.214217880833D-02
 -0.248885338149D-02  0.357525176830D-02  0.431758417725D-03 -0.653848869897D-02
  0.515232283869D-02 -0.113111758523D-03 -0.288582342531D-02 -0.148745932118D-02
 -0.358017600767D-02  0.658707308159D-02  0.189421298566D-02 -0.815783666130D-03
  0.185752773365D-01  0.438342690223D-02 -0.239897977634D-01 -0.274585237436D-01
 -0.980795086346D-02  0.148188523988D-01  0.644115012647D+00  0.569466402182D-02
 -0.265369930159D-02  0.431584100307D-03 -0.139590541251D-01  0.506111905955D-02
  0.236811977862D-02  0.248047750199D-02  0.921867480873D-02  0.239820194547D-02
  0.223593389574D-02 -0.111482265084D-01 -0.406559554138D-02  0.456985731555D-03
  0.489504833352D-02  0.165666990193D-02 -0.176412265990D-02 -0.631118778230D-02
 -0.204192781471D-02 -0.526917830368D-03  0.182533902864D-01  0.127746269735D-01
 -0.153511583886D-01 -0.150192951723D-01 -0.171198098247D-02  0.994177892466D-02
  0.157534323038D-01  0.575111888059D+00  0.513231937853D-02 -0.173466839397D-02
  0.534143987334D-04 -0.100262220073D-01  0.677181361568D-02 -0.173548073068D-02
  0.321258238162D-02  0.353382311325D-02 -0.131996178596D-02  0.529115782514D-02
 -0.346973687446D-02 -0.802485455836D-04  0.510570829959D-03  0.532078985336D-02
 -0.265487470506D-02  0.211401029780D-02 -0.148987528507D-02 -0.978558986075D-03
  0.247363870504D-02  0.882924357166D-02 -0.254317217803D-03 -0.326669724886D-02
 -0.550808191625D-02  0.585467156885D-02  0.988054488950D-02  0.725171823679D-02
  0.118049938000D-01  0.430779367176D+00 -0.108990845155D-02 -0.213596476701D-02
 -0.431808098467D-02 -0.273960858265D-01 -0.238099382340D-01  0.187809964429D-01
  0.344503071297D-02 -0.640703641291D-02 -0.741400022263D-03  0.120410376590D-02
 -0.680351627204D-02  0.554669012660D-02 -0.150922340151D-03 -0.800568044673D-02
  0.371578398919D-02 -0.301290236440D-02  0.114918758644D-01  0.481707696459D-02
 -0.841463522487D-03  0.175233134536D-01  0.155272842007D-01 -0.237518337978D-01
 -0.342428649801D-01 -0.939740522876D-02  0.185197764419D-01  0.286135633341D-01
  0.166491798783D-01  0.761534345773D-02  0.459426996704D+00  0.791809092323D-03
  0.264761794272D-03 -0.116992001131D-02 -0.204298926956D-02 -0.745406556926D-03
  0.546642486205D-03 -0.666578759293D-03 -0.290329918426D-03 -0.103727611701D-02
 -0.152279218386D-02 -0.989516791514D-03 -0.630532331451D-03  0.766713230325D-04
 -0.141178188562D-02  0.108178193271D-02 -0.138718602303D-02  0.390139122347D-03
  0.113002401891D-02 -0.131392007473D-02  0.237717094629D-02  0.106705336221D-02
 -0.362038346185D-02 -0.287807810199D-02 -0.389297557832D-02  0.273854915991D-03
  0.366098790491D-02 -0.661962696712D-03 -0.943962882956D-03  0.341475678751D-02
  0.425110126230D+00 -0.220436902862D-02  0.173095992004D-04 -0.777266278558D-03
  0.933198464010D-02  0.126216452712D-01 -0.102827538964D-01 -0.520040533873D-03
  0.859816510353D-02 -0.307043376462D-01  0.475527320227D-04 -0.276431778715D-03
 -0.357771509944D-01  0.857389926014D-04  0.272297261036D-02  0.472035240469D-02
  0.157357356801D-02 -0.101446704501D-01 -0.385116590931D-01  0.935454734902D-03
 -0.435058388059D-02 -0.479533666833D-01  0.941150159540D-02  0.124169154233D-01
  0.389738994308D-02 -0.535900544557D-02 -0.118136848612D-01 -0.391554211879D-02
  0.101809873508D-02 -0.162161477504D-01 -0.100035313144D-02  0.898336234392D-01
 -0.413538748905D-02 -0.377415093544D-02  0.548866681978D-03 -0.336926047978D-02
  0.550449336783D-02  0.662449253666D-02 -0.110907019452D-02  0.193846011033D-02
  0.263211534761D-01  0.175915652323D-03  0.686148286182D-02 -0.253153566469D-01
 -0.188741113989D-03  0.168575993449D-01  0.415219835575D-01  0.122406620646D-02
 -0.242688678323D-02  0.220522892396D-01  0.347196144208D-03  0.702150766954D-02
 -0.370200190546D-01  0.461426606868D-02  0.105907946350D-01  0.945366302007D-03
 -0.134801760001D-02 -0.572561049097D-02  0.118432635146D-02  0.209689269091D-02
 -0.909529766858D-02  0.103909929143D-02  0.803147661077D-02  0.109904215166D+00
  0.294481438911D-02  0.114879978964D-02  0.362014686322D-02  0.110396493256D-01
  0.177209606910D-01 -0.270081269189D-02  0.964906260465D-03  0.839543637296D-03
  0.454681390245D-01  0.772693586092D-03  0.190691146750D-02  0.371804328958D-01
  0.742217911814D-03  0.394576253989D-02 -0.366921235528D-01  0.263179474973D-02
 -0.244296178325D-02 -0.428368194201D-01  0.395560411100D-03  0.163518479672D-02
 -0.472179083908D-01  0.117714361376D-01  0.511401851896D-02  0.497400146779D-02
 -0.209570960475D-02  0.610912874815D-03 -0.571845644383D-02  0.314748331159D-02
 -0.122964145857D-01 -0.162233294383D-02  0.201852197931D-02  0.944255657055D-02
  0.108244620954D+00  0.156838684439D-02  0.138860839906D-02 -0.116716110039D-02
  0.106742601931D-01  0.388003268650D-01 -0.154845410746D-01 -0.956623527773D-04
  0.214126571388D-02  0.531340062375D-02  0.121105842806D-02  0.507416161993D-02
 -0.769427447107D-02  0.226647534723D-03  0.890889087415D-02 -0.217384972205D-02
  0.275597578849D-02 -0.585228930681D-02 -0.385447873103D-02  0.136872873799D-02
 -0.140673423024D-02  0.165476136465D-02  0.114142570954D-01  0.128775827521D-01
  0.578721325727D-02 -0.404736651585D-02 -0.908616050221D-02 -0.322084684948D-02
  0.291718895387D-04 -0.142291137152D-01 -0.115006992577D-02  0.109274951048D-01
  0.684857161358D-02  0.604306355787D-02  0.277839024388D-01 -0.305384785622D-02
  0.499565868416D-02  0.951635447353D-02  0.130180480181D+00  0.114955158940D+00
 -0.834008622869D-01 -0.140933007381D-01  0.112683843164D-01 -0.293348144050D-02
 -0.367336221983D-02  0.420113034108D-01 -0.268469206107D-01  0.234743624667D-03
  0.191329156826D-01 -0.444656090277D-02  0.204048047488D-01 -0.431467061146D-01
 -0.368317332088D-02  0.438063300497D-02 -0.110740931850D+00 -0.572179935198D-01
  0.135403588711D+00  0.171980478313D+00  0.515485704461D-01 -0.861691234784D-01
 -0.139894054759D+00 -0.909907969914D-01 -0.398957538990D-01 -0.163159436108D+00
 -0.174188291374D-01  0.701936382632D-01  0.403184636140D-01  0.260518536139D-01
  0.663967296346D-01  0.119641948588D+01 -0.594483011713D-03 -0.552029651367D-02
 -0.216085079498D-03  0.874365071464D-02  0.501379161490D-01 -0.998467072170D-02
  0.314960936735D-02  0.312808468013D-02  0.327287421104D-01  0.767397836660D-02
  0.149557799672D-01  0.113546540992D-02  0.243821656833D-03  0.250247524124D-01
  0.217177959886D-02  0.820025704431D-02 -0.108600278194D-01 -0.758452440052D-02
  0.509527347739D-02  0.975679254166D-02 -0.352078278912D-01  0.189344154006D-01
  0.225793500195D-01  0.152615190782D-01  0.387269210226D-02 -0.124954988517D-01
  0.749360858590D-02  0.112203463664D-01 -0.241190351817D-01  0.147849912063D-03
  0.752229214799D-02  0.697434058217D-01  0.587946592623D-01  0.175643618389D-01
  0.863596150886D-01  0.179607842336D+00  0.557358966896D-02  0.223083685430D-02
 -0.321951671980D-02  0.824862510962D-02  0.167214531579D-01  0.847290254447D-02
  0.251221138137D-02 -0.210748950133D-02 -0.222295177407D-02  0.430971916675D-02
  0.764483373801D-03  0.945154033745D-02  0.803758897942D-04 -0.184175328040D-02
  0.856655029788D-02  0.287464484090D-02 -0.120182237506D-03 -0.692091306787D-02
  0.385444583752D-02  0.120627313105D-02  0.196314069127D-01  0.785957376461D-02
  0.130141244621D-02  0.944781941725D-02  0.322727635204D-02 -0.140244756021D-02
  0.260824780586D-02  0.593284106012D-02 -0.700601475442D-03  0.171497836120D-03
 -0.568768577400D-02  0.149217610621D-01  0.104451220749D-02  0.451972265883D-02
 -0.226683638534D-01  0.480310206044D-01  0.413844644913D+00 -0.200958523050D-02
 -0.172666002393D-03  0.497887802258D-03  0.907236546331D-03 -0.286434547656D-02
 -0.228511855837D-02 -0.125803036476D-02  0.173154619117D-02  0.212291157458D-03
 -0.241589103341D-02  0.276842577151D-03 -0.905626844922D-03 -0.241814261985D-03
 -0.160562073312D-02 -0.405127853935D-02 -0.182419590966D-02 -0.235459777732D-02
  0.270463329592D-02 -0.152986313797D-02 -0.388121277763D-02 -0.321542794945D-02
 -0.328588155151D-02  0.332028888624D-03 -0.309475952618D-02 -0.357394124991D-02
 -0.266993058519D-02 -0.413872777628D-02 -0.200939369752D-02 -0.296041979055D-03
  0.223832524376D-03 -0.243168671815D-03 -0.557958310810D-02 -0.606723276803D-03
 -0.164866714275D-02  0.999783054432D-02 -0.129124849729D-01  0.553497999005D-02
  0.896239750758D+00 -0.163234618180D-02 -0.285071636387D-02 -0.188826505487D-03
 -0.117513452596D-01  0.112178058306D-01  0.175772929014D-02  0.695839747269D-03
 -0.924930174822D-03  0.175223804521D-02  0.539991829145D-03 -0.146013911655D-02
  0.822465843750D-03 -0.154155570873D-03 -0.371718990267D-03  0.218897797068D-02
  0.885650608159D-04  0.217826792244D-02  0.566564084486D-04 -0.333556423184D-03
  0.220146293974D-02  0.445087627737D-02 -0.187781969846D-02 -0.355814976089D-02
 -0.110793153530D-02  0.330375612327D-02  0.459074299985D-02  0.278921163621D-02
  0.204105896094D-02  0.273592431138D-02  0.246259915677D-04 -0.272527343592D-02
  0.419523728058D-02 -0.104990776566D-02  0.154296763021D-03 -0.236555798248D-01
  0.916284579595D-02  0.366949911025D-03  0.175495904644D-02  0.896934625901D+00
  0.447670770124D-02  0.830592373110D-02 -0.847848286794D-02  0.534028644497D-01
  0.322402071782D-01 -0.246124035957D-01 -0.786193620356D-02  0.141462080847D-01
 -0.288354705358D-02 -0.670668212601D-02  0.148531260526D-01 -0.872431413518D-02
  0.347801157120D-03  0.850572469988D-02 -0.180176438947D-03  0.494062011736D-02
 -0.291741148993D-01 -0.899715218372D-02  0.106360729665D-03 -0.484088460711D-01
 -0.197549812850D-01  0.494788296103D-01  0.664994132680D-01  0.158891922876D-01
 -0.420136577463D-01 -0.585953381710D-01 -0.439700190841D-01 -0.213165341166D-01
 -0.722351864399D-01 -0.102186176151D-01  0.307780339871D-01  0.824035172570D-02
  0.790936098464D-02  0.302798519253D-01  0.380742528057D+00  0.187030635906D-01
  0.127546971990D-01 -0.713824636391D-02  0.113890780574D-01  0.266470376504D+00
  0.181862675335D-02  0.396218614284D-03  0.832158372810D-03  0.191491112159D-02
  0.982175195933D-04 -0.326227658535D-02 -0.561662478681D-03  0.852223705482D-03
 -0.553178488637D-03 -0.482761759581D-03  0.792946583036D-03 -0.825923954381D-03
  0.150328584553D-03  0.111794094893D-02 -0.420760645542D-03 -0.293763289308D-04
 -0.112202914077D-02  0.987441807007D-03 -0.301933496537D-03  0.581344099051D-04
 -0.200668160321D-02  0.970319419868D-03  0.317871575697D-02 -0.666602827929D-04
 -0.161337163688D-02 -0.224036845138D-02 -0.171882457007D-02 -0.119207299517D-02
 -0.166394483354D-02 -0.345065978539D-03  0.113792305769D-02  0.121347305646D-02
  0.953938441570D-03  0.251676703283D-04  0.126008798144D-01  0.131916384207D-02
  0.318287676604D-02  0.104721024630D-03 -0.900366477103D-04  0.106842947886D-01
  0.287300763500D+00 -0.266565163164D-02  0.499232664990D-03  0.902794779064D-05
  0.953597909359D-02 -0.118545166029D-01 -0.164312305236D-02  0.147758150052D-02
 -0.214517793696D-02 -0.444769128765D-02  0.112918411459D-02 -0.401277080590D-02
  0.816258599017D-02 -0.250016893184D-03 -0.826068699470D-02 -0.369152660773D-02
 -0.181768676202D-02  0.656477906635D-02 -0.103740443739D-04  0.594700431562D-03
  0.271277185707D-02  0.134124076215D-01 -0.979557298343D-02 -0.141985540896D-01
 -0.991474640958D-03  0.580233092641D-02  0.951314385093D-02  0.688635096946D-02
  0.247215921684D-02  0.150229652996D-01  0.132742978736D-02 -0.116970764570D-01
 -0.127027204850D-01 -0.530933106056D-02 -0.122387585916D-01 -0.758336327168D-01
 -0.239086686339D-02  0.577173484173D-01 -0.210325501939D-02  0.459784605997D-02
 -0.389316288815D-01 -0.156151140832D-02  0.476144278066D-01 -0.181304421365D-03
  0.118636189351D-02  0.197714713473D-02 -0.315304777184D-01 -0.737298176846D-02
  0.951969023154D-02 -0.429452939675D-03 -0.677056627198D-02  0.612802263181D-02
 -0.159347299564D-02 -0.388177366278D-02 -0.249339456351D-02  0.151878844580D-03
 -0.710816913456D-02  0.126731047634D-01 -0.198047920061D-02  0.655876761247D-02
 -0.264801541629D-02 -0.237370135236D-02 -0.238357445868D-02 -0.772506508007D-02
 -0.105764929753D-01 -0.121416487278D-01 -0.890396227930D-02  0.567338009213D-02
  0.126615111814D-01  0.253091522831D-02 -0.242119965196D-02  0.142422064224D-01
  0.105617538499D-02  0.367016678951D-02  0.141626169245D-01  0.305864706511D-02
  0.499639843017D-02 -0.735991440784D-01 -0.116526308500D-01  0.189999406502D-01
 -0.609550592857D-02  0.829452066448D-03 -0.597542191225D-02 -0.296103163365D-02
 -0.328221600811D-01  0.118221122001D+00  0.981013165750D-02 -0.397406846606D-02
  0.348520445034D-02  0.675579988854D-01  0.401045184924D-01 -0.287602118307D-01
 -0.709905053859D-02  0.140062203167D-01 -0.420495911261D-02 -0.561441335322D-02
  0.954831600751D-02 -0.244913644770D-02 -0.528617714759D-04  0.604948323287D-02
 -0.685079025088D-02  0.363941323873D-02 -0.205874073217D-01 -0.879551404510D-02
  0.129804425156D-02 -0.336310253507D-01 -0.174570127865D-01  0.426773976471D-01
  0.558071382367D-01  0.154079678880D-01 -0.385535677237D-01 -0.556626347547D-01
 -0.347958989070D-01 -0.180251690617D-01 -0.632928143070D-01 -0.673043253656D-02
  0.242823027319D-01 -0.842716478929D-03  0.111911383796D-01  0.231742594513D-01
  0.353530805588D+00  0.215811696888D-01  0.125321964570D-01  0.868358280657D-02
 -0.148796594484D-01  0.151505646708D+00  0.185887377769D-02 -0.185045471973D-01
 -0.399129095189D-01  0.183328529140D+00 -0.548575775452D-02  0.310807601333D-02
  0.155477465287D-02 -0.338953024778D-02 -0.602383356826D-01  0.328696546352D-01
 -0.281882104818D-02 -0.619006179392D-02 -0.268914403769D-02 -0.764018556175D-02
 -0.106962158207D-01  0.134360834970D-01 -0.649761464978D-03 -0.312999824617D-01
  0.145041536026D-03 -0.984954801642D-02  0.841290844739D-02  0.711928905342D-03
 -0.570095089298D-02 -0.819736097463D-02 -0.211479862478D-02 -0.337552476762D-01
 -0.304880287298D-01 -0.223457159837D-01  0.391564683206D-02  0.182149380991D-01
 -0.146892810131D-03 -0.581601421023D-02  0.351585478880D-01  0.322913396844D-02
 -0.161102804194D-01 -0.211460594260D-01 -0.866880705703D-02 -0.336016626480D-01
 -0.152244921497D+00 -0.516788503721D-01 -0.406441938365D-01  0.305885384789D-02
  0.659329502667D-03 -0.433258150582D-01 -0.943883338816D-03  0.114201482276D-01
  0.131825867023D-01 -0.355777104636D-01  0.138674394947D+00 -0.275052755839D-02
 -0.329242582317D-02  0.117619281065D-02 -0.679488780049D-03  0.271812426879D-01
 -0.528897699441D-02  0.481276708102D-03  0.241532220740D-02 -0.526397678995D-04
  0.218726549465D-02  0.439352841183D-02 -0.196712459783D-02 -0.180960226809D-03
  0.565283233080D-02  0.230155057004D-02  0.363869842483D-02 -0.208236077605D-02
 -0.382522443516D-02  0.183024826012D-02 -0.118669461509D-01  0.315249294236D-02
  0.167984384009D-01  0.140111303807D-01  0.102179852906D-01 -0.594102132969D-02
 -0.115474904151D-01 -0.433891893459D-02 -0.126711338187D-02 -0.197095426919D-01
 -0.211745949123D-02  0.482446113895D-02  0.629424920749D-02  0.545259068950D-03
  0.587497671423D-02  0.866259950438D-01  0.156460545514D-01  0.501606133779D-02
  0.381710537218D-04 -0.438831895621D-02  0.266216256628D-01  0.184917840318D-02
 -0.449672940935D-02 -0.900296069303D-02  0.165055456483D-01 -0.673786672241D-02
  0.351022652704D+00 -0.634585129064D-02  0.168842431304D-01  0.270464148688D-01
  0.232030797432D+00  0.171342413315D+00 -0.133483817764D+00 -0.241360279947D-01
  0.305023962302D-01  0.121107579132D-01 -0.840549405509D-02  0.656527426365D-01
 -0.538107355558D-01  0.764756130421D-03  0.498644860356D-01 -0.179660200474D-01
  0.289980381743D-01 -0.743912487238D-01 -0.301121276005D-01  0.901426715133D-02
 -0.169928976827D+00 -0.780145488111D-01  0.217329418060D+00  0.274498861974D+00
  0.841362807805D-01 -0.152841287049D+00 -0.232545625868D+00 -0.139711292833D+00
 -0.731268481443D-01 -0.284579422201D+00 -0.297036203538D-01  0.106201350049D+00
  0.447780890203D-01  0.504120260578D-01  0.964051034037D-01  0.139157819571D+01
  0.122015823159D+00  0.241633948686D-02  0.154384328477D-01 -0.361444430752D-01
  0.555103372284D+00  0.182181649859D-01 -0.938386075050D-01 -0.116201435281D+00
  0.524455637105D+00 -0.211789540372D+00  0.133120853523D+00  0.287615013269D+01
  0.508441386874D-02 -0.195580131331D-01 -0.856924175727D-02  0.431959328630D-01
  0.137259504083D+00 -0.646017492161D-01  0.274483440632D-02  0.101693996068D-01
  0.951617389854D-02  0.757149899366D-02  0.178297692879D-01 -0.423122192375D-01
  0.105709976550D-02  0.185105245053D-01 -0.227306598853D-01  0.104771335067D-01
 -0.267275500995D-01  0.195367955330D-01  0.673743161137D-03  0.369966208644D-02
 -0.608606108663D-02  0.261920592886D-01  0.463849241462D-01  0.148390636273D-01
  0.599738819871D-02 -0.201590796750D-01  0.167477424287D-02  0.120438303372D-01
 -0.381357241309D-01 -0.326967837573D-02  0.218181594718D-01  0.181370572626D-01
 -0.125220364704D-02  0.332774540606D-01  0.142573465799D+00  0.476372770736D-01
  0.554094321864D-01 -0.238870271239D-01  0.148388183314D-01  0.366406700702D-02
  0.217997348139D-02  0.216279930015D-02 -0.418527471123D-01  0.260097388934D-01
 -0.111039295275D+00  0.233691832162D-01  0.218077169972D+00  0.543055636182D+00
 -0.511223081837D-03 -0.195001996423D-01 -0.213271538592D-01  0.324183999148D-01
  0.316809414826D-01 -0.627833765689D-02  0.851613413232D-02 -0.909868612412D-02
  0.160469695624D-01  0.120407951203D-01  0.167802740196D-02 -0.952547127966D-02
  0.694220533887D-03 -0.220868099742D-01  0.148706392914D-02  0.115852599088D-01
 -0.840966295501D-02  0.598426578877D-02  0.250720001145D-02 -0.925274229686D-02
 -0.714244635944D-02  0.154365164531D-01  0.241711677887D-01  0.588659827457D-02
  0.320000980176D-01  0.509650751008D-02  0.219585593883D-01  0.162425031390D-01
 -0.153672376090D-01 -0.590986104968D-02 -0.771246438056D-03  0.251404639549D-01
  0.115243596309D-01  0.422859076665D-02 -0.731689228456D-02  0.321078706770D-01
  0.599835372564D-02  0.130921907059D-02 -0.568582446615D-02 -0.580686771908D-01
  0.272635328572D-02  0.492515293315D-02 -0.822505324683D-02 -0.260506135765D-01
 -0.327765675610D-01  0.353324752586D-02 -0.260460391984D-02  0.340961844983D-03
  0.716622781768D+00  0.433224272308D-02  0.217409246903D-03 -0.429985249538D-03
  0.855443839297D-02 -0.838925731575D-02 -0.102612024836D-01  0.831815472197D-03
 -0.234720554809D-02 -0.411601716797D-02 -0.364918498607D-04 -0.296251766897D-02
  0.157486033700D-02 -0.860706181330D-04 -0.202712725519D-02 -0.431344370920D-02
 -0.196159488902D-02  0.298294882925D-02  0.136597603663D-02 -0.537163139429D-03
  0.120527008083D-01  0.158314590107D-01 -0.767915551099D-02 -0.107662414256D-01
 -0.245773971858D-02  0.301040062922D-02  0.712035962710D-02  0.271036231701D-02
  0.381509756538D-02  0.113049427275D-01  0.193417538075D-02 -0.858516163930D-02
 -0.109750606383D-01 -0.841202063359D-02 -0.641086877050D-02 -0.727884469805D-01
 -0.447279652146D-02 -0.438858057844D-01  0.255055537317D-02  0.100831823093D-02
  0.338628268269D-01  0.380858561173D-03  0.104581250066D-01 -0.357114296443D-01
 -0.261034842009D-01  0.110440835408D-01 -0.171649757155D-02 -0.696146483679D-01
  0.200539390327D-01  0.408445234895D-01  0.239938868965D+00  0.695136707606D-03
 -0.567448770980D-02  0.208992919184D-03 -0.779117542395D-02 -0.111754373338D-01
  0.212737851785D-01 -0.136877775592D-02  0.495100294938D-03 -0.190751499028D-02
 -0.167218681009D-02  0.942344739165D-03 -0.739069722214D-04 -0.926978706200D-04
  0.498259448672D-02  0.988388328186D-02 -0.105944853087D-02  0.154842414027D-02
  0.230749171851D-02 -0.200423876382D-02  0.545325992109D-02  0.230624942099D-02
 -0.889350753822D-03  0.794646568460D-03 -0.171705326807D-02 -0.330804500214D-02
  0.179864685965D-03 -0.477819188356D-02 -0.324264422441D-03  0.201035790160D-02
  0.556082435343D-03 -0.445293655630D-02  0.138568570771D-01 -0.438299949683D-02
 -0.122831009430D-01 -0.211107515316D-01  0.106785989917D-01 -0.506633598383D-02
  0.332640172855D-02 -0.536293413435D-02  0.817894775849D-01 -0.258325859376D-02
 -0.131500413542D-01  0.348961336848D-01 -0.184057919932D-01  0.262637162476D-02
 -0.596983107864D-03 -0.597914955569D-02 -0.408029919649D-02  0.715070922748D-02
  0.178495589995D+00  0.269962304613D+00 -0.464168031294D-02  0.114801749355D-01
  0.150987401903D-01 -0.415085817497D-01 -0.189380415200D-01  0.994468761499D-02
 -0.693939177834D-02  0.803423496086D-02 -0.102953898821D-01 -0.132485308711D-01
 -0.629773184204D-02  0.263046414775D-02 -0.846238670064D-03  0.104310479401D-01
 -0.620171701102D-04 -0.138440391289D-01  0.733477210987D-02  0.156309023991D-02
 -0.563511956287D-02  0.117876908196D-01  0.167035878559D-01 -0.285536608321D-01
 -0.351309639389D-01 -0.166273005039D-01 -0.205149234240D-01  0.104479491025D-01
 -0.154028297735D-01 -0.109864779416D-01  0.256367453727D-01  0.556960182545D-02
 -0.880023472050D-02 -0.209313354351D-01 -0.213583806751D-01 -0.114434745420D-01
 -0.723965495435D-01 -0.361292071859D-01  0.691064875818D-03 -0.550853045075D-02
  0.669124036307D-02 -0.141783942051D-01 -0.195015757491D-02  0.932988543475D-02
  0.528644544536D-02 -0.592414355875D-02  0.366683835899D-01 -0.145357636103D-01
 -0.123270374159D+00 -0.325479612023D-01  0.127333404649D+00 -0.214227307251D-01
  0.647186597791D-02  0.807081021882D+00 -0.216406289747D-03 -0.116721432112D-03
  0.666219072046D-02  0.436034337694D-01  0.427494177457D-01 -0.318304220477D-01
 -0.226170682033D-02  0.686767678459D-02  0.392100659435D-02  0.294042038762D-02
  0.143801711870D-01 -0.955176410252D-02  0.209792997933D-03  0.114591642905D-01
 -0.430835865351D-02  0.927036195924D-02 -0.149204031111D-01 -0.515186638143D-02
  0.336931143385D-02 -0.336922803992D-01 -0.113055162255D-01  0.471510739065D-01
  0.581027516621D-01  0.243626243445D-01 -0.239032488415D-01 -0.483597649431D-01
 -0.209398411998D-01 -0.100370253979D-01 -0.589840073308D-01 -0.646437596751D-02
  0.194097204965D-01  0.102094479512D-01  0.123114631908D-01  0.200558698751D-01
  0.295221658323D+00  0.308663917087D-01  0.112771271402D-01  0.833773669703D-03
 -0.625602807832D-02  0.113259358242D+00  0.425520739355D-02 -0.171546776705D-01
 -0.275674463774D-01  0.103770821310D+00 -0.480072928233D-01  0.270720570375D-01
  0.485174191704D+00  0.543753588083D-01  0.556574721846D-02 -0.758625491855D-02
  0.732331372474D-02 -0.332487270373D-01  0.385915207530D+00  0.105662542638D-01
 -0.524928090911D-02 -0.153960086305D-01 -0.108330222690D+00 -0.724982970905D-01
  0.573786948173D-01  0.859964047774D-02 -0.164536560199D-01  0.256956190179D-02
  0.239588739132D-02 -0.261239679138D-01  0.144471837940D-01 -0.402472819236D-03
 -0.191548223220D-01  0.800130193430D-02 -0.134047504578D-01  0.322359524177D-01
  0.899640530445D-02 -0.336571113846D-02  0.715307394736D-01  0.274892862215D-01
 -0.898636091744D-01 -0.117648766814D+00 -0.339543845373D-01  0.582767420929D-01
  0.993701465940D-01  0.508871121425D-01  0.313275584149D-01  0.122668304375D+00
  0.150921039210D-01 -0.404068284471D-01 -0.149548941121D-01 -0.169436787147D-01
 -0.373821934989D-01 -0.653840396198D+00 -0.589888272376D-01 -0.608147185444D-01
 -0.512492653299D-02  0.151486898123D-01 -0.262270643580D+00 -0.646046213356D-02
  0.215984036135D-01  0.686454853287D-01 -0.240808315055D+00  0.965152950669D-01
 -0.570475823702D-01 -0.102743718569D+01 -0.976896849467D-01  0.243348758433D-01
 -0.135367267316D-01 -0.419358261759D-01  0.414332948064D-01 -0.186085085502D+00
  0.487448887251D+00
$end
