$optinfo internal
 gdiistep   off
 trostep    off
 calchess   off
 iteration  20
 ndiis       5
 itrvec      0
 tradius    3.000000000000E-01
 actrad     2.854681282576E-01
 energyo   -1.955847856632E+03
 predengy  -1.568635540313E-04
 trnvec
  0.000000000000D+00  0.000000000000D+00  0.000000000000D+00
  0.000000000000D+00  0.000000000000D+00  0.000000000000D+00
  0.000000000000D+00  0.000000000000D+00  0.000000000000D+00
  0.000000000000D+00  0.000000000000D+00  0.000000000000D+00
  0.000000000000D+00  0.000000000000D+00  0.000000000000D+00
  0.000000000000D+00  0.000000000000D+00  0.000000000000D+00
  0.000000000000D+00  0.000000000000D+00  0.000000000000D+00
  0.000000000000D+00  0.000000000000D+00  0.000000000000D+00
  0.000000000000D+00  0.000000000000D+00  0.000000000000D+00
  0.000000000000D+00  0.000000000000D+00  0.000000000000D+00
  0.000000000000D+00  0.000000000000D+00  0.000000000000D+00
  0.000000000000D+00  0.000000000000D+00  0.000000000000D+00
  0.000000000000D+00  0.000000000000D+00  0.000000000000D+00
  0.000000000000D+00  0.000000000000D+00  0.000000000000D+00
  0.000000000000D+00  0.000000000000D+00  0.000000000000D+00
  0.000000000000D+00  0.000000000000D+00  0.000000000000D+00
  0.000000000000D+00  0.000000000000D+00  0.000000000000D+00
  0.000000000000D+00  0.000000000000D+00  0.000000000000D+00
 displ
 -0.620187913603D-04  0.167412763100D-02  0.327128998721D-02
 -0.674078052306D-02  0.146927949004D-01 -0.292449313012D-02
 -0.129355625626D-02  0.533660600877D-03  0.107025868446D-01
 -0.282509899655D-02 -0.125696570817D-02  0.398354662137D-02
  0.117056507866D-03 -0.246426379740D-03 -0.789728892446D-02
 -0.154688053313D-02 -0.604070221412D-04 -0.110282619848D-01
 -0.871885543334D-03 -0.666206085332D-03  0.107573844200D-01
  0.157645837214D-04 -0.132699178723D-02 -0.262096396956D-02
 -0.313931057181D-02  0.167049571046D-02 -0.472748998576D-02
 -0.152052110718D-02  0.675960503758D-03  0.462510003751D-03
  0.515442134641D-02  0.297254822111D-02 -0.335644356282D-01
 -0.278482448962D+00 -0.125556148167D-01  0.625671438519D-02
 -0.113717198855D-01  0.488271935278D-03 -0.661107338323D-03
  0.100415027992D-01 -0.669869984557D-04  0.284337393808D-01
  0.111343309724D-01  0.822543150715D-02 -0.248766401093D-02
 -0.184968565972D-02 -0.322941960237D-02 -0.159432760938D-02
  0.354137961459D-02 -0.341621324735D-02 -0.899354920630D-02
 -0.258571030018D-02 -0.207575296966D-02 -0.208782260389D-01
 dxyz
  0.111756676020D-01  0.539082183020D-02 -0.114162545748D+00
 -0.882752354092D-02 -0.107649232094D-01 -0.210380213575D+00
  0.113960147496D+00  0.339962246775D-01 -0.130814823733D+00
 -0.230179108779D-01 -0.115765392218D-02  0.280386985778D-01
 -0.128248594112D+00 -0.240699780576D-01  0.164323532241D+00
  0.424291202955D-01 -0.253150747891D-01  0.203604777816D+00
  0.131690469010D+00  0.333641273602D-02  0.159958269207D+00
 -0.176858640091D+00 -0.432313550146D-01 -0.131153063436D+00
 -0.248149918087D-01 -0.244717373504D-02 -0.112648567793D+00
 -0.249609080084D-01 -0.677048951653D-02  0.157624989838D+00
  0.205831589475D-01  0.327992318737D-01  0.114815146045D+00
  0.165169898389D-01  0.342668480180D-01  0.184525312534D+00
  0.897582670857D-02  0.933470965511D-02  0.613721504973D-01
 -0.117702809161D-02 -0.210061926635D-01 -0.168071026086D+00
 -0.594607618903D-03 -0.218464885324D-01 -0.245204292894D+00
  0.277191123156D-01  0.534759553295D-01  0.216188479295D+00
  0.210489516582D-01  0.545733375250D-01  0.342507805797D+00
  0.876439107643D-02  0.116781489268D-01  0.128027424108D+00
 -0.786674937383D-02 -0.422720563530D-01 -0.265378389998D+00
 -0.649688142503D-02 -0.399703047785D-01 -0.383173662693D+00
 grado
 -0.259391894435D-04  0.825802633622D-04 -0.869399189076D-04
  0.168545283208D-03 -0.939144912126D-04  0.180685318430D-03
  0.643517900576D-03 -0.314442548177D-03 -0.338220785656D-03
  0.113362024490D-02  0.217672196140D-03  0.253559948518D-03
  0.169171757438D-04 -0.106188829281D-04 -0.194540414860D-04
  0.737438893739D-03  0.266218214440D-03 -0.196702398535D-04
  0.840393253277D-03 -0.195966906130D-03  0.224366445449D-03
  0.122152435920D-02  0.159303715589D-03  0.184227645989D-02
  0.135058288488D-02  0.119989026295D-05  0.199512042036D-02
  0.935667697950D-03 -0.537339871960D-03 -0.841712275961D-04
 -0.112306516631D-03 -0.773229451399D-03  0.242941778708D-03
  0.899500988936D-03  0.955706302405D-03 -0.712722534890D-03
 -0.177488144764D-03  0.225460091293D-04  0.559100156316D-04
 -0.247126470432D-03  0.545548984009D-04  0.451359514842D-03
 -0.767885783239D-05  0.960659397553D-04 -0.172845062835D-03
  0.108786186098D-03  0.121884243515D-02  0.512142900917D-03
 -0.463573359169D-03 -0.434573239510D-03  0.105429608415D-02
  0.388741201398D-03  0.144989581805D-03  0.170395759911D-03
$end
