$vibrational normal modes
 1  1  -0.1942104036   0.1199547230  -0.0024849478  -0.1369837228   0.1139167721
 1  2  -0.0009785849   0.0012953921   0.0227870586   0.0412842712   0.0083363221
 1  3  -0.0992750646  -0.1500839618   0.0107728179   0.1629588232   0.0103812512
 1  4  -0.0537359962   0.0117600434   0.1778984751  -0.0087460198  -0.1344441434
 1  5  -0.0280133566  -0.0197975534   0.0030490749   0.0832430169  -0.0012222405
 1  6   0.0379919543   0.0219005641  -0.0095409063  -0.0351542965   0.1117927350
 1  7  -0.1979131091   0.0118755061  -0.0111133221  -0.0039740560   0.0004076621
 1  8  -0.0062903766   0.0037024431   0.0038410585   0.0002755634   0.0090653591
 1  9   0.0005284215   0.0458001592  -0.0002405762  -0.0000190093  -0.0617745367
 1 10  -0.0245259475   0.2299868135   0.0029836309  -0.0172251251  -0.1420276679
 1 11   0.1058666140  -0.1349914139  -0.0681150854   0.1909522328  -0.1737922179
 1 12  -0.0010830872  -0.0018710015   0.0010391891  -0.0015746339  -0.0001791778
 2  1   0.0067450151   0.1698162883  -0.0168564169   0.0356450554  -0.1417766897
 2  2   0.0086987059   0.0005723219   0.0275238768   0.0418697372   0.0050433703
 2  3   0.1123790864   0.0552460760   0.0086393767   0.2242751029   0.0012980002
 2  4  -0.0615385416   0.0040599191   0.0818056373  -0.0040334531  -0.0758674458
 2  5  -0.0166189704  -0.0481225147   0.0034843550   0.1159065588  -0.0003203809
 2  6  -0.1872747120   0.0130601932   0.0702161687  -0.1515364584   0.0766950760
 2  7   0.2276863499   0.0001316468  -0.0047983571  -0.0019586948   0.0002389592
 2  8  -0.0030780391   0.0018250672  -0.0300038142   0.0000640189  -0.0176707262
 2  9  -0.0005023057  -0.0612903650  -0.0011817146   0.0000750963   0.0717195403
 2 10  -0.0442191439  -0.2646136411  -0.0017855251   0.0029119719  -0.1055103978
 2 11   0.1159904464  -0.0963013448   0.0934670006   0.2564016278   0.0518850575
 2 12   0.0009660503  -0.0016765017  -0.0007594685  -0.0016131620   0.0004076508
 3  1   0.1028636521   0.0640762669  -0.0644227276  -0.1140822017   0.0750373780
 3  2   0.1613146793   0.0357098056  -0.0842325865   0.0688756098   0.1402423964
 3  3  -0.0005802100   0.0040060513   0.2075947749  -0.0123036189   0.2182137898
 3  4   0.0044944327  -0.0055512130  -0.0102758930  -0.1500506207  -0.0176703897
 3  5   0.1197478990   0.0021286589   0.0354038441  -0.0092952061  -0.0196308751
 3  6   0.0272539457   0.3575074546   0.0107542954  -0.0017242613  -0.0098226808
 3  7   0.0136416049   0.1277230828  -0.1648111593   0.0012293214   0.0034633127
 3  8   0.0020413616   0.0580647136   0.0017038287   0.0051340032   0.0000195065
 3  9   0.0044911346  -0.0005778240  -0.0157455769   0.0008734867   0.0019453581
 3 10   0.0030086179  -0.0066562848  -0.0001232014   0.0011069808   0.0126223981
 3 11  -0.0105790620   0.0118837136   0.0016081799  -0.0205216879   0.0098686144
 3 12   0.0000432178   0.0001779458  -0.0000469130   0.0001539506   0.0000000166
 4  1  -0.1429696381   0.1156807489  -0.0197645290  -0.0692807142   0.1363421661
 4  2  -0.0009387319   0.0016344734  -0.0290184980  -0.0239075705   0.0074665895
 4  3  -0.1750218691  -0.0530886045  -0.0011152946   0.1506931166  -0.0064659830
 4  4  -0.0072318057  -0.0031594612  -0.0526041893   0.0055739161   0.0858815048
 4  5   0.0187710208  -0.0406432270  -0.0061058698   0.0711179534  -0.0007619494
 4  6   0.2634398828  -0.0044033389  -0.1140449911   0.3715480641   0.0253638858
 4  7   0.1261310306  -0.0024354705   0.0012456924  -0.0267344590   0.0001543072
 4  8  -0.0127318710  -0.0004202717  -0.1971529616  -0.0008231866  -0.0226732889
 4  9   0.0187034878   0.0261279098  -0.0008133474   0.0003925123   0.0064084859
 4 10   0.0115821626  -0.0304720034  -0.0012363067   0.0015788035   0.0083452714
 4 11  -0.0040694231   0.0095270033   0.0030692627  -0.0095815853   0.0047055639
 4 12   0.0000343045   0.0001918978  -0.0000190102   0.0001476706  -0.0000163218
 5  1   0.0505045733   0.1644290484  -0.0296528442   0.0970931822  -0.1234875572
 5  2   0.0120615068   0.0010467517  -0.0154158980  -0.0150352422   0.0038722976
 5  3   0.0406151647   0.0994707730   0.0032976726   0.1639384199  -0.0047299425
 5  4  -0.0050938726  -0.0048164946  -0.0683637739   0.0029314969   0.0708774411
 5  5   0.0164123331   0.0318225008  -0.0114831400  -0.2876190509   0.0002932913
 5  6  -0.2780371065   0.0040199628   0.0558795489   0.1214683000   0.0191051944
 5  7  -0.0909361798   0.0016600292   0.0000375179  -0.0251759124   0.0000138430
 5  8   0.0027793885  -0.0000950000  -0.3288109219  -0.0000660508  -0.0376428780
 5  9   0.0068921610   0.0553168859   0.0000383998   0.0001419459  -0.0117631841
 5 10   0.0101111263   0.0234998621  -0.0001997635  -0.0015243123  -0.0000959254
 5 11  -0.0022275928   0.0010646746  -0.0009070196  -0.0016415702  -0.0006714579
 5 12  -0.0000173002  -0.0000722675  -0.0000948209  -0.0000401538   0.0001249290
 6  1   0.1680356119   0.1258561656  -0.1622458538  -0.1684122576   0.1369159552
 6  2   0.0325737307   0.0297306818  -0.1277348944   0.1152305032   0.1745654576
 6  3   0.0059903813   0.0014145372  -0.0191682140  -0.0123179916  -0.0612281840
 6  4  -0.0006450335   0.0316508071   0.0019669886   0.0893508068   0.0066623283
 6  5  -0.0592839405   0.0017380678  -0.1325547544   0.0091461819  -0.0053702852
 6  6  -0.0123922498  -0.0522389326   0.0035031754  -0.0226098884  -0.0019207649
 6  7  -0.0049371639  -0.0009478695   0.0108263922   0.0019055043   0.0025981840
 6  8   0.0008311373  -0.0066711002   0.0160944184  -0.0192575670  -0.0040875023
 6  9   0.3618201511  -0.0025428018  -0.0187690713   0.0074689630  -0.0001171343
 6 10  -0.0010274399   0.0011243607   0.0001051567  -0.0001000857  -0.0004847953
 6 11   0.0003556539  -0.0005926379  -0.0001716140   0.0006183347  -0.0002714522
 6 12  -0.0000018870  -0.0000129182   0.0000049538  -0.0000091684  -0.0000016672
 7  1  -0.1869607785   0.0581853594   0.1322806454   0.0445102419   0.0894487178
 7  2   0.0762250893  -0.0472684026   0.0360262089  -0.1559149699   0.0042011902
 7  3  -0.2024486219   0.0850865772   0.3020949400   0.0905516487   0.2977772687
 7  4   0.0482951357  -0.1089711453  -0.2927971530   0.2490075164   0.3286170190
 7  5  -0.1217126572  -0.0572990215  -0.0908079914   0.0394715872  -0.0068033196
 7  6  -0.0745590083  -0.0376052118   0.0446700556  -0.2799239585  -0.0157268006
 7  7  -0.0299716934  -0.0044904727   0.0048063597   0.0036602051  -0.0000085208
 7  8   0.0194184032  -0.0012160935   0.1526840225  -0.0050118750   0.0176400420
 7  9   0.0954279198  -0.0248582871  -0.0063184306   0.0009239763   0.0010916815
 7 10  -0.0079381611   0.0036383461   0.0004997204  -0.0002104457  -0.0035533291
 7 11   0.0048105985  -0.0041242850  -0.0006279361   0.0059449905  -0.0016396056
 7 12   0.0000163998  -0.0000105592   0.0000088123  -0.0000268846  -0.0000262071
 8  1   0.0335840587   0.1752510132   0.0244553156   0.0932588208  -0.1238750647
 8  2  -0.0406024554  -0.0362788385   0.0446641137  -0.0278035559  -0.0644247364
 8  3   0.0571359545   0.0214585528  -0.0899220092   0.1648899558  -0.0994233181
 8  4  -0.0332714552  -0.0199193939   0.0492328064   0.2593640000   0.0183370943
 8  5  -0.1723930790   0.0350209285   0.3043627639  -0.3285636148   0.0128500478
 8  6   0.3389277410   0.0736800610  -0.0948221481  -0.0699453263  -0.0016838554
 8  7   0.0184761148   0.0030094295  -0.0121568151  -0.0082812789   0.0026210003
 8  8  -0.0006760413   0.0026057654   0.3149335634  -0.0131145860   0.0377821605
 8  9   0.2263153290  -0.0505921422  -0.0138085969   0.0018332162   0.0031407201
 8 10  -0.0058880420   0.0032538112  -0.0005078520   0.0007438643   0.0037078503
 8 11  -0.0009140053   0.0022799789  -0.0022888575  -0.0024785838   0.0007636439
 8 12   0.0000849350   0.0002301706  -0.0000122758   0.0001090509  -0.0001151883
 9  1   0.1449612449   0.1164039182  -0.0852441350  -0.1386511250   0.1234143895
 9  2   0.0212830671  -0.0053071129  -0.0721243624   0.0696630894   0.1285053924
 9  3   0.0065277320  -0.0123233315   0.0024511921  -0.0330542127  -0.0403856233
 9  4   0.0036152523  -0.0230660685   0.0172163848   0.2877022669   0.0274845315
 9  5  -0.2058837636   0.0080274344   0.0357123014  -0.0269739542  -0.0003753620
 9  6   0.2874430843  -0.0182037178  -0.0472090566  -0.4137410063  -0.0469110772
 9  7   0.0147314474   0.0006505015   0.0019170423  -0.0831628432  -0.0035181311
 9  8   0.0014816619   0.0012547769  -0.4356561126   0.0217628950  -0.0401809788
 9  9  -0.3894772133   0.0658350849   0.0226313438  -0.0100968670  -0.0041432592
 9 10   0.0082366979  -0.0067279025   0.0002647392  -0.0012818263  -0.0015114659
 9 11  -0.0002373970  -0.0006408654   0.0019331277   0.0006852143  -0.0005109722
 9 12   0.0000682347  -0.0000642317  -0.0001348413  -0.0000563828   0.0001174767
10  1  -0.0463364683   0.0976486020  -0.0299813433   0.0864262969   0.1741269983
10  2   0.0117224395  -0.0026903896  -0.0383156353  -0.0580984862  -0.0002939331
10  3   0.0637792352   0.0356684727   0.0003452763  -0.0253364076  -0.0004039220
10  4   0.0380896455  -0.0010818739   0.0379017354  -0.0033081816  -0.0083605905
10  5  -0.0026071702   0.0486461181  -0.0000192573   0.0110355924  -0.0000248417
10  6  -0.0011201228  -0.0000219537  -0.0005202919   0.0004674371  -0.0006385770
10  7  -0.0000429331   0.0000307892   0.0000161027  -0.0164918894   0.0003150703
10  8  -0.0874535693   0.0000825088   0.0040729114   0.0000200096  -0.0000075622
10  9   0.0001853848   0.0017569629  -0.0000535718   0.0001971052   0.0001225815
10 10   0.0004222160  -0.0001831293  -0.0000059848   0.0000787944  -0.0001423725
10 11  -0.0000843712   0.0000695929   0.0001851789  -0.0002340266   0.0000032541
10 12  -0.0000374392  -0.0000709521   0.0000433537  -0.0000227680  -0.0000085505
11  1   0.0052830893   0.1706834981  -0.0125629199   0.0351591666  -0.1418620331
11  2   0.0045470837  -0.0015116774   0.0015068563  -0.0000272974  -0.0010076960
11  3  -0.0644386124  -0.0421930376  -0.0016742776  -0.0449892249   0.0007825417
11  4   0.1012044752   0.0004911267  -0.0060200236  -0.0017664606  -0.0206904347
11  5  -0.0056171853   0.1131181562   0.0009593825   0.0298958945  -0.0000178917
11  6  -0.0028806361   0.0000192007  -0.0020962982   0.0004317069   0.0001702371
11  7   0.0004550849  -0.0000324923  -0.0000003000   0.0077711394  -0.0001319038
11  8   0.0357408912  -0.0000330626   0.0009916133  -0.0000157870  -0.0016415012
11  9   0.0000415887  -0.0008046765   0.0000077964   0.0000692112  -0.0000967059
11 10  -0.0002780100  -0.0001033990   0.0000165171  -0.0001472185   0.0000836945
11 11   0.0001262063  -0.0000216836  -0.0000928168   0.0000785204  -0.0000977038
11 12   0.0000101850   0.0000172923  -0.0000168328   0.0000054030   0.0000131601
12  1   0.0875350051   0.0940266029   0.1103056254  -0.0636113450   0.0905886744
12  2  -0.0120678872  -0.0636367983   0.0451751016  -0.0354907971  -0.0164851840
12  3  -0.0017844960  -0.0006806622  -0.0062025680   0.0021767078  -0.0122910509
12  4  -0.0017364198  -0.1006753638   0.0033036612  -0.0629083475   0.0030086655
12  5  -0.0061707649  -0.0041607644  -0.0077336616  -0.0009627182  -0.0005896538
12  6   0.0000146232  -0.0013315034   0.0000155216  -0.0000134722   0.0000261888
12  7  -0.0000154174  -0.0001787414   0.0001416334   0.0007292143  -0.0000521469
12  8   0.0037630210  -0.0000299432  -0.0002638062  -0.0001240479  -0.0000185011
12  9   0.0027213676  -0.0000709210  -0.0001915363   0.0034433554  -0.0000042875
12 10  -0.0000180028   0.0000125296   0.0000001244  -0.0000016105   0.0000057144
12 11   0.0000026060  -0.0000038931  -0.0000086780   0.0000119690   0.0000013138
12 12   0.0000018047   0.0000034817  -0.0000019713   0.0000011056   0.0000001616
13  1   0.0954112526   0.1378019361  -0.1943804542   0.1276236758   0.2596511401
13  2  -0.0537685907   0.0075828115   0.0491549198   0.1228342446  -0.2623700071
13  3   0.0621824786  -0.2950365870   0.3696373154  -0.0014316932  -0.2107278992
13  4  -0.1986577865  -0.0127212952  -0.3307419142   0.1150670766  -0.2678693283
13  5   0.1210407279  -0.0547117995  -0.0070743196  -0.0056846055   0.0000294837
13  6   0.0361180609  -0.0019121246   0.1583161866   0.0128972232   0.0012579700
13  7  -0.0005636312   0.0000645467   0.0000290590   0.0112549172   0.0000259182
13  8   0.0099747312  -0.0000700116   0.0128632090  -0.0000144692  -0.1257533115
13  9  -0.0033401122   0.0082388294   0.0005474109   0.1005889244   0.0001509571
13 10   0.0002719831   0.0003352119  -0.0000252457   0.0001584793  -0.0000402762
13 11  -0.0000833576  -0.0000126743   0.0000235444   0.0000088627   0.0000901864
13 12  -0.0000040132  -0.0000077912   0.0000108799  -0.0000036988  -0.0000134348
14  1  -0.0240162425   0.1661173828  -0.0499727489  -0.0246194651  -0.1603592048
14  2   0.0503340801  -0.1470280555   0.0252825239  -0.1315646707   0.0823321298
14  3  -0.0732259439   0.0881119227  -0.1511762310  -0.1083081623   0.0864118240
14  4  -0.4331271119  -0.0244881761   0.1371860575   0.2912844604   0.0101240423
14  5   0.4300778443  -0.0853996526  -0.0181724501  -0.0030751103  -0.0003300021
14  6   0.0774082489  -0.0042112902   0.3302041961   0.0285248254   0.0028339230
14  7  -0.0009319010   0.0000963401   0.0000351529   0.0159602263   0.0001256414
14  8  -0.0060633175  -0.0001466454   0.0403315499  -0.0000494417  -0.3595594921
14  9  -0.0091303100   0.0242107390   0.0015582211   0.3015308156   0.0005093934
14 10   0.0009644413   0.0007779415  -0.0000757843   0.0004449980  -0.0001703202
14 11  -0.0002581410   0.0000358781   0.0001727628  -0.0001416282   0.0002284899
14 12  -0.0000307080  -0.0000556042   0.0000487483  -0.0000169339  -0.0000379808
15  1   0.0284203356   0.0704378359   0.3097168908   0.0131656935   0.0564231986
15  2  -0.0438650516   0.1545069759  -0.0442287600   0.0341569476   0.0189855286
15  3  -0.0013885458   0.0145845345  -0.0143810236   0.0090185202   0.0112594777
15  4   0.0576754781   0.0125309749   0.0128685888   0.1922323098  -0.0544852569
15  5   0.2527562306   0.0081805885  -0.0109060956  -0.0056612677  -0.0002318854
15  6   0.1275213045  -0.0064401873   0.5201647348   0.0424226743   0.0043054505
15  7  -0.0018319493  -0.0001995740  -0.0000623133   0.0507149607  -0.0000979815
15  8  -0.0111981524   0.0002953190  -0.0713427024   0.0003506192   0.4921909511
15  9   0.0089043723  -0.0307087488  -0.0023469057  -0.5209127130  -0.0005056024
15 10  -0.0006467366  -0.0005327918   0.0000400251  -0.0001774474   0.0000303775
15 11   0.0000349753  -0.0000064335  -0.0000171728   0.0000067598  -0.0000157725
15 12  -0.0000036789  -0.0000065812   0.0000056153  -0.0000025364  -0.0000021009
16  1   0.0514042688   0.0798173635  -0.0412295910   0.2427723572   0.2125290948
16  2   0.0240143009   0.0110066031   0.1871227902   0.2694456621  -0.0020705799
16  3  -0.2182484414   0.1785231224   0.0029461752  -0.0614102519  -0.0002398202
16  4  -0.1870699177   0.0071326636   0.1173962169   0.0023989090   0.0725689343
16  5   0.0179593191  -0.0306307165   0.0002343390   0.0029228374   0.0000108400
16  6  -0.0301799400   0.0013176874  -0.1109977354  -0.0073062217  -0.0004884193
16  7   0.0000822334   0.0000165232   0.0000025572   0.0042195456   0.0000333051
16  8  -0.0040478334  -0.0000055972  -0.0199781577   0.0000555453   0.1517978306
16  9   0.0013012625  -0.0096944398   0.0000951319   0.0266974623  -0.0001649023
16 10  -0.0002622027  -0.0002422539   0.0000195629  -0.0001026895   0.0000301487
16 11   0.0000432343  -0.0000013895  -0.0000221040   0.0000113398  -0.0000334512
16 12   0.0000028813   0.0000052408  -0.0000049684   0.0000016840   0.0000045108
17  1  -0.0380200757   0.1766659068   0.0037642158  -0.0241629069  -0.1594621972
17  2  -0.0026090532   0.0066871146  -0.0978796893  -0.1313986624   0.0010320270
17  3   0.0408824052  -0.1086702807  -0.0020242946  -0.0931759076   0.0021824555
17  4  -0.4791732678  -0.0142609832  -0.0457319797   0.0012232384  -0.0107350813
17  5  -0.0018019152  -0.0884446862   0.0001924997   0.0053484038   0.0000106848
17  6  -0.0753736005   0.0031949285  -0.2718346634  -0.0186536401  -0.0012599292
17  7   0.0000618989   0.0000076496  -0.0000009183   0.0116962723   0.0000331552
17  8  -0.0027518158  -0.0000005730  -0.0492826740   0.0001416983   0.3724283156
17  9   0.0037496738  -0.0239779132   0.0000000147   0.0122095071  -0.0004285530
17 10  -0.0007041128  -0.0005681039   0.0000496569  -0.0002670677   0.0000930997
17 11   0.0001260969  -0.0000167678  -0.0000842130   0.0000663358  -0.0000932202
17 12   0.0000118661   0.0000215364  -0.0000177459   0.0000065807   0.0000127090
18  1   0.0099915020   0.0645937164   0.3770319110   0.0383799308   0.0467939291
18  2  -0.0606896902   0.2514422928  -0.0918610253   0.0652359308   0.0229125129
18  3   0.0102803431  -0.0078505490   0.0016217763   0.0056460814   0.0050333907
18  4   0.0192076098   0.0402743696  -0.0075640942   0.0084992683   0.0010742150
18  5  -0.0200680742   0.0033804570   0.0029923282  -0.0003883117   0.0002001696
18  6   0.0032832969   0.0003898019   0.0118818665   0.0007858534   0.0000594935
18  7  -0.0000002761   0.0002459357   0.0000631196  -0.0005698503   0.0002020988
18  8   0.0003499044  -0.0002754724   0.0023759207  -0.0000820067  -0.0177199885
18  9  -0.0052974021   0.0011341209   0.0022737050   0.4946206256   0.0000462567
18 10   0.0000318862   0.0000401916  -0.0000010739   0.0000160541  -0.0000040141
18 11  -0.0000061373  -0.0000011508   0.0000021988  -0.0000012241   0.0000033741
18 12  -0.0000004261  -0.0000008260   0.0000006447  -0.0000003390  -0.0000004923
19  1  -0.0488729777   0.0320710943   0.1184582554   0.2679878956   0.1432862600
19  2   0.0947551191   0.0051156036   0.0932372073   0.0812095134   0.2672250316
19  3   0.0535848844  -0.2697780127  -0.3812395440   0.0081582947   0.2182616766
19  4  -0.2072423466  -0.0476760416  -0.3273642184  -0.1005767716  -0.1844360848
19  5  -0.2055677510  -0.0538533020   0.0053115266  -0.0053949835  -0.0000446113
19  6   0.0221804873  -0.0009552275   0.1016226694   0.0082738638   0.0007966382
19  7  -0.0003893871  -0.0000908060  -0.0000447801   0.0058255203  -0.0001098769
19  8   0.0111110432   0.0000780517   0.0200866572  -0.0000867316  -0.1753308548
19  9   0.0005599951   0.0113228514  -0.0007293668  -0.1555812388   0.0001827159
19 10   0.0003346002   0.0003801055  -0.0000298746   0.0001727053  -0.0000411796
19 11  -0.0000821727  -0.0000116160   0.0000236197   0.0000074262   0.0000891312
19 12  -0.0000035328  -0.0000069862   0.0000100438  -0.0000033675  -0.0000129024
20  1  -0.0271447191   0.1837801257   0.0481364126   0.0103826488  -0.1484511361
20  2  -0.0514571855   0.1554272683  -0.1222871279   0.0024628126  -0.0853116947
20  3  -0.0703217639   0.0764335494   0.1543913508  -0.1128527441  -0.0859786478
20  4  -0.4411402839   0.0253770348   0.1353745904  -0.2761262812   0.2068922211
20  5  -0.3597315617  -0.0840122112   0.0173858036  -0.0039804739   0.0003218364
20  6   0.0716793790  -0.0027412467   0.3063860467   0.0265780784   0.0026370550
20  7  -0.0008561268  -0.0001270831  -0.0000503563   0.0136961975  -0.0000653476
20  8  -0.0056692041   0.0001535127   0.0430960670  -0.0002104915  -0.3787616651
20  9   0.0015919546   0.0254000772  -0.0015431583  -0.3265751398   0.0004914398
20 10   0.0009844223   0.0007775910  -0.0000788833   0.0004431773  -0.0001687029
20 11  -0.0002529662   0.0000386376   0.0001720452  -0.0001428371   0.0002264615
20 12  -0.0000304244  -0.0000549090   0.0000481738  -0.0000165736  -0.0000377000
21  1   0.0361242264   0.0756426309   0.2909968898   0.0049655094   0.0623177496
21  2  -0.0494768081   0.1479356475  -0.0433765935   0.0333291986  -0.0054245303
21  3  -0.0019050148   0.0108929182   0.0186541536  -0.0038576611  -0.0074410040
21  4  -0.0131085692   0.0116039598   0.0134460987   0.2165706011  -0.0609494974
21  5   0.2885539371  -0.0000406817  -0.0119531465   0.0071633970  -0.0002364082
21  6  -0.1339727046   0.0053526197  -0.5477578553  -0.0447433086  -0.0045311732
21  7   0.0018914493  -0.0001471700  -0.0000193657  -0.0520544848  -0.0002832495
21  8   0.0102132579   0.0002530318   0.0673113672  -0.0000287213  -0.4569263727
21  9  -0.0013562627   0.0283865469  -0.0020866035  -0.4968966632   0.0004043500
21 10   0.0005658277   0.0004310138  -0.0000373192   0.0001295352  -0.0000142520
21 11  -0.0000082203   0.0000095507   0.0000050631  -0.0000043136  -0.0000078103
21 12   0.0000052473   0.0000096206  -0.0000088641   0.0000037612   0.0000052529
22  1  -0.0443751654   0.1625709665  -0.1766496620  -0.0939190476   0.2043982525
22  2  -0.0704232543   0.0473653268  -0.1534980735   0.0118229042   0.0011660935
22  3  -0.1994715001   0.0943118884  -0.2967657915   0.0904495342  -0.3063398400
22  4   0.0400432581   0.0606099389  -0.2987639554  -0.2139884728   0.2418372790
22  5   0.2454347533  -0.0578324885   0.0990604515   0.0325293461   0.0070339624
22  6  -0.1010483668   0.0357192824   0.0519583077  -0.2339250624  -0.0106817863
22  7  -0.0310245241   0.0058545215  -0.0051374557   0.0128190275  -0.0005107263
22  8   0.0190522838   0.0013372862   0.1999951452   0.0068816827   0.0263925072
22  9  -0.1346821790  -0.0319847214   0.0081541204  -0.0019755392   0.0015232383
22 10  -0.0086245578   0.0044071369   0.0004613533  -0.0000240462  -0.0033963640
22 11   0.0047191319  -0.0040184919  -0.0007987369   0.0057687708  -0.0015323927
22 12   0.0000090082   0.0000008581   0.0000217037  -0.0000191072  -0.0000392605
23  1   0.0365469348   0.1578255047  -0.0723855555   0.0585186073  -0.1356864793
23  2   0.0599015419   0.0358846531  -0.0374676176   0.0444625196   0.0721913875
23  3   0.0539350314   0.0193487683   0.0954053090   0.1671596394   0.0923734581
23  4  -0.0359740786   0.0241004400   0.0489203312  -0.2438524689  -0.0535988607
23  5   0.1515059891   0.0387261445  -0.3224061906  -0.2988649715  -0.0138917562
23  6   0.3119344461  -0.0854362523  -0.0970717866  -0.0481237811   0.0002695458
23  7   0.0174667861  -0.0036364406   0.0127775462  -0.0044126188  -0.0027947367
23  8  -0.0014522539  -0.0028302416   0.3374363652   0.0133402905   0.0477842334
23  9  -0.2406346551  -0.0538678447   0.0140182364  -0.0022221859   0.0033307539
23 10  -0.0061457946   0.0035206169  -0.0005126373   0.0008295623   0.0036010945
23 11  -0.0008321651   0.0021935315  -0.0023492180  -0.0023963451   0.0007301603
23 12   0.0000798753   0.0002307520  -0.0000036204   0.0001106171  -0.0001207961
24  1   0.1371430134   0.1111391244  -0.0661874538  -0.1303146168   0.1174440274
24  2   0.0268991295  -0.0120715665  -0.0600275895   0.0581906534   0.1254355079
24  3   0.0089170575   0.0022106130   0.0315994146   0.0149613617  -0.0128519892
24  4  -0.0040578966  -0.0340959717   0.0118154682   0.3249641551   0.0402839228
24  5  -0.2319836758  -0.0050636398   0.0415404825   0.0353801188   0.0002731947
24  6  -0.2950452993  -0.0038391530   0.0458629445   0.4441720860   0.0480312091
24  7  -0.0122556074   0.0003371158   0.0023964896   0.0827844083  -0.0032676500
24  8  -0.0042096114   0.0009464568   0.4060739595   0.0196125637   0.0486304799
24  9  -0.3621859571  -0.0608143914   0.0201442616  -0.0097986079   0.0038813885
24 10  -0.0068502353   0.0061242576  -0.0003333097   0.0013137081   0.0016393799
24 11  -0.0003540712   0.0009223273  -0.0017080760  -0.0011810924   0.0006414288
24 12  -0.0000733919   0.0000572053   0.0001321032   0.0000548500  -0.0001089213
25  1  -0.0174656465   0.0977680157  -0.0453872247   0.1174684330   0.1879044490
25  2   0.0085548261  -0.0011198217  -0.0228362991  -0.0314613853  -0.0141306655
25  3   0.1307269827  -0.1273474394  -0.0120045025  -0.0393737842   0.0230799006
25  4   0.1017117966   0.0422779926   0.1200037837   0.0019773615   0.1434901081
25  5   0.0336052201  -0.2303871375  -0.0014864428   0.0021436427   0.0000316269
25  6  -0.0200356054   0.0002839763   0.0397416083   0.0388787994   0.0058157737
25  7  -0.0020678048   0.0000094894   0.0000132358  -0.5133739134  -0.0037138327
25  8   0.7691098161  -0.0004246919   0.0357916840  -0.0001298099   0.0361346322
25  9  -0.0001545727  -0.0163592645   0.0001267436  -0.0005894744  -0.0006966692
25 10  -0.0030966150  -0.0000057683   0.0001502186  -0.0007886153   0.0003991022
25 11   0.0006635042  -0.0004560650  -0.0006310625   0.0009830011  -0.0003343179
25 12   0.0001121369   0.0001975764  -0.0001454544   0.0000545286   0.0000622648
26  1   0.0657832099   0.1630806356  -0.0311249313   0.1197620393  -0.1166945729
26  2   0.0101055664  -0.0017161388   0.0456191875   0.0618977019  -0.0025984641
26  3   0.0893986768  -0.4440273430  -0.0136005169  -0.0459414646   0.0117156721
26  4   0.3082938202   0.0291665496   0.1547104028   0.0028449552   0.3551440510
26  5   0.0893825358  -0.5705852208  -0.0021110753  -0.0258745187   0.0000898380
26  6  -0.0240604820   0.0004131098  -0.0181776079  -0.0240237090  -0.0029233285
26  7  -0.0020813066   0.0000814466  -0.0000338770   0.2091427126   0.0015280578
26  8  -0.3162922118   0.0001829600  -0.0193748467   0.0000799391  -0.0124507821
26  9  -0.0003577156   0.0067524204  -0.0000234760  -0.0001582634   0.0002893543
26 10   0.0012598162   0.0004305931  -0.0000846265   0.0004427273  -0.0001992248
26 11  -0.0003617896   0.0001096950   0.0002126642  -0.0002723623   0.0002427347
26 12  -0.0000321471  -0.0000520594   0.0000520872  -0.0000127960  -0.0000413173
27  1   0.1813291728   0.1705424645  -0.0727625267  -0.1523065751   0.1712529735
27  2  -0.1405901616  -0.0245413750  -0.0065497777   0.0056797953  -0.3287338837
27  3  -0.0037415744   0.0205667260  -0.1814498362   0.0108021762   0.4304105940
27  4  -0.0307016030   0.6201214760  -0.0371273862   0.0133631464  -0.0000663673
27  5  -0.0596729519   0.0204386561  -0.0227905284   0.0014833448  -0.0000721214
27  6   0.0017167161   0.0004579924  -0.0016887779  -0.0014838692  -0.0002420410
27  7   0.0001993496   0.0003033142  -0.0003231748   0.0218785430   0.0000969119
27  8  -0.0326198065   0.0001810535  -0.0013787563   0.0004640312  -0.0014328146
27  9  -0.0082013359   0.0006882629   0.0004061127  -0.0099379197   0.0000309265
27 10   0.0001358760  -0.0000121263  -0.0000063487   0.0000316676  -0.0000157924
27 11  -0.0000298361   0.0000233409   0.0000293035  -0.0000468814   0.0000144841
27 12  -0.0000050063  -0.0000087590   0.0000062704  -0.0000023828  -0.0000023593
28  1  -0.0750809690   0.0973467425  -0.0142324169   0.0560342506   0.1603271444
28  2   0.0151071241  -0.0088413600  -0.0476113955  -0.0786727063   0.0114671867
28  3   0.0239899794   0.1793721164   0.0120154390  -0.0373052738  -0.0160003430
28  4   0.1167091718   0.0417622245   0.0124303331  -0.0047354249  -0.1530378264
28  5  -0.0411882428  -0.2535520197  -0.0017040494  -0.0420103967   0.0001331993
28  6   0.0461979478  -0.0004413956  -0.0623983374  -0.0172861175   0.0064608920
28  7   0.0067214855  -0.0005054495  -0.0000996409   0.7564165963  -0.0007821939
28  8   0.4966763580  -0.0008510214  -0.0826204805  -0.0002720075  -0.0420511166
28  9  -0.0011577112  -0.0083285778   0.0006517468  -0.0005862899  -0.0002682486
28 10  -0.0019170798   0.0024802106   0.0001828595   0.0006906811   0.0004415196
28 11  -0.0004527872  -0.0008799569  -0.0008910913   0.0020159634   0.0008283650
28 12   0.0003998420   0.0007630883  -0.0004633180   0.0002411439   0.0000839056
29  1  -0.0557316922   0.1783704536   0.0062662256  -0.0501191296  -0.1672287350
29  2  -0.0011728110  -0.0032878866  -0.0294361439  -0.0441859289   0.0001867305
29  3  -0.1818875890   0.2935606543   0.0069407905  -0.1118913759  -0.0055178259
29  4   0.2583371791   0.0113559714  -0.0923414601  -0.0077727497  -0.3989345557
29  5  -0.1045347071  -0.6537824365  -0.0035833735  -0.0681869611   0.0002336956
29  6  -0.0089237792   0.0004612061   0.0059381665   0.0266355069  -0.0023371317
29  7  -0.0007486764   0.0002462583   0.0000577948  -0.3037315746   0.0003167322
29  8  -0.1946280051   0.0003218320   0.0333290360   0.0001201308   0.0205311594
29  9   0.0001816722   0.0038124735  -0.0002152619  -0.0001989973   0.0001466126
29 10   0.0013201919  -0.0006409889  -0.0000320819   0.0002663270  -0.0008619087
29 11  -0.0008918469   0.0000532407   0.0012143330  -0.0015370674   0.0006433647
29 12  -0.0001223183  -0.0002145266   0.0001391686  -0.0000866205  -0.0000802098
30  1  -0.0070897469   0.0169786767   0.2954912483   0.0259926212   0.0093085464
30  2   0.1169262492  -0.1858818648   0.1211622413  -0.1006554997   0.2384225676
30  3  -0.0011469126  -0.0191341648   0.1715795543  -0.0002198751  -0.3028801871
30  4  -0.0325763246   0.7496958932  -0.0361399735  -0.0402596523   0.0210693991
30  5  -0.0164045199   0.0224248469   0.0035583237   0.0034758261   0.0063034327
30  6  -0.0017130287   0.0050350447   0.0032066897   0.0001447812  -0.0002228933
30  7  -0.0002294798   0.0026847050   0.0005885952  -0.0331920043   0.0016644867
30  8  -0.0218228115  -0.0013111438   0.0037692016  -0.0003626001   0.0019612744
30  9  -0.0073724609   0.0003216483   0.0024080094  -0.0101773238  -0.0000040679
30 10   0.0000910501  -0.0001379789  -0.0000102921  -0.0000392393  -0.0000082453
30 11   0.0000419783   0.0000548937   0.0000351080  -0.0000957997  -0.0000528857
30 12  -0.0000221983  -0.0000436024   0.0000264681  -0.0000137435  -0.0000040424
31  1  -0.2370422769   0.1285506021   0.0006902486  -0.2076952232   0.0974415752
31  2  -0.0073519617   0.0153008747   0.0802793195   0.0878862181   0.0098729906
31  3   0.0094426770  -0.0897741173   0.0079252724  -0.0027637245   0.0109684215
31  4  -0.0118829814   0.0082710509   0.0873577590  -0.0098594001  -0.0671940229
31  5  -0.0088274250   0.0350536504   0.0101713015  -0.0967727248   0.0146709201
31  6  -0.1448343009   0.0027058637   0.0525195238  -0.1748121382   0.3075505104
31  7   0.1193860671  -0.0083244395   0.0057926062  -0.0166564888  -0.0046123314
31  8  -0.0207510462  -0.0077582277  -0.1094006100   0.0043380016  -0.0814879934
31  9  -0.0013623013  -0.3885867923  -0.0050692073   0.0002824861  -0.0033279141
31 10   0.1034453394   0.0609346648  -0.0123879079   0.0041624549   0.0269709272
31 11   0.0445327362   0.1065203746  -0.0286831213  -0.0364577173   0.1420929853
31 12  -0.0452598773   0.0430908366   0.0450823239   0.0315479006  -0.0175012371
32  1   0.0243331362   0.1672475423  -0.0242693520   0.0594227096  -0.1347344198
32  2   0.0124217530   0.0077685746   0.0185648797   0.0131773701   0.0031881793
32  3   0.0729379701   0.0386629059   0.0065260802   0.2924753837  -0.0023091879
32  4  -0.0789882412   0.0066053380   0.1126256592  -0.0041278498  -0.1011892889
32  5  -0.0229312833  -0.0783691016   0.0113747018   0.2293539444   0.0069497803
32  6  -0.1513909861   0.0018101445   0.0627988553  -0.1527506420  -0.0551014937
32  7   0.1899955014  -0.0063429520   0.0028677535  -0.0051775555  -0.0022514555
32  8  -0.0021461216  -0.0036111398  -0.0314868484   0.0022690553  -0.0155702565
32  9   0.0003792880  -0.0683109138  -0.0009341460   0.0000140301   0.0762678796
32 10  -0.0515236848   0.0422887159  -0.0123441018   0.0454018502  -0.0091844059
32 11  -0.2522277769  -0.0377616317  -0.1250689878  -0.3202420427  -0.1778147841
32 12  -0.0083025830   0.0075476827   0.0074251163   0.0033780432  -0.0010591873
33  1   0.1346343852   0.0750842961  -0.1772895350  -0.1567601996   0.0922693684
33  2   0.1860481966   0.2596940672   0.1434326586  -0.1324752278   0.1170689617
33  3  -0.0053731545   0.0026473415   0.1476965123  -0.0052579076   0.1608890810
33  4   0.0019935591   0.0224743415  -0.0077592745  -0.1585444855  -0.0246809101
33  5   0.1342424715  -0.0016064762   0.2072121733  -0.0090670250   0.2191021230
33  6   0.0165351450   0.0260985470  -0.0045193006   0.0136497608  -0.0185169580
33  7  -0.0205630624  -0.0984443508   0.0839435147   0.0021710000  -0.0739158177
33  8  -0.0035794388  -0.1125724316   0.0085414205   0.0777790445   0.0051385373
33  9   0.0259430452   0.0281285628  -0.0178258414   0.0012988815  -0.0020440278
33 10  -0.0052957554  -0.0053744457   0.0012067959  -0.0016625493  -0.0015145313
33 11   0.0048164980  -0.0059088843   0.0057656021   0.0122835549  -0.0039211196
33 12   0.0032428807  -0.0030753140  -0.0032063339  -0.0021864071   0.0011882986
34  1  -0.2772185119   0.1319665134   0.0140931889  -0.2609611784   0.0798878409
34  2  -0.0074650280   0.0166075217   0.1189050205   0.1329740594  -0.0015610220
34  3   0.1042797131  -0.0184281766  -0.0043033725  -0.1521237263   0.0012523960
34  4   0.0289745113   0.0008845946  -0.0339678121  -0.0006590084   0.0362359477
34  5   0.0105702477   0.0687771905   0.0015075117  -0.1966424165  -0.0121510799
34  6  -0.0922997176  -0.0088581875   0.0274093397  -0.0158150163  -0.0255347565
34  7   0.1539179789   0.0083894569   0.0009488219   0.0044916131  -0.0050793998
34  8   0.0031988447   0.0023890371   0.0227794118  -0.0074705682   0.0087847347
34  9  -0.0026456674   0.0369046437  -0.0003027269   0.0000298018  -0.1306954400
34 10  -0.0137670525  -0.0199078088  -0.0493518361   0.0372212016   0.0864737182
34 11  -0.1744936350  -0.0826008572   0.1376581645   0.1147659891  -0.3070161929
34 12   0.0149108238  -0.0089327983   0.0029340970   0.0170043276  -0.0173675623
35  1  -0.0080002665   0.1712300903  -0.0148030775   0.0140239594  -0.1482465201
35  2   0.0099253698   0.0081508069   0.0492210518   0.0520134276  -0.0012424722
35  3   0.1511166129   0.0971812613   0.0013662581   0.1778867879  -0.0056154139
35  4  -0.0486966203   0.0005196759   0.0175795951  -0.0000120447  -0.0220737364
35  5  -0.0056090893  -0.0608582767   0.0079027201   0.1921739294  -0.0054412266
35  6  -0.0804305926  -0.0038953649   0.0361313383  -0.0279979000  -0.3523656013
35  7   0.1996660992   0.0013161793   0.0006601468   0.0092086662  -0.0023746798
35  8   0.0132319125   0.0011443580   0.0710825713  -0.0034518619   0.0240407654
35  9  -0.0004400479   0.0663748018   0.0001298092   0.0000519808  -0.1951948751
35 10   0.0842316366   0.1141792173   0.0115542344  -0.0106169922  -0.0034027517
35 11   0.0605173802   0.1234102551  -0.0106943601   0.1391164487   0.1270221742
35 12   0.0391763370  -0.0203256097   0.0166276793   0.0509079864  -0.0427823451
36  1   0.0866831573   0.0289683766  -0.1075674509  -0.1173457118   0.0462942952
36  2   0.2837952022   0.2898314740   0.2048854558  -0.1906965145  -0.0927898491
36  3  -0.0077265616  -0.0008163173  -0.0583174273   0.0038666992  -0.0465785598
36  4  -0.0011430686   0.0314755289  -0.0001417508  -0.0099415332  -0.0049113804
36  5   0.0134519449  -0.0034861499   0.1024237368   0.0024506980  -0.1833836810
36  6  -0.0032896219  -0.1577236286  -0.0079392404   0.0062832378   0.0122421523
36  7  -0.0064102261   0.1659768028   0.0105636675   0.0011609366  -0.0745189310
36  8  -0.0044324034   0.0354379776  -0.0046788387  -0.1132327679   0.0000447416
36  9  -0.0429711826  -0.0031546431  -0.0029682393  -0.0004564054   0.0148213751
36 10  -0.0016939545  -0.0021436711   0.0029577877  -0.0021432960  -0.0056737720
36 11   0.0098060660   0.0016947288  -0.0088401075  -0.0118945084   0.0165379876
36 12  -0.0021887664   0.0012156049  -0.0007044255  -0.0026898447   0.0024649938
37  1  -0.2740342721   0.1267055678   0.0242254252  -0.2427135279   0.0790239748
37  2  -0.0011577495   0.0035963481   0.0995326011   0.1320340012  -0.0146392094
37  3   0.0839247769  -0.0337266537  -0.0139179302  -0.1236386320  -0.0082763986
37  4   0.0216528090  -0.0000342645  -0.0107159056   0.0092322076   0.0202275068
37  5  -0.0026776983   0.0669895506  -0.0201477078  -0.1978412147  -0.0017222666
37  6  -0.1172265679   0.0161190683   0.0368773895  -0.0129752102  -0.1123021403
37  7   0.2001128830  -0.0095635387   0.0082366815   0.0107679863   0.0010797989
37  8   0.0156952577   0.0067035501   0.0646865315   0.0063498115   0.0521677069
37  9   0.0061388152   0.2445632082   0.0054900175  -0.0002694613   0.0937447260
37 10  -0.0522506690   0.0439580094   0.0510410168   0.0118652014  -0.0060755504
37 11   0.1933938919  -0.1085529654  -0.0528970433  -0.2407163410   0.1968291881
37 12   0.0242055951   0.0059878863   0.0333521987  -0.0025015561   0.0376516253
38  1  -0.0576121889   0.1777476715   0.0020103624  -0.0547076576  -0.1686681260
38  2   0.0037038559   0.0010638307   0.0870281974   0.1181976356  -0.0040018689
38  3   0.2664435175   0.1827884186  -0.0012725403   0.0101565768  -0.0052067145
38  4  -0.0033278869  -0.0099412656  -0.1215216208   0.0036259944   0.0915785206
38  5   0.0208730358  -0.0432019390  -0.0012294231   0.1811535402  -0.0010561674
38  6   0.1648891870   0.0044400148  -0.0547826397   0.1179015781  -0.0898031046
38  7  -0.2324289482   0.0013352898   0.0032171546  -0.0130468737   0.0007333669
38  8  -0.0229214660   0.0028915872  -0.1175795530   0.0021041564  -0.0719905808
38  9  -0.0013158288  -0.2988583204  -0.0023712795   0.0002108472  -0.1126019242
38 10  -0.0545715491  -0.0332744811   0.0388876205  -0.0028297925   0.0036761345
38 11   0.1605984964  -0.0889551890   0.0835613105  -0.2643586868  -0.0231085501
38 12  -0.0288938820  -0.0056535870  -0.0394466818  -0.0031543780  -0.0444107244
39  1   0.0074076913  -0.0276748687   0.0745471990  -0.0355767630  -0.0164499553
39  2   0.3556636509   0.0916935987   0.0294557606  -0.0393676486  -0.2806593364
39  3  -0.0045292383  -0.0011057491  -0.1981631884   0.0044178149  -0.1784556389
39  4  -0.0007527584  -0.0052979112   0.0021021875   0.1354494554   0.0236547759
39  5  -0.1123028292  -0.0013100000  -0.2198089348   0.0167814640  -0.0286040021
39  6   0.0170099114   0.2098141622   0.0063323490  -0.0085375610   0.0103542496
39  7  -0.0129126628  -0.0896869897   0.1182197433  -0.0000657907   0.0174493012
39  8   0.0017796585   0.0987042070  -0.0003228721   0.0876734008  -0.0032281266
39  9   0.0612212522  -0.0105371560   0.0390629509  -0.0009077771  -0.0031181284
39 10   0.0050947545  -0.0019429521  -0.0045717048  -0.0006806456   0.0003013468
39 11  -0.0178313187   0.0099522646   0.0009916359   0.0240887742  -0.0124512665
39 12  -0.0007433364  -0.0002276986  -0.0010369872   0.0002643281  -0.0011718723
40  1  -0.2307760269   0.1180851404   0.0208817355  -0.1714696347   0.0956907503
40  2   0.0052020561  -0.0104861896   0.0415367686   0.0851508927  -0.0146499077
40  3  -0.0282712830  -0.1048362700  -0.0067788192   0.0489069067  -0.0024052545
40  4  -0.0237855196   0.0060848205   0.1056402634   0.0012199689  -0.0755451882
40  5  -0.0205443871   0.0183869048  -0.0001347308  -0.0465402371   0.0147357308
40  6  -0.0536129856  -0.0080827491   0.0176594656   0.0167846315  -0.3437345015
40  7  -0.2621175286   0.0146386656  -0.0009019433   0.0106336560   0.0058198378
40  8   0.0120207413  -0.0027639812   0.0020739479  -0.0005633205  -0.0112819719
40  9  -0.0040619396  -0.0770966271  -0.0074552347   0.0002803951   0.2018888231
40 10   0.0835420286  -0.1116746516   0.0059208198   0.0265834339   0.0007670169
40 11   0.0390758705   0.0999452471  -0.0265342505   0.0591508980  -0.1606812256
40 12  -0.0262434408  -0.0262910267  -0.0235339953   0.0567957398   0.0462012159
41  1  -0.0749264643   0.1802806436   0.0093316255  -0.0781054705  -0.1755975194
41  2   0.0000139651  -0.0061620379   0.0949991441   0.1458375496  -0.0015918704
41  3   0.3057471514   0.2085968348   0.0030470606  -0.0502749448   0.0011534038
41  4   0.0131639857  -0.0130875189  -0.1625555003  -0.0006105893   0.1226797217
41  5   0.0328653947  -0.0282831466   0.0056900870   0.1372197923   0.0063698092
41  6   0.1418870988  -0.0053268455  -0.0481331749   0.0839942392   0.0398494816
41  7  -0.1044239230   0.0064797219  -0.0003057512  -0.0100155802   0.0027014399
41  8  -0.0106729338  -0.0012876408  -0.0286730302  -0.0001779030  -0.0050448800
41  9  -0.0019858830  -0.0088749257  -0.0029549755   0.0000734836   0.1106321909
41 10   0.0042806102   0.0313002788  -0.0298434884  -0.0528499274   0.0795742386
41 11  -0.1821016677  -0.1084646421  -0.1443397150   0.2751552564   0.1990095685
41 12  -0.0054565342  -0.0071229786  -0.0005701212   0.0085647303   0.0098937705
42  1  -0.0239644919  -0.0382793003   0.1869037546   0.0067908423  -0.0332860801
42  2   0.3300247472  -0.1340845518  -0.2017320733   0.1649889388  -0.2359325419
42  3  -0.0001267419   0.0001227722  -0.0709357562  -0.0017429115  -0.0209605158
42  4   0.0015759375  -0.0238929643  -0.0006933879   0.0055531017   0.0020654589
42  5   0.0001086936   0.0003206479   0.0359901286  -0.0030167478   0.2183050478
42  6  -0.0080262090  -0.1246854873  -0.0042351575   0.0000256423   0.0214463691
42  7   0.0299277982   0.1520211548  -0.0050273491  -0.0011736583   0.0882183995
42  8   0.0052464696  -0.0416164351   0.0013663868  -0.0073703146   0.0029430779
42  9  -0.0629077144   0.0114581479  -0.1070922437   0.0048545361  -0.0161469136
42 10  -0.0056194111   0.0067399668   0.0004891070  -0.0001308041  -0.0024485774
42 11   0.0028793314  -0.0033524312   0.0061431902  -0.0122923171   0.0046559698
42 12   0.0019154790   0.0019699285   0.0015835761  -0.0040422626  -0.0033770712
43  1  -0.1905734561   0.1146550905   0.0074967035  -0.1181353174   0.1132506137
43  2   0.0053302152  -0.0117527505   0.0034291474   0.0403382684  -0.0029667679
43  3  -0.1199639831  -0.1704410794   0.0055617819   0.1952222873   0.0069874928
43  4  -0.0637603105   0.0141598017   0.2136065856  -0.0092907190  -0.1645307164
43  5  -0.0346874467  -0.0162616883   0.0169854737   0.0584825124  -0.0126660607
43  6  -0.0705465913  -0.0020127753   0.0289316226  -0.1109904865   0.0120092783
43  7  -0.2590132297  -0.0022952451   0.0045259806   0.0126114899   0.0030450683
43  8   0.0118159705  -0.0042302638   0.0752140105  -0.0031721212   0.0331441269
43  9   0.0029136848   0.1424779414   0.0091292084  -0.0005470493  -0.0714132852
43 10  -0.0379271916  -0.0615741849   0.0017322343  -0.0648718860   0.0219437475
43 11  -0.2188968632   0.0048417962   0.1372074630  -0.1120520322   0.3045569969
43 12   0.0109070239   0.0215695025  -0.0144219452   0.0062032370   0.0017447234
44  1  -0.0429118490   0.1763371054  -0.0000427559  -0.0331549071  -0.1622188357
44  2   0.0024872385  -0.0064859999   0.0649912895   0.1075223891   0.0028191477
44  3   0.2270606599   0.1455837134   0.0080192935   0.0742985083   0.0039628007
44  4  -0.0214708457  -0.0057545690  -0.0579306625  -0.0050987629   0.0356305020
44  5   0.0139506542  -0.0516596981   0.0134915698   0.1949314548  -0.0061114712
44  6   0.0687454297  -0.0023822336  -0.0182455047  -0.0715730478   0.3200877227
44  7  -0.0990056373  -0.0013895248   0.0021761054   0.0093463315   0.0013261202
44  8   0.0180289769  -0.0017502441   0.1431159193  -0.0009340112   0.0846400165
44  9   0.0041497082   0.3585700551   0.0073445491  -0.0004303429   0.0026210772
44 10   0.0990041724  -0.0623092082  -0.0100564950   0.0281493668   0.0207679071
44 11   0.1031513149   0.1061943649  -0.0005057233  -0.1070576198  -0.1518128359
44 12   0.0294462734   0.0609211074  -0.0418109056   0.0234465557   0.0100924103
45  1   0.0234768252   0.0074674896   0.1183367103  -0.0321017575   0.0122821698
45  2   0.2327619524  -0.1634140756  -0.2590330829   0.2194647641  -0.0232727826
45  3   0.0018163740   0.0031067391   0.1340680966  -0.0107373008   0.1788103559
45  4   0.0041123835  -0.0063742728  -0.0084259878  -0.1603682963  -0.0233678462
45  5   0.1389623312   0.0011959229   0.2630035913  -0.0210368712  -0.1926286864
45  6  -0.0017701011  -0.0180432360  -0.0007773398   0.0084509052  -0.0110457939
45  7   0.0131739182  -0.1026582035   0.0768919620  -0.0036753105   0.0485183135
45  8  -0.0010840367  -0.0659300182  -0.0104639333  -0.0521625822  -0.0057569593
45  9   0.0259278810  -0.0257485163   0.1199505135  -0.0080025357   0.0038753773
45 10  -0.0005657855   0.0054315636   0.0001459800   0.0033444639  -0.0020183726
45 11   0.0113980685  -0.0035065434  -0.0090854481   0.0106245631  -0.0155840451
45 12  -0.0016148308  -0.0032721911   0.0022212438  -0.0011199281  -0.0004219586
46  1  -0.2388794972   0.1325374384  -0.0072900763  -0.2208977554   0.0983699541
46  2  -0.0121919016   0.0251922185   0.0944192471   0.0885419099   0.0181737093
46  3   0.0247722807  -0.0790073695   0.0112638951  -0.0279475487   0.0138421987
46  4  -0.0053776914   0.0085274725   0.0689298296  -0.0133533414  -0.0524276224
46  5  -0.0018039695   0.0427132344   0.0151480621  -0.1269452279   0.0323680153
46  6  -0.1634600590  -0.0162908652   0.0575127525  -0.1703054648   0.2788648285
46  7   0.1691153458  -0.0382706465  -0.0096882566  -0.0115530500   0.0328637540
46  8  -0.0142815694   0.0411144165  -0.0813136741  -0.0316005863  -0.0800041780
46  9  -0.0157993703  -0.4031587227  -0.0010234902   0.0000415275  -0.0711229397
46 10   0.1817940332  -0.0193368764   0.0222276707  -0.0634033928  -0.0600318249
46 11  -0.0741435324   0.0776856865  -0.1280300861  -0.1571919853   0.0854429715
46 12   0.5341937372  -0.5079723089  -0.5114188465  -0.3474476877   0.1848103626
47  1   0.0633032979   0.1621375163  -0.0374226768   0.1134331282  -0.1186859575
47  2   0.0172527167   0.0130195418  -0.0129196275  -0.0400159238   0.0042803843
47  3  -0.0228927989  -0.0245480475   0.0066322956   0.4501298683  -0.0056792104
47  4  -0.1206897347   0.0141457674   0.2214766170  -0.0052122971  -0.1926986769
47  5  -0.0460141221  -0.1324467258   0.0181422225   0.4269594140   0.0149883934
47  6  -0.0330990147  -0.0100687443   0.0251466455  -0.1624731365   0.1044722624
47  7  -0.0956949064  -0.0148907501  -0.0047037742  -0.0374139738   0.0154175338
47  8  -0.0310139840   0.0187169138  -0.1820272163  -0.0143728629  -0.0316846871
47  9  -0.0072685468  -0.0500875976   0.0031972024  -0.0005324677   0.4308036141
47 10  -0.4721267096   0.5851846927  -0.2206458093   0.4411318702   0.5135644884
47 11   0.4608059060   0.2303204575   0.4005911482   0.3795443595   0.2381571375
47 12   0.0910511165  -0.0869223952  -0.0860334790  -0.0565658204   0.0285873889
48  1   0.1968468805   0.1197340363  -0.3195304808  -0.2207615507   0.1416429033
48  2   0.1287410350   0.4110756066   0.2720703971  -0.2431086319   0.2366456060
48  3  -0.0067331171   0.0040726402   0.1948551677  -0.0077021248   0.1938931640
48  4   0.0022655161   0.0441489911  -0.0108448290  -0.2100922436  -0.0332478222
48  5   0.1783546451  -0.0010878387   0.2918323427  -0.0179100908   0.4868248735
48  6  -0.0039040841  -0.2684613145  -0.0146825829   0.0230280684  -0.0208463798
48  7  -0.0375326820  -0.5385027209  -0.1516648716  -0.0069775449   0.4942493806
48  8   0.0327548865   0.6270597306   0.0087542699  -0.4660573189   0.0116099898
48  9  -0.1936116968   0.0293878637   0.0505192781  -0.0034582628  -0.0083356557
48 10   0.0022804229  -0.0169046396   0.0050186915  -0.0093743421  -0.0114049144
48 11  -0.0098849069  -0.0121575354  -0.0038882352  -0.0015619945  -0.0130509976
48 12  -0.0380528131   0.0362037434   0.0363967697   0.0246749824  -0.0130774905
49  1  -0.3108861374   0.1386901503   0.0166632329  -0.3164503671   0.0669227050
49  2  -0.0124330146   0.0276125967   0.1633323877   0.1685061454  -0.0013333220
49  3   0.1922789332   0.0498970453  -0.0086553506  -0.2836712075  -0.0018866042
49  4   0.0652207917  -0.0045755850  -0.1473935858   0.0015177560   0.1302246079
49  5   0.0336616089   0.0852652823   0.0047188458  -0.2146631964  -0.0285365484
49  6   0.0963450512  -0.0346337310  -0.0463772416   0.1824645593  -0.1837830412
49  7  -0.1983656376  -0.0056354387  -0.0411402918  -0.0001627517   0.0320448085
49  8  -0.0046927616  -0.0125956350  -0.0409508827   0.0425598385  -0.0043176407
49  9   0.0178965718   0.0618513216   0.0029797224   0.0003186457  -0.4749677974
49 10  -0.3451289645  -0.3065953838  -0.5289254838   0.3329072053  -0.4008453457
49 11  -0.0555931491   0.4003271263  -0.4039748533   0.0052143302   0.3594483457
49 12  -0.1733371079   0.0912806212  -0.0624543825  -0.2055804104   0.1752738977
50  1   0.0055401011   0.1692490521  -0.0205294923   0.0323214881  -0.1428276193
50  2   0.0128119665   0.0138033299   0.0429615380   0.0304086253  -0.0029989367
50  3   0.1189834558   0.0724139924  -0.0017214327   0.2263073460  -0.0099418984
50  4  -0.0623344025   0.0042613232   0.0589117340   0.0014766133  -0.0560593638
50  5  -0.0157024975  -0.0678913006   0.0091575901   0.2001562740  -0.0127650836
50  6  -0.1490741465  -0.0143848513   0.0623716814  -0.1008698708  -0.2924598361
50  7   0.3298396891  -0.0101826146  -0.0181391856   0.0103150119   0.0148243044
50  8   0.0165362505  -0.0059589305   0.0940182900   0.0193983830   0.0244757691
50  9   0.0099452355   0.0369227051   0.0024968536  -0.0000065551  -0.0833757812
50 10   0.2120646925   0.2233107071   0.1857620004  -0.1184766511   0.1792255617
50 11   0.0163672231  -0.0334683231   0.1976673382   0.2020309672  -0.1178185422
50 12  -0.4761231239   0.2472502390  -0.1827836354  -0.5721383301   0.4765943498
51  1   0.1112030715   0.0372940330  -0.1952555725  -0.1504277256   0.0594784299
51  2   0.3036627131   0.4661770493   0.3851722559  -0.3499416361  -0.1233596552
51  3  -0.0112299255  -0.0025749087  -0.1436776046   0.0088692863  -0.1462227814
51  4  -0.0034944104   0.0638994594   0.0030450993   0.0316663475  -0.0027090719
51  5  -0.0178410025  -0.0047593620   0.1461352852   0.0002984256  -0.4259447629
51  6  -0.0385427676  -0.5197648509  -0.0165170737   0.0080645921   0.0215196940
51  7   0.0016559143  -0.1365250667  -0.6123650607  -0.0109853739   0.4857999501
51  8   0.0250755841  -0.1935396674   0.0050795227   0.6371796034  -0.0091666886
51  9   0.2858798103  -0.0146514610   0.0665040113   0.0000744304   0.0332312862
51 10   0.0163512913   0.0134221583   0.0294912964  -0.0184763021   0.0211853118
51 11   0.0031563340  -0.0255497291   0.0208261069  -0.0065004459  -0.0203582134
51 12   0.0260844024  -0.0136364050   0.0097456268   0.0311620276  -0.0262307135
52  1  -0.3053148936   0.1293044807   0.0347968454  -0.2840151008   0.0653294823
52  2  -0.0011692138   0.0043669411   0.1288030966   0.1669588998  -0.0249286142
52  3   0.1533301166   0.0139584121  -0.0268413854  -0.2284374791  -0.0202701780
52  4   0.0499191393  -0.0051069000  -0.0879610684   0.0210696317   0.0840755609
52  5   0.0034699330   0.0863771832  -0.0421523839  -0.2461271232  -0.0054638917
52  6  -0.0544011227   0.0232826277   0.0118762778   0.0000897301   0.2193145814
52  7   0.2173556160  -0.0445707700  -0.0332635764  -0.0079598753  -0.0080992829
52  8  -0.0116198280  -0.0367608766  -0.0338360570  -0.0339860273   0.0328102500
52  9  -0.0243909102   0.2531196590  -0.0132925728   0.0002397891   0.1115126144
52 10  -0.4061807298   0.0564473518   0.5337295689   0.0502510167  -0.1526373542
52 11  -0.3094742470   0.4992491327  -0.1055256964   0.3655607070  -0.0267341317
52 12  -0.2911682313  -0.0605755768  -0.3913344227  -0.0017501235  -0.4138152338
53  1  -0.0829863072   0.1808804513   0.0094808809  -0.0903180918  -0.1792662749
53  2   0.0017011932   0.0011602217   0.1105271278   0.1486332540  -0.0079479613
53  3   0.3248310217   0.2231410899  -0.0067818098  -0.0782515650  -0.0095640823
53  4   0.0203795327  -0.0142021436  -0.1867105819   0.0087939568   0.1443869168
53  5   0.0300981005  -0.0275745421  -0.0114517250   0.1400075413  -0.0027875017
53  6   0.2173975236   0.0075046176  -0.0754463471   0.1285940271   0.1906264539
53  7  -0.2112356637  -0.0146929939  -0.0155252732  -0.0293126487  -0.0033108584
53  8  -0.0472458042  -0.0168660163  -0.2021837260  -0.0162285602  -0.0917011451
53  9  -0.0159764570  -0.3055944158  -0.0110163837   0.0004293949  -0.1225894652
53 10  -0.3546851551  -0.0176597167   0.4464332982   0.0282550676  -0.1187810946
53 11  -0.2651424978   0.4260274163   0.0667014586   0.2439164347  -0.2346523441
53 12   0.3452310895   0.0689234850   0.4646859644   0.0096316252   0.4907792950
54  1  -0.0302445754  -0.0637979800   0.1295946542  -0.0045531176  -0.0524909231
54  2   0.4320134848   0.1130556178   0.0727169431  -0.0803494874  -0.4618312045
54  3  -0.0051508854  -0.0022984529  -0.4043795453   0.0093749479  -0.3990778541
54  4  -0.0025696300  -0.0059428589   0.0055327799   0.3195811413   0.0561244971
54  5  -0.2687427866  -0.0007725132  -0.5384533189   0.0341075110  -0.0831879354
54  6   0.0201544161   0.3242136059   0.0116640939  -0.0101918410  -0.0194242773
54  7  -0.0403102142  -0.6105327081  -0.5035105818  -0.0016996004  -0.1237159235
54  8  -0.0126626129  -0.5486346093   0.0059700167  -0.5140672628   0.0121120434
54  9  -0.3694277928   0.0120160663  -0.2446105286   0.0079334001  -0.0018996782
54 10   0.0381924220  -0.0031431028  -0.0493217006  -0.0043097979   0.0137399850
54 11   0.0288397845  -0.0463649879   0.0050636428  -0.0319618976   0.0089404300
54 12   0.0090129213   0.0019580381   0.0121026828  -0.0001673955   0.0128141389
55  1  -0.2284404140   0.1139997162   0.0288218972  -0.1574483322   0.0949547251
55  2   0.0101143470  -0.0204712198   0.0265881520   0.0840468748  -0.0245880325
55  3  -0.0449334525  -0.1164515085  -0.0135270515   0.0751623331  -0.0088882197
55  4  -0.0305896591   0.0068210891   0.1248734456   0.0052995115  -0.0906207498
55  5  -0.0279200909   0.0119359476  -0.0019573068  -0.0215581864   0.0325104983
55  6  -0.0471969979  -0.0306392143   0.0145210140   0.0045773840  -0.3087242691
55  7  -0.3358884594  -0.0007344876  -0.0360651316   0.0096195205  -0.0385094384
55  8   0.0094164512   0.0152544474   0.0139609283   0.0058370083  -0.0064845584
55  9   0.0260272437  -0.0599978584   0.0394061395  -0.0017356943   0.1411133576
55 10   0.1219217943  -0.1793744637   0.0645715170   0.1269877779   0.0797506851
55 11   0.0116125204   0.0215201251  -0.1396195708   0.1669906901  -0.0883369369
55 12   0.3202703648   0.3198428616   0.2702057454  -0.6453059889  -0.5155381564
56  1  -0.1137611000   0.1853803912   0.0224813568  -0.1319109736  -0.1915844391
56  2  -0.0048442370  -0.0115126042   0.1261921011   0.1991575036  -0.0033857795
56  3   0.4017840243   0.2727228882   0.0013527776  -0.1991824615   0.0025399579
56  4   0.0523596036  -0.0200809750  -0.2687670613   0.0006487362   0.2107966898
56  5   0.0549978046   0.0137895832   0.0017857954  -0.0048383732   0.0146245080
56  6   0.0835007346  -0.0132123603  -0.0324869050   0.1452222094  -0.1460432456
56  7   0.2909360343  -0.0080698026  -0.0155680224  -0.0011521623  -0.0176025981
56  8  -0.0056777486   0.0069477401  -0.0750335524   0.0029657621  -0.0147269516
56  9   0.0117688633  -0.0230454081   0.0196764965  -0.0010443021   0.5253240220
56 10  -0.1726669738   0.3848813434  -0.3627058769  -0.6121575076  -0.3564646942
56 11  -0.0253822887   0.4309525507   0.4320241290  -0.2462116717  -0.2914511247
56 12   0.0564655321   0.0576941334   0.0439235528  -0.1116756481  -0.0930847125
57  1  -0.0860050115  -0.0826542654   0.3292677321   0.0707435218  -0.0824206960
57  2   0.3864805236  -0.2858794934  -0.3338429482   0.2789744003  -0.3784871647
57  3   0.0024257390   0.0000123100  -0.1687970055  -0.0007290785  -0.1077487252
57  4   0.0011975102  -0.0313571008   0.0002574782   0.0652991742   0.0125756337
57  5  -0.0470811950   0.0004986116   0.0011467310   0.0001078370   0.4857918039
57  6  -0.0259871179  -0.4578454409  -0.0173544095   0.0105647494   0.0259395762
57  7   0.0142854608  -0.0976493561  -0.5310389740   0.0066053102  -0.5773477590
57  8  -0.0358230707   0.2287272638  -0.0016429404   0.0886961839  -0.0112284866
57  9   0.3865906352  -0.0293566025   0.5970038145  -0.0256773043  -0.0290908155
57 10  -0.0031292907  -0.0011970505   0.0068786149   0.0101256541   0.0055231988
57 11   0.0004578219  -0.0144636376  -0.0038553216  -0.0036986134   0.0146243977
57 12  -0.0230444236  -0.0230592256  -0.0193189820   0.0463562160   0.0371588663
58  1  -0.1564926825   0.1079781926   0.0046051821  -0.0623284746   0.1264332576
58  2   0.0101960385  -0.0219893603  -0.0386266521   0.0051864059  -0.0035592779
58  3  -0.1962220988  -0.2297439039   0.0062017233   0.3132719800   0.0045497558
58  4  -0.0976273583   0.0257127831   0.3312094386  -0.0132926510  -0.2703986879
58  5  -0.0588091485  -0.0394252711   0.0269861315   0.0334454135  -0.0267578925
58  6  -0.2907097825  -0.0198678923   0.1105418844  -0.2687884494   0.1439451681
58  7  -0.0206010834  -0.0298848446  -0.0057144599   0.0173195010  -0.0256037445
58  8  -0.0170546330   0.0285736444   0.0042629427   0.0180799298   0.0025015721
58  9  -0.0138408822   0.1457462303  -0.0496663055   0.0039798563  -0.3042666553
58 10  -0.3766460627  -0.3979904721  -0.0704124916  -0.4852991158   0.5415925340
58 11   0.5489905287   0.2010388758  -0.4928188325   0.0355750805  -0.4632578923
58 12  -0.1218463025  -0.2467797426   0.1646769017  -0.0838326302  -0.0315567841
59  1  -0.0557743083   0.1782250677   0.0054313122  -0.0505224336  -0.1673617646
59  2  -0.0002907287  -0.0116221458   0.0707799876   0.1267525320   0.0040844284
59  3   0.2524028133   0.1658235796   0.0093289121   0.0345404524   0.0055768718
59  4  -0.0085057599  -0.0072167424  -0.0990648817  -0.0071030867   0.0716880946
59  5   0.0253228791  -0.0446701243   0.0190902461   0.2003560465  -0.0126271291
59  6   0.1489721490  -0.0126232201  -0.0510547431  -0.0183856919   0.2772168554
59  7  -0.1904359949  -0.0105377156  -0.0026329366   0.0221222274  -0.0116097950
59  8   0.0462395078   0.0128398367   0.1807430500   0.0084345133   0.1034535387
59  9  -0.0004682811   0.3854770056  -0.0175786846   0.0013334868   0.0897431201
59 10   0.2296434441   0.0450455008   0.0152888365   0.1815241743  -0.1632370797
59 11  -0.1645151666   0.0571760599   0.2362453874  -0.1870369793   0.1081079625
59 12  -0.3390209243  -0.6922031182   0.4609476378  -0.2423599680  -0.0948732902
60  1   0.0000000000   0.0000000000   0.2040135862   0.0000000000   0.0000000000
60  2   0.2114320333  -0.3271001859  -0.4170503241   0.3598415862  -0.0017644808
60  3   0.0060827331   0.0047734927   0.1635024228  -0.0150420448   0.1925165525
60  4   0.0036885695   0.0438983979  -0.0154239222  -0.2236803108  -0.0309541284
60  5   0.1965178182   0.0020961733   0.4338213631  -0.0275804985  -0.4064447576
60  6  -0.0109580503  -0.3254650575  -0.0163446527   0.0247582828  -0.0164798116
60  7  -0.0180357570  -0.4560442256  -0.0799765048   0.0094257214  -0.3797494195
60  8  -0.0121100842   0.4213301881  -0.0018886892   0.2612436313   0.0024919228
60  9  -0.1742445321   0.0104406806  -0.7360180018   0.0548273722   0.0226470960
60 10   0.0183339239   0.0284176799   0.0046540024   0.0274391318  -0.0318641159
60 11  -0.0313657740  -0.0156669743   0.0256068272   0.0040941541   0.0276263599
60 12   0.0183352523   0.0373147495  -0.0248849538   0.0129119636   0.0049821904
$end
