$coord
    7.94738675809888      0.73398799958605     -0.01286149759095  c
    5.20560631067589      2.79563105682517     -0.00791541143027  s
    3.72363497170332      1.87674608980335     -2.31878927013402  o
    0.00017369633672      0.00082775599343     -0.00988622086698  u
   -3.72707698874772     -1.87691978765170      2.29334275271390  o
   -5.20479737046264     -2.79483031782804     -0.02054513768636  s
   -7.94692236103991     -0.73362808874868     -0.01995599907307  c
    3.72648979091663      1.86896618389322      2.30172826807335  o
   -3.72179460351489     -1.86662405708029     -2.32716717083240  o
   -1.53945246679960      3.03331773391052     -0.00469443748043  o
    1.53973869351935     -3.03168557715230     -0.01364384418909  o
  -10.31525333851532     -1.84401416393094     -0.02493375545459  c
  -12.46346136892206     -0.33202457358980     -0.02548904640022  c
  -12.21245288330397      2.27549675151732     -0.02098185382823  c
   -9.82199247693339      3.37244157550260     -0.01583139600860  c
   -7.67230375618096      1.87807476775377     -0.01527679307161  c
  -10.47342485595681     -3.88912289373961     -0.02848708802269  h
  -14.32452189068556     -1.18914801249834     -0.02945822454560  h
  -13.88220889706388      3.46334980259558     -0.02149396246027  h
   -9.63518979206836      5.41281099475168     -0.01230581038491  h
   -5.79092859050841      2.69921127790100     -0.01149638367862  h
   10.31583418682183      1.84416273635543     -0.01727718228647  c
   12.46390136593431      0.33198162203423     -0.02142054514050  c
   12.21265120249708     -2.27552380565038     -0.02098257672302  c
    9.82208964145381     -3.37224507913412     -0.01643014968168  c
    7.67253826495606     -1.87768444717612     -0.01232202768431  c
   10.47421136223607      3.88925763522252     -0.01747300018037  h
   14.32503486227123      1.18894908888741     -0.02494617015916  h
   13.88229673824186     -3.46352769047073     -0.02423429404204  h
    9.63510857442141     -5.41260127112076     -0.01616083089550  h
    5.79108315827168     -2.69864613337824     -0.00901974242620  h
$user-defined bonds
$redundant
     number_of_atoms            31
     degrees_of_freedom         87
     internal_coordinates       87
     frozen_coordinates          0
# definitions of redundant internals
   1 k  1.0000000000000 stre   4   10           val=   3.40095
   2 k  1.0000000000000 stre   4   11           val=   3.40094
   3 k  0.3530563570204 bend   9   10    4      val=  -0.00045
        0.3530132445448 bend   9   11    4
       -0.3530546513886 bend   3   10    4
       -0.3530143828124 bend   3   11    4
       -0.3540887566837 bend   8   10    4
       -0.3540537462240 bend   8   11    4
        0.3540957623474 bend   5   10    4
        0.3540471788710 bend   5   11    4
   4 k  0.3530462713538 bend   9   10    4      val=  -0.20023
       -0.3530818901437 bend   9   11    4
       -0.3529813685361 bend   3   10    4
        0.3530291006224 bend   3   11    4
       -0.3540782499949 bend   8   10    4
        0.3541222573845 bend   8   11    4
        0.3540226582388 bend   5   10    4
       -0.3540622740069 bend   5   11    4
   5 k  0.3552181990154 bend   9   10    4      val=  -0.00855
       -0.3551985827236 bend   9   11    4
        0.3552880209430 bend   3   10    4
       -0.3552468661759 bend   3   11    4
       -0.3518550855596 bend   8   10    4
        0.3518089199958 bend   8   11    4
       -0.3518966103755 bend   5   10    4
        0.3518825689764 bend   5   11    4
   6 k  0.3552146083401 bend   9   10    4      val=   0.43570
        0.3552603766394 bend   9   11    4
        0.3552308362996 bend   3   10    4
        0.3552458524045 bend   3   11    4
       -0.3518518609098 bend   8   10    4
       -0.3518705164865 bend   8   11    4
       -0.3518396368156 bend   5   10    4
       -0.3518811754988 bend   5   11    4
   7 k  1.0000000000000 stre  12   17           val=   2.05122
   8 k  0.7071067819376 bend  13   17   12      val=   0.58733
       -0.7071067804354 bend   7   17   12
   9 k  1.0000000000000 outp  17    7   13   12 val=  -0.00343
  10 k  1.0000000000000 stre  13   18           val=   2.04896
  11 k -0.7071067633281 bend  12   18   13      val=   0.04774
        0.7071067990450 bend  14   18   13
  12 k  1.0000000000000 outp  18   14   12   13 val=   0.00085
  13 k  1.0000000000000 stre  14   19           val=   2.04917
  14 k  0.7071067827731 bend  13   19   14      val=   0.00332
       -0.7071067796000 bend  15   19   14
  15 k  1.0000000000000 outp  19   15   13   14 val=   0.00068
  16 k  1.0000000000000 stre  15   20           val=   2.04891
  17 k -0.7071067772293 bend  16   20   15      val=   0.15331
        0.7071067851438 bend  14   20   15
  18 k  1.0000000000000 outp  20   14   16   15 val=  -0.00250
  19 k  1.0000000000000 stre  16   21           val=   2.05277
  20 k  0.7071076620370 bend  15   21   16      val=   1.01703
       -0.7071059003350 bend   7   21   16
  21 k  1.0000000000000 outp  21    7   15   16 val=   0.00574
  22 k  1.0000000000000 stre  22   27           val=   2.05122
  23 k  0.7071067829680 bend  23   27   22      val=   0.58689
       -0.7071067794051 bend   1   27   22
  24 k  1.0000000000000 outp  27    1   23   22 val=  -0.00025
  25 k  1.0000000000000 stre  23   28           val=   2.04896
  26 k -0.7071067625360 bend  22   28   23      val=   0.04804
        0.7071067998371 bend  24   28   23
  27 k  1.0000000000000 outp  28   24   22   23 val=  -0.00078
  28 k  1.0000000000000 stre  24   29           val=   2.04917
  29 k  0.7071067827681 bend  23   29   24      val=   0.00318
       -0.7071067796050 bend  25   29   24
  30 k  1.0000000000000 outp  29   25   23   24 val=   0.00113
  31 k  1.0000000000000 stre  25   30           val=   2.04891
  32 k -0.7071067774542 bend  26   30   25      val=   0.15296
        0.7071067849189 bend  24   30   25
  33 k  1.0000000000000 outp  30   24   26   25 val=  -0.00210
  34 k  1.0000000000000 stre  26   31           val=   2.05277
  35 k  0.7071075818931 bend  25   31   26      val=   1.01738
       -0.7071059804791 bend   1   31   26
  36 k  1.0000000000000 outp  31    1   25   26 val=   0.00849
  37 k  1.0000000000000 stre   1   22           val=   2.61573
  38 k  1.0000000000000 stre  22   23           val=   2.62696
  39 k  1.0000000000000 stre  23   24           val=   2.61958
  40 k  1.0000000000000 stre  24   25           val=   2.63013
  41 k  1.0000000000000 stre  25   26           val=   2.61807
  42 k  1.0000000000000 stre  26    1           val=   2.62610
  43 k -0.2886751345948 bend   1   23   22      val=   0.47618
       -0.2886751345948 bend  22   24   23
        0.5773502691896 bend  23   25   24
       -0.2886751345948 bend  24   26   25
       -0.2886751345948 bend  25    1   26
        0.5773502691896 bend  26   22    1
  44 k  0.5000000000000 bend   1   23   22      val=   0.46083
       -0.5000000000000 bend  22   24   23
        0.5000000000000 bend  24   26   25
       -0.5000000000000 bend  25    1   26
  45 k -0.4082482904639 bend   1   23   22      val=   0.43588
        0.4082482904639 bend  22   24   23
       -0.4082482904639 bend  23   25   24
        0.4082482904639 bend  24   26   25
       -0.4082482904639 bend  25    1   26
        0.4082482904639 bend  26   22    1
  46 k -0.2886751345948 tors  22   23   24   25 val=  -0.00072
       -0.2886751345948 tors  23   24   25   26
        0.5773502691896 tors  24   25   26    1
       -0.2886751345948 tors  25   26    1   22
       -0.2886751345948 tors  26    1   22   23
        0.5773502691896 tors   1   22   23   24
  47 k  0.5000000000000 tors  22   23   24   25 val=  -0.00193
       -0.5000000000000 tors  23   24   25   26
        0.5000000000000 tors  25   26    1   22
       -0.5000000000000 tors  26    1   22   23
  48 k -0.4082482904639 tors  22   23   24   25 val=  -0.00174
        0.4082482904639 tors  23   24   25   26
       -0.4082482904639 tors  24   25   26    1
        0.4082482904639 tors  25   26    1   22
       -0.4082482904639 tors  26    1   22   23
        0.4082482904639 tors   1   22   23   24
  49 k  0.5000000000000 tors  22    1    2    3 val=  89.88047
        0.5000000000000 tors  22    1    2    8
        0.5000000000000 tors  26    1    2    3
        0.5000000000000 tors  26    1    2    8
  50 k -0.7071006561958 bend   2   22    1      val=   1.49505
        0.7071129061242 bend   2   26    1
  51 k  1.0000000000000 outp  26   22    2    1 val=  -0.00209
  52 k  1.0000000000000 stre   7   12           val=   2.61572
  53 k  1.0000000000000 stre  12   13           val=   2.62696
  54 k  1.0000000000000 stre  13   14           val=   2.61958
  55 k  1.0000000000000 stre  14   15           val=   2.63014
  56 k  1.0000000000000 stre  15   16           val=   2.61807
  57 k  1.0000000000000 stre  16    7           val=   2.62611
  58 k -0.2886751345948 bend   7   13   12      val=   0.47639
       -0.2886751345948 bend  12   14   13
        0.5773502691896 bend  13   15   14
       -0.2886751345948 bend  14   16   15
       -0.2886751345948 bend  15    7   16
        0.5773502691896 bend  16   12    7
  59 k  0.5000000000000 bend   7   13   12      val=   0.46072
       -0.5000000000000 bend  12   14   13
        0.5000000000000 bend  14   16   15
       -0.5000000000000 bend  15    7   16
  60 k -0.4082482904639 bend   7   13   12      val=   0.43594
        0.4082482904639 bend  12   14   13
       -0.4082482904639 bend  13   15   14
        0.4082482904639 bend  14   16   15
       -0.4082482904639 bend  15    7   16
        0.4082482904639 bend  16   12    7
  61 k -0.2886751345948 tors  12   13   14   15 val=  -0.00060
       -0.2886751345948 tors  13   14   15   16
        0.5773502691896 tors  14   15   16    7
       -0.2886751345948 tors  15   16    7   12
       -0.2886751345948 tors  16    7   12   13
        0.5773502691896 tors   7   12   13   14
  62 k  0.5000000000000 tors  12   13   14   15 val=  -0.00377
       -0.5000000000000 tors  13   14   15   16
        0.5000000000000 tors  15   16    7   12
       -0.5000000000000 tors  16    7   12   13
  63 k -0.4082482904639 tors  12   13   14   15 val=  -0.00088
        0.4082482904639 tors  13   14   15   16
       -0.4082482904639 tors  14   15   16    7
        0.4082482904639 tors  15   16    7   12
       -0.4082482904639 tors  16    7   12   13
        0.4082482904639 tors   7   12   13   14
  64 k  0.5000000000000 tors  12    7    6    5 val=  90.01731
        0.5000000000000 tors  12    7    6    9
        0.5000000000000 tors  16    7    6    5
        0.5000000000000 tors  16    7    6    9
  65 k -0.7070935546189 bend   6   12    7      val=   1.49216
        0.7071200075068 bend   6   16    7
  66 k  1.0000000000000 outp  16   12    6    7 val=  -0.01333
  67 k  1.0000000000000 stre   2    1           val=   3.43042
  68 k  0.7044036231477 bend   8    1    2      val= 102.54399
        0.7097996447564 bend   3    1    2
  69 k  0.7097996447564 bend   8    1    2      val=   0.38819
       -0.7044036231477 bend   3    1    2
  70 k  1.0000000000000 stre   6    7           val=   3.43042
  71 k  0.7049296333550 bend   5    7    6      val= 102.54293
        0.7092772462288 bend   9    7    6
  72 k  0.7092772462288 bend   5    7    6      val=   0.32751
       -0.7049296333550 bend   9    7    6
  73 k  1.0000000000000 stre   4    9           val=   4.76552
  74 k  1.0000000000000 stre   9    6           val=   2.89506
  75 k  1.0000000000000 stre   6    5           val=   2.89487
  76 k  1.0000000000000 stre   5    4           val=   4.76689
  77 k -0.5000000000000 bend   4    6    9      val=  -7.99986
        0.5000000000000 bend   9    5    6
       -0.5000000000000 bend   6    4    5
        0.5000000000000 bend   5    9    4
  78 k -0.5000000000000 tors   9    6    5    4 val=   3.91582
        0.5000000000000 tors   6    5    4    9
       -0.5000000000000 tors   5    4    9    6
        0.5000000000000 tors   4    9    6    5
  79 k  1.0000000000000 stre   4    3           val=   4.76595
  80 k  1.0000000000000 stre   3    2           val=   2.89495
  81 k  1.0000000000000 stre   2    8           val=   2.89499
  82 k  1.0000000000000 stre   8    4           val=   4.76644
  83 k -0.5000000000000 bend   4    2    3      val=  -7.99986
        0.5000000000000 bend   3    8    2
       -0.5000000000000 bend   2    4    8
        0.5000000000000 bend   8    3    4
  84 k -0.5000000000000 tors   3    2    8    4 val=   3.91406
        0.5000000000000 tors   2    8    4    3
       -0.5000000000000 tors   8    4    3    2
        0.5000000000000 tors   4    3    2    8
  85 k  0.7071067877169 bend   3    9    4      val=  -0.08408
       -0.7071067746562 bend   8    5    4
  86 k  0.4983761211690 outp   5    9    3    4 val=   0.00775
        0.5016184985930 outp   8    5    9    4
       -0.4985058029245 outp   8    3    9    4
       -0.5014898684604 outp   5    8    3    4
  87 k  0.5016282980603 outp   5    9    3    4 val=  -0.00845
       -0.4983664929729 outp   8    5    9    4
        0.5014994352627 outp   8    3    9    4
       -0.4984959435123 outp   5    8    3    4
        87 non zero eigenvalues  of BmBt
           1          10.828274205    1    0
         1
           2          10.827873222    2    0
         2
           3           5.202078580    3    0
         3
           4           5.200948547    4    0
         4
           5           4.913814955    5    0
         5
           6           4.913618425    6    0
         6
           7           4.516916635    7    0
         7
           8           4.390367753    8    0
         8
           9           4.365761425    9    0
         9
          10           4.297724483   10    0
        10
          11           4.296355535   11    0
        11
          12           4.063081622   12    0
        12
          13           3.561260932   13    0
        13
          14           3.527972032   14    0
        14
          15           3.525301664   15    0
        15
          16           3.493435568   16    0
        16
          17           3.355337561   17    0
        17
          18           3.347866934   18    0
        18
          19           3.248967531   19    0
        19
          20           3.214900215   20    0
        20
          21           2.768591777   21    0
        21
          22           2.713062376   22    0
        22
          23           2.655771259   23    0
        23
          24           2.603599121   24    0
        24
          25           2.288732337   25    0
        25
          26           2.263716306   26    0
        26
          27           2.213021032   27    0
        27
          28           2.020281345   28    0
        28
          29           1.989039374   29    0
        29
          30           1.897235293   30    0
        30
          31           1.894136722   31    0
        31
          32           1.758070240   32    0
        32
          33           1.745225316   33    0
        33
          34           1.726080855   34    0
        34
          35           1.716423867   35    0
        35
          36           1.389250317   36    0
        36
          37           1.381886159   37    0
        37
          38           1.367156698   38    0
        38
          39           1.273438781   39    0
        39
          40           1.156437984   40    0
        40
          41           1.148388415   41    0
        41
          42           1.130768538   42    0
        42
          43           0.999994541   43    0
        43
          44           0.989470409   44    0
        44
          45           0.870538507   45    0
        45
          46           0.853512865   46    0
        46
          47           0.804725649   47    0
        47
          48           0.515681400   48    0
        48
          49           0.510076843   49    0
        49
          50           0.498137243   50    0
        50
          51           0.431776078   51    0
        51
          52           0.408541698   52    0
        52
          53           0.385864600   53    0
        53
          54           0.383890162   54    0
        54
          55           0.382011093   55    0
        55
          56           0.379793753   56    0
        56
          57           0.362584517   57    0
        57
          58           0.351067692   58    0
        58
          59           0.350699630   59    0
        59
          60           0.318769251   60    0
        60
          61           0.316920494   61    0
        61
          62           0.302494271   62    0
        62
          63           0.290680022   63    0
        63
          64           0.288019228   64    0
        64
          65           0.284053826   65    0
        65
          66           0.280717463   66    0
        66
          67           0.280463020   67    0
        67
          68           0.259446575   68    0
        68
          69           0.258792305   69    0
        69
          70           0.253704991   70    0
        70
          71           0.142382811   71    0
        71
          72           0.135284008   72    0
        72
          73           0.133841915   73    0
        73
          74           0.122731336   74    0
        74
          75           0.110992858   75    0
        75
          76           0.101673949   76    0
        76
          77           0.101346428   77    0
        77
          78           0.082581704   78    0
        78
          79           0.057875544   79    0
        79
          80           0.050097611   80    0
        80
          81           0.039007977   81    0
        81
          82           0.035320052   82    0
        82
          83           0.017344600   83    0
        83
          84           0.014420356   84    0
        84
          85           0.002738517   85    0
        85
          86           0.002638057   86    0
        86
          87           0.001397581   87    0
        87
$end
