$dipgrad          cartesian dipole gradients
  -.23212430054435D+00  0.50699694726505D-01  0.22656541644647D-03
  0.23897859558361D+00  -.28559508856054D+00  -.80568340968603D-03
  0.81871174966171D-03  -.47757896576026D-03  -.97946132883043D-01
  0.21590315260076D+01  -.25602111904676D+00  -.19572204527403D-03
  0.50274423352636D-01  0.76536720332182D+00  -.12553502863261D-02
  0.25943386054153D-02  0.41726446141566D-03  0.12362122791184D+01
  -.17278789810860D+01  -.10099972378790D+00  -.24112143920561D+00
  -.63228321514925D+00  -.49421768986369D+00  -.19357287248047D+00
  -.37348701271544D+00  0.72046756246421D-01  -.91876409408706D+00
  0.45824106427394D+01  -.37364844237562D+00  0.37404537598752D-03
  -.11717674632841D+00  0.29859827495917D+01  0.31913425892330D-02
  0.13070359543243D-02  0.29878619692046D-02  0.11632901382417D+01
  -.17253065243566D+01  -.10099187543302D+00  -.24205764419005D+00
  -.63470931752879D+00  -.49453028750533D+00  -.19359868583608D+00
  -.37682742546241D+00  0.71856551747719D-01  -.92021100217148D+00
  0.21589106287927D+01  -.25586298343538D+00  0.18467167262157D-03
  0.50674274083677D-01  0.76532906662114D+00  -.57548455815964D-03
  -.18291571048123D-02  -.21342701411747D-02  0.12362038487220D+01
  -.23217415670689D+00  0.50721780932958D-01  -.16020560803766D-03
  0.23902490323206D+00  -.28555064855592D+00  0.35328442486547D-03
  0.52543164037878D-03  -.36317464563150D-03  -.97933079933203D-01
  -.17261441976705D+01  -.10181669704584D+00  0.24112712252554D+00
  -.63621289205354D+00  -.49488997691649D+00  0.19470161395300D+00
  0.37386340968241D+00  -.70489866920533D-01  -.91928526503051D+00
  -.17284731038412D+01  -.10206273669758D+00  0.24009140261390D+00
  -.63405607637262D+00  -.49475582291336D+00  0.19477454130579D+00
  0.37051547012051D+00  -.70549536059371D-01  -.91781969956180D+00
  -.11964036762056D+01  0.48499855249905D+00  0.97717670950858D-03
  0.69705459243527D+00  -.14271847918773D+01  -.22231603508171D-02
  0.32239361820533D-02  -.17167088636213D-02  -.40098559010136D+00
  -.11964938611059D+01  0.48495965327423D+00  0.24518194369659D-03
  0.69702034134968D+00  -.14270679857200D+01  -.88763996821077D-03
  -.17433479292320D-02  -.14331451975496D-02  -.40093614261095D+00
  -.79792047522565D-01  -.19480284854734D-01  -.44363269632032D-04
  0.20149379622389D+00  0.55370461744971D-01  0.93707109512351D-03
  0.22610479364113D-03  0.41701935432568D-04  -.10415373186679D+00
  0.52879288150831D-01  0.91165714801424D-01  0.44251757864707D-03
  0.15718868152524D-01  -.58870130139157D-01  0.74745596906425D-03
  0.10345144029864D-02  0.20544763314139D-03  -.15315443636807D+00
  -.35513481625452D-03  -.25689486638690D-01  0.33465122550544D-03
  -.29486904978107D-02  0.26212270313008D-01  0.80657821041964D-03
  0.23543886532650D-02  0.32725520775789D-03  -.15330601840937D+00
  -.75686193773457D-01  -.49132819773690D-01  0.16159379712056D-03
  0.60758757543676D-01  0.12483871208048D+00  0.95456142500882D-03
  0.26851136757746D-02  0.53026850892785D-03  -.13439252808306D+00
  -.20100666012339D+00  0.10620496590929D+00  0.86526157213627D-04
  0.55614464424819D-01  -.10179690368179D+00  0.25196921875430D-03
  0.14435995424443D-02  0.86624291503925D-04  -.37303416903102D-01
  0.99577944577731D-01  0.90522711918501D-02  -.36887994472569D-04
  -.60255055646460D-01  -.77007979827167D-01  -.33731283048745D-03
  -.22910337824135D-03  -.34555152657978D-03  0.11626439401138D+00
  -.15452532715104D+00  -.63208481118645D-01  -.47739237737425D-03
  -.71891481768076D-01  0.25509978285881D-01  -.21707746615816D-03
  -.48788416123149D-03  -.26544003524940D-03  0.13267668659004D+00
  -.95306345517796D-01  0.10088479198574D+00  -.12491839792319D-03
  0.10658763398067D+00  -.26550022948901D-02  -.14561875857766D-04
  0.89052377563110D-04  -.54079785148036D-04  0.12968356143932D+00
  0.45857459339045D-01  -.56922889400910D-02  -.94876080583383D-04
  0.29595815175226D-01  -.12686074843573D+00  -.34752706898221D-03
  0.22351029071171D-03  -.37501056948130D-03  0.12407992745235D+00
  0.34066773333799D+00  -.34101191318794D-01  0.15041060021474D-03
  0.63369683607584D-02  0.78818382159082D-01  0.10424531665619D-04
  0.51793280208389D-03  -.49425774220009D-04  0.98721335923544D-01
  -.79765400766700D-01  -.19477626873681D-01  -.13150827785385D-04
  0.20139512858368D+00  0.55346978356704D-01  -.67475549009080D-03
  0.15405109184367D-03  0.17746816715413D-03  -.10416208342515D+00
  0.52900849386691D-01  0.91163734554921D-01  -.42238710948965D-03
  0.15580010028873D-01  -.58869445186048D-01  -.59238100075777D-03
  -.12294812155250D-02  -.57922599752868D-04  -.15316572960402D+00
  -.37459329919137D-03  -.25685024311824D-01  -.52162524314322D-03
  -.30560801681512D-02  0.26228221789532D-01  -.48642099279463D-03
  -.24218254608875D-02  -.21876465799734D-04  -.15331790178363D+00
  -.75741853165426D-01  -.49111797037442D-01  -.30521596563888D-03
  0.60676795400692D-01  0.12484349175597D+00  -.59667242404177D-03
  -.26485247809923D-02  0.10717848539461D-04  -.13440505256747D+00
  -.20101791906828D+00  0.10623422185401D+00  0.23780590979197D-04
  0.55526142850136D-01  -.10180052926400D+00  -.34043667048759D-03
  -.14221239720632D-02  -.19311775639387D-03  -.37311740819480D-01
  0.99582046026622D-01  0.90313967029613D-02  0.74132134637959D-04
  -.60276414953978D-01  -.76995594000439D-01  0.13949754619617D-04
  0.16868634043968D-03  -.14834208571265D-04  0.11626292561464D+00
  -.15453540928008D+00  -.63191734512629D-01  0.48834840155696D-03
  -.71891891537444D-01  0.25521379946206D-01  0.75554928821114D-04
  0.50532766607854D-03  0.12238766142416D-03  0.13267560794345D+00
  -.95289146789789D-01  0.10089355954496D+00  0.37389428951946D-03
  0.10658502119783D+00  -.26732009187325D-02  -.24309901106696D-03
  0.20746767743313D-03  -.21682307281944D-03  0.12968143357639D+00
  0.45854176872981D-01  -.57042827440104D-02  0.12526163284887D-03
  0.29571380334185D-01  -.12686679616376D+00  -.42606090025077D-04
  -.12341614930391D-03  -.48449080833943D-04  0.12407911546460D+00
  0.34072253756376D+00  -.34131742031073D-01  0.88545649058216D-04
  0.62899497110687D-02  0.78819725858168D-01  -.66195958779719D-05
  -.87809188993073D-05  -.34940101345777D-05  0.98722392112307D-01
$end
