$energy      SCF               SCFKIN            SCFPOT
     1 -2187.293894041      1853.207040072     -4040.500934113
     2 -2187.295058306      1853.451030379     -4040.746088686
     3 -2187.293683044      1853.623706447     -4040.917389491
     4 -2187.294692381      1853.543674170     -4040.838366551
     5 -2187.295219131      1853.503626216     -4040.798845347
     6 -2187.295250101      1853.502582547     -4040.797832647
     7 -2187.295250937      1853.498304987     -4040.793555924
     8 -2187.295252847      1853.499008707     -4040.794261554
     9 -2187.295253564      1853.500241422     -4040.795494986
    10 -2187.295253671      1853.499917109     -4040.795170780
    11 -2187.295253901      1853.499339226     -4040.794593127
    12 -2187.295253627      1853.499285677     -4040.794539304
    13 -2187.295254330      1853.500008008     -4040.795262338
    14 -2187.295254514      1853.500009992     -4040.795264506
    15 -2187.295254258      1853.500152060     -4040.795406318
    16 -2187.295254561      1853.500031814     -4040.795286374
    17 -2187.296154777      1853.172995740     -4040.469150516
    18 -2187.296304818      1853.171519618     -4040.467824436
    19 -2187.297586682      1853.424629272     -4040.722215954
    20 -2187.296306783      1853.595075287     -4040.891382070
    21 -2187.297330971      1853.517657104     -4040.814988075
    22 -2187.297514665      1853.455963551     -4040.753478216
    23 -2187.297853969      1853.467949158     -4040.765803127
    24 -2187.297899843      1853.478163902     -4040.776063745
    25 -2187.297912233      1853.478619658     -4040.776531892
    26 -2187.297916241      1853.476694380     -4040.774610621
    27 -2187.297919447      1853.474836577     -4040.772756025
    28 -2187.297919881      1853.474922621     -4040.772842502
    29 -2187.297927093      1853.476678059     -4040.774605151
    30 -2187.297927958      1853.477131071     -4040.775059029
    31 -2187.297930309      1853.477996043     -4040.775926352
    32 -2187.297931006      1853.477972481     -4040.775903487
    33 -2187.297931194      1853.478110133     -4040.776041328
    34 -2187.297931762      1853.477797949     -4040.775729710
    35 -2187.297932103      1853.477825547     -4040.775757650
    36 -2187.297932148      1853.477888218     -4040.775820365
    37 -2187.297932311      1853.477894905     -4040.775827215
    38 -2187.297935721      1853.480188025     -4040.778123746
    39 -2187.297936078      1853.483052170     -4040.780988248
    40 -2187.297936229      1853.483260331     -4040.781196561
    41 -2187.297936266      1853.483247364     -4040.781183630
    42 -2187.294549508      1853.070535404     -4040.365084912
    43 -2187.296858650      1853.489054818     -4040.785913468
    44 -2187.296886591      1853.491991607     -4040.788878197
    45 -2187.296939344      1853.481266173     -4040.778205518
    46 -2187.296972104      1853.478430770     -4040.775402874
    47 -2187.297008952      1853.481766926     -4040.778775878
    48 -2187.297038700      1853.482458021     -4040.779496721
    49 -2187.297062586      1853.484282709     -4040.781345295
    50 -2187.297087903      1853.483669765     -4040.780757668
    51 -2187.297097744      1853.483433772     -4040.780531516
    52 -2187.297103729      1853.482722423     -4040.779826152
    53 -2187.297108766      1853.481934259     -4040.779043025
    54 -2187.297111132      1853.482831769     -4040.779942901
    55 -2187.297113569      1853.483356913     -4040.780470482
    56 -2187.297115014      1853.483174909     -4040.780289923
    57 -2187.297116248      1853.482933176     -4040.780049425
    58 -2187.297117148      1853.482680724     -4040.779797873
    59 -2187.297117945      1853.482497201     -4040.779615146
    60 -2187.297118412      1853.482664246     -4040.779782658
    61 -2187.297118716      1853.482921814     -4040.780040530
    62 -2187.297118944      1853.482915816     -4040.780034760
    63 -2187.297119784      1853.482990727     -4040.780110511
    64 -2187.297120207      1853.483025909     -4040.780146116
    65 -2187.297120424      1853.482885659     -4040.780006083
    66 -2187.297120563      1853.482874308     -4040.779994871
    67 -2187.297120589      1853.482869736     -4040.779990325
$end
