$hessapprox internal
  0.493981587163D+00 -0.739951746863D-02  0.493794349192D+00  0.121766734115D-02
 -0.199316244440D-02  0.203960731227D+00  0.733337209045D-02  0.659454343710D-02
  0.239093869990D-03  0.179187927879D+00 -0.480510142017D-02 -0.161781243263D-02
 -0.332415952067D-02  0.359953312457D-02  0.246835371828D+00 -0.752948689185D-03
  0.162301345823D-02 -0.342194296052D-02  0.153279601684D-02 -0.286097197477D-02
  0.215245894061D+00 -0.871579130573D-03 -0.749866042491D-03 -0.148828051047D-03
  0.566014745237D-03  0.141199427861D-03 -0.437339428094D-03  0.430846960246D+00
 -0.253578807698D-02 -0.360884886384D-02 -0.210796203276D-03 -0.279610581234D-02
  0.750114576374D-02 -0.545242265974D-03 -0.555880591129D-03  0.344431638001D+00
  0.116389090446D-02 -0.130366208883D-02  0.949006354406D-03 -0.181318091329D-03
 -0.199393312414D-01  0.807084778865D-03 -0.298977582031D-03 -0.414289983706D-03
  0.101916172139D+00 -0.829216390711D-03 -0.104881838922D-02 -0.158845695484D-03
  0.108971605580D-02  0.331519894854D-03 -0.687766677383D-04 -0.147617740627D-02
  0.641325185177D-03 -0.262840479992D-03  0.422250981769D+00  0.726415770995D-03
  0.213517548538D-02  0.170570688664D-03  0.109360649605D-01 -0.132363621877D-02
 -0.165378131422D-03  0.360969027458D-03  0.257954004837D-01 -0.187518128045D-02
  0.159960491157D-04  0.337504373190D+00  0.163874505954D-02  0.606481080711D-03
  0.286970862117D-03 -0.272764908705D-02 -0.650849216136D-02 -0.309252266270D-03
 -0.424000430767D-03  0.238418412524D-02  0.238572531682D-01  0.139619655071D-03
 -0.101080497243D-02  0.931683800416D-01 -0.474667899405D-03 -0.675482777380D-03
  0.146761623979D-03  0.100133207236D-02 -0.341984752586D-03  0.297135369780D-04
  0.152473864826D-03 -0.492459205491D-04  0.293337700501D-03 -0.431199006409D-03
 -0.739121050464D-05  0.157344495806D-03  0.440671686904D+00  0.304554295036D-03
  0.718294983974D-03 -0.253403167268D-03  0.178708702102D-02  0.521202472783D-02
 -0.239192949843D-03  0.433916257017D-04 -0.154277299472D-04 -0.197987700603D-02
  0.102173115844D-02 -0.192736733031D-02  0.130302844777D-02  0.269143187882D-03
  0.367184140016D+00  0.348606090403D-03  0.322747360117D-04 -0.306938983153D-03
  0.548681468686D-02 -0.405727035454D-02 -0.427553419996D-02  0.414648826819D-03
 -0.227710974814D-02  0.101071872340D-02 -0.126495920745D-03  0.172596349100D-03
 -0.246511211916D-01  0.227217402869D-04 -0.229329500667D-02  0.946017436652D-01
 -0.358034013780D-03 -0.280778276852D-03  0.122324544415D-03  0.440779625016D-03
  0.796226579627D-03 -0.878111440431D-03 -0.222618920799D-02  0.595252076103D-03
 -0.100987304766D-03 -0.173038812319D-02 -0.880714956645D-03 -0.637500653878D-03
  0.278419027962D-03 -0.125865080847D-03  0.710896937472D-03  0.430587167961D+00
  0.133864499455D-02  0.251065691209D-02  0.967355219878D-04  0.686052457002D-02
 -0.525786838995D-02  0.528571896373D-03  0.281993067024D-03  0.242654559250D-01
 -0.392193389509D-04 -0.911023605315D-03 -0.269903948514D-01 -0.128544792921D-02
 -0.997000654745D-04 -0.519849380475D-03  0.126963567924D-02 -0.857780365009D-03
  0.344059918745D+00 -0.245470188753D-03 -0.197754834269D-02  0.111413522506D-02
  0.178340297863D-02  0.986616150550D-02 -0.366581510047D-02  0.727069214515D-03
  0.653823564152D-03 -0.601012876288D-02 -0.578037197412D-03 -0.102762376965D-02
  0.722907807553D-03 -0.459226382002D-03 -0.519752031996D-03  0.209909795658D-01
  0.106241297657D-02 -0.738153188684D-03  0.104328027091D+00 -0.203579296931D-02
 -0.185086780682D-02 -0.796645296848D-03  0.181262652948D-02 -0.443283829530D-03
  0.104654812073D-02 -0.122104396704D-02 -0.130536185847D-02  0.417269357983D-03
 -0.287345664130D-02  0.154139600620D-02  0.437385699308D-03 -0.476855476507D-03
  0.108204016029D-02  0.191392338284D-03 -0.130827442411D-02  0.837075456761D-03
 -0.320450345621D-03  0.424998066323D+00 -0.381001202283D-02 -0.375733416716D-02
 -0.142089324467D-02  0.179237588086D-02 -0.317319365537D-02  0.770399554195D-03
 -0.622970798806D-03 -0.175089999771D-01 -0.142384295527D-02  0.632947457187D-04
  0.183802662153D-01  0.222597953928D-02 -0.163476429566D-03  0.153497681312D-03
 -0.386543243784D-02  0.208408131816D-03  0.171043339248D-01  0.231089848605D-03
 -0.151565748611D-02  0.353734890670D+00  0.162437719258D-04  0.847704995048D-03
 -0.171701350558D-02 -0.284580988801D-02 -0.635148553583D-02  0.167064945605D-01
  0.457880060449D-03  0.104699985355D-02 -0.109695473331D-02 -0.285967064214D-03
 -0.813332726901D-03 -0.107392086137D-01 -0.157416313072D-03  0.854917446248D-03
  0.746369841336D-03 -0.105068204919D-03 -0.527755485535D-03  0.209491895655D-01
 -0.491501119251D-04  0.243022511956D-02  0.124846130349D+00 -0.862041514038D-03
 -0.761642719799D-03 -0.114513311266D-03  0.580136182741D-03  0.112740721036D-03
 -0.501895487621D-03 -0.179105394193D-02 -0.502304055831D-03 -0.230545734533D-03
 -0.148221180169D-02  0.304843651017D-03 -0.465119108566D-03  0.144842652462D-03
  0.490413680903D-04  0.415824054614D-03 -0.220414021660D-02  0.224399518192D-03
  0.713819316997D-03 -0.123042927858D-02 -0.568852336151D-03  0.427930000120D-03
  0.430884827134D+00 -0.245364314571D-02 -0.387346910752D-02  0.180591771198D-03
 -0.353416286799D-02  0.751658344955D-02 -0.741362713971D-03 -0.539726255061D-03
 -0.244207655573D-01  0.269680903356D-03  0.599314387689D-03  0.258946669211D-01
  0.210132131451D-02 -0.600186133397D-04  0.254554527373D-03 -0.164278395861D-02
  0.666875607655D-03  0.242315685910D-01  0.103372516780D-02 -0.140818565036D-02
 -0.172719323367D-01  0.110884089596D-02 -0.487080059718D-03  0.344683904490D+00
  0.215943216855D-02  0.100911330019D-02  0.518550946466D-03 -0.109844070140D-02
 -0.887435506030D-02  0.319490266732D-02 -0.239175466172D-04  0.330033129408D-02
  0.320414726842D-03  0.822091889408D-04 -0.169307220497D-02  0.427924405372D-02
  0.266423517339D-03  0.118043300981D-02 -0.150796222054D-02 -0.530349023946D-03
 -0.242252013782D-02 -0.101659324036D-02  0.121081371373D-02  0.197006143899D-02
  0.350198182131D-02 -0.348516433151D-05  0.336757402713D-02  0.989900293161D-01
 -0.901835777729D-03 -0.964227216453D-03 -0.364115652989D-03  0.106836950616D-02
  0.399384757329D-03  0.188445870616D-03 -0.145141299376D-02  0.550293546414D-03
 -0.392694251456D-03 -0.363260419738D-02  0.145633221865D-03  0.127596460503D-03
 -0.450117660445D-03  0.105806152973D-02 -0.167319208925D-03 -0.170740823852D-02
 -0.810813351535D-03 -0.644470372646D-03 -0.286102761627D-02  0.535330582671D-04
 -0.133910136367D-03 -0.145961425892D-02  0.484265125299D-03  0.678881806880D-04
  0.422213591642D+00  0.668381618157D-03  0.200872716429D-02  0.153093568928D-03
  0.107888677953D-01 -0.142471737852D-02 -0.285928585244D-03  0.248611023186D-03
  0.246880561661D-01 -0.186918976441D-02 -0.396220435673D-04 -0.295990341049D-01
 -0.687811369954D-03  0.194293816672D-04 -0.198586033278D-02 -0.163535686377D-03
 -0.963835313453D-03 -0.258710279369D-01 -0.102156024779D-02  0.142962082071D-02
  0.173355639247D-01 -0.564248763396D-03  0.197244732931D-03  0.248522902070D-01
 -0.152098705770D-02  0.816728376570D-04  0.339830488029D+00  0.515964765123D-03
  0.104532911768D-02  0.238600466975D-03 -0.249428854709D-02 -0.687586995339D-02
 -0.454318008978D-03 -0.318206911323D-03  0.759527689607D-03  0.186514410308D-02
 -0.728412998891D-04 -0.960418009660D-03 -0.117162402148D-02  0.336987207263D-03
  0.387996465854D-03 -0.148838617098D-02 -0.742520886922D-03 -0.647660443510D-03
 -0.335529469419D-02  0.337395631680D-04  0.479523423543D-03  0.680820419499D-02
 -0.280779159547D-03  0.838892212181D-03  0.253886131267D-01 -0.467528774253D-04
 -0.889457919675D-03  0.993780101541D-01 -0.535265056772D-03 -0.564185339959D-03
 -0.578602639210D-04  0.103577653453D-02 -0.245590675699D-03  0.218852147510D-03
  0.151799233498D-03 -0.303143456975D-04  0.130502260465D-03 -0.410723940920D-03
 -0.325230329188D-04  0.161476568974D-03 -0.220445192319D-03  0.261593416152D-03
 -0.615409016748D-04  0.261212027820D-03 -0.117623569434D-03 -0.537119871101D-03
 -0.425225441781D-03 -0.113627067689D-03 -0.118304304947D-03  0.143395837870D-03
 -0.603356738953D-04  0.222855068721D-03 -0.417845612379D-03 -0.128285021817D-04
  0.328799516063D-03  0.440694569978D+00  0.398463423443D-03  0.415498631523D-03
  0.241116923937D-03  0.175555645111D-02  0.467626925199D-02 -0.842682953523D-03
  0.707152918250D-04  0.374489746814D-04 -0.199141808759D-02  0.103874908782D-02
 -0.197745520066D-02  0.104133954975D-02  0.266793105420D-03 -0.179355114532D-02
 -0.231031990488D-02 -0.341390225949D-04 -0.600856007070D-03 -0.432034619998D-03
  0.100962918862D-02  0.187407180982D-03  0.378353309192D-03  0.816363275369D-04
  0.312129941792D-03  0.110379866269D-02  0.105040505159D-02 -0.203711747037D-02
  0.230191096150D-03  0.240314861665D-03  0.367247408512D+00  0.156922783708D-02
  0.519946222251D-04  0.125020675688D-02  0.396485758827D-02 -0.179593245901D-02
  0.550327300017D-03  0.621789859640D-03  0.597215137790D-04  0.359409678397D-02
 -0.766192871745D-03 -0.133878373150D-02 -0.129720864328D-02 -0.222754286600D-03
 -0.156985128060D-02  0.296062348443D-02  0.711241537867D-03 -0.681759739570D-03
  0.265363595955D-02  0.200618379930D-03 -0.129913894640D-02  0.300082403259D-02
  0.618784192146D-03  0.712752452358D-03 -0.187488519776D-02 -0.811535148153D-03
 -0.149491078675D-02 -0.256648740424D-01 -0.319421435436D-03 -0.140395160162D-02
  0.918229491790D-01 -0.326746982318D-03 -0.313745722494D-03  0.200859855903D-03
  0.419847892560D-03  0.932746932371D-03 -0.100087798305D-02 -0.222022010205D-02
  0.646186059180D-03  0.180438506174D-04 -0.173538929382D-02 -0.950225849675D-03
 -0.631002321550D-03  0.277459463052D-03 -0.130442965558D-03  0.783958285763D-03
 -0.285136848671D-02 -0.908893588815D-03  0.108152377588D-02 -0.132103538184D-02
  0.245676654536D-03 -0.121350594784D-03 -0.219862111342D-02  0.730111822227D-03
 -0.494067286208D-03 -0.171830796836D-02 -0.102059237064D-02 -0.720063455012D-03
  0.254797254966D-03 -0.383679121479D-04  0.738213993623D-03  0.430620702612D+00
  0.136156938230D-02  0.256224495942D-02  0.131885037694D-03  0.671019573155D-02
 -0.475387867414D-02  0.520062115275D-03  0.392918595896D-03  0.249459718381D-01
  0.127860328821D-03 -0.887523821773D-03 -0.276403828962D-01 -0.178288562981D-02
 -0.142269622322D-03 -0.355644073854D-03  0.195614106656D-02 -0.749557446331D-03
 -0.253483979612D-01 -0.682349658531D-03  0.879520506933D-03  0.179570173356D-01
 -0.891954642141D-03  0.329535023015D-03  0.248240132387D-01 -0.265610565381D-02
 -0.783631231951D-03 -0.264487498629D-01 -0.775882800920D-03 -0.153270252350D-03
 -0.442450377171D-03 -0.357402593017D-03 -0.810782283222D-03  0.342630541380D+00
  0.726862596101D-03  0.982716535717D-03 -0.113319608231D-03  0.227004934291D-02
 -0.455105960603D-02  0.983608585581D-03  0.129206876586D-03 -0.105229012347D-02
  0.830175963592D-03 -0.519399096116D-03 -0.423966479847D-03 -0.290915598653D-02
  0.352718002682D-04 -0.138853332671D-02  0.110881252156D-02 -0.225973197599D-04
  0.410087130459D-03 -0.205755114247D-02  0.403163835454D-04 -0.120168455515D-02
  0.348043466606D-02  0.142436900878D-03 -0.673399498840D-03 -0.159060590497D-02
 -0.427124137802D-03 -0.643534091409D-03  0.646855840406D-02  0.164412637064D-04
 -0.143498460923D-02  0.296583745576D-01 -0.383232405614D-04  0.732112322268D-03
  0.100319088316D+00 -0.193008392676D-02 -0.209057385412D-02 -0.279957239986D-03
  0.183983184151D-02 -0.214734392953D-03  0.480702706470D-03 -0.121989749071D-02
 -0.147768787931D-02 -0.946135766132D-03 -0.294166950854D-02  0.173271625392D-02
  0.493300883466D-04 -0.476622562423D-03  0.109541795651D-02 -0.112284339301D-05
 -0.123933449121D-02  0.100700309402D-02 -0.864773383849D-03 -0.253998949274D-02
 -0.179548276956D-02 -0.390106771106D-03 -0.123111706783D-02 -0.154045655080D-02
  0.472843088430D-03 -0.295578610348D-02  0.162631345046D-02  0.508396948039D-03
 -0.450946710274D-03  0.105858303413D-02 -0.274440475151D-03 -0.123866190569D-02
  0.104860839071D-02  0.699388936629D-04  0.424742685226D+00 -0.366132105923D-02
 -0.456423353946D-02 -0.370711832931D-03  0.861383219442D-03 -0.513899802269D-02
 -0.163332975269D-03 -0.731096930204D-03 -0.184740069610D-01 -0.127601619410D-02
 -0.461077900273D-04  0.198372912472D-01  0.185900341201D-02 -0.134300975045D-03
  0.417243052551D-03 -0.375640346873D-02  0.269720681758D-03  0.181690153447D-01
  0.624100046110D-03 -0.186197367538D-02 -0.159146168538D-01  0.167596201455D-02
 -0.663311189906D-03 -0.182315414159D-01  0.182670503966D-02 -0.112548422733D-03
  0.187330476109D-01  0.240602975935D-03 -0.129578187361D-03  0.600254243659D-03
 -0.556669008234D-03  0.319446114677D-03  0.190448947705D-01 -0.105841737788D-02
 -0.204612100288D-02  0.352049375598D+00 -0.116461181251D-02 -0.212873830369D-02
 -0.418210786843D-03 -0.243779064552D-02  0.554222804166D-02  0.894924835863D-02
 -0.677573750842D-04  0.154157420106D-02  0.457881763359D-02 -0.266464099733D-03
 -0.114172369203D-02  0.176605723607D-02 -0.307260190326D-03  0.352248077627D-03
 -0.345073965529D-02 -0.146830778349D-03 -0.887969834359D-03  0.259759180996D-02
 -0.187480498308D-03  0.297522333143D-02 -0.177329060970D-03 -0.736763672745D-04
  0.165390003708D-02 -0.751060280445D-03 -0.305684596395D-03 -0.943661298613D-03
 -0.655637062833D-02 -0.339033481291D-03  0.184195792279D-03  0.478193676946D-02
 -0.101653527038D-03 -0.112065828042D-02  0.180447146294D-01 -0.106126066133D-02
  0.264369302890D-02  0.122227125101D+00 -0.563364272630D-03  0.132805306204D-03
 -0.167052611083D-02  0.836279484375D-03  0.350023141151D-02  0.177379180059D-02
 -0.267500776128D-02 -0.988177207033D-03 -0.244488401197D-02 -0.637552703663D-02
  0.297536149666D-02  0.117241482784D-02 -0.597961084331D-03  0.135128937402D-02
 -0.157978777353D-02 -0.335116725148D-02  0.996047084661D-03 -0.106647920914D-02
 -0.482791253375D-02 -0.560241367830D-03  0.640089528832D-03 -0.268948934910D-02
 -0.117274083491D-02  0.623809329318D-03 -0.632428727355D-02  0.267424693261D-02
 -0.626983742936D-03 -0.482991256570D-03  0.126480549395D-02 -0.172387121012D-02
 -0.339991726370D-02  0.119044207666D-02 -0.679320149817D-03 -0.506900383203D-02
 -0.110515323534D-02  0.884773722962D-03  0.600508731177D+00  0.207968275963D-02
  0.191809381984D-02  0.105955864284D-02  0.155251392927D-02  0.198436069818D-03
 -0.602437861527D-03  0.970301552079D-03  0.708509287733D-02  0.958427187088D-03
  0.500114138608D-05 -0.754980099921D-02 -0.105407226054D-03 -0.149113421181D-03
 -0.180382786078D-03 -0.331150964584D-03  0.589796458891D-03 -0.707091136128D-02
 -0.306223285406D-03  0.525239972734D-03  0.548391651886D-02 -0.105777409960D-02
  0.939995205949D-03  0.717683814104D-02 -0.111812677661D-02 -0.209789222810D-04
 -0.717676735680D-02  0.218331681808D-03 -0.180333611688D-03 -0.361095703833D-04
 -0.136578131388D-02  0.569002279722D-03 -0.736042707728D-02 -0.604630941565D-03
  0.746262300761D-03  0.630752769604D-02 -0.733262969345D-03  0.125333564810D-03
  0.618706036464D+00 -0.730080737729D-03 -0.121279130954D-02  0.622350238873D-03
 -0.273261753684D-02 -0.999486367386D-03 -0.219289145860D-02 -0.454755932996D-02
 -0.140950977091D-02  0.234561052533D-03 -0.313055921782D-02  0.148964735331D-02
 -0.188090053978D-02  0.739385664025D-03 -0.466614359417D-05  0.134120872772D-02
 -0.553540212816D-02  0.111287983297D-02  0.264019744976D-02 -0.248555741972D-02
 -0.186725794685D-02  0.129107693225D-03 -0.447707530989D-02 -0.125764665093D-02
 -0.138667411088D-02 -0.312205369165D-02  0.116225666489D-02 -0.144471428166D-02
  0.670348531867D-03  0.249008671059D-03  0.249433687180D-02 -0.548752258635D-02
  0.146123507316D-02  0.341101268151D-03 -0.239031375955D-02 -0.189932901113D-02
  0.724565409736D-03 -0.729800525422D-02  0.302046120179D-02  0.605937995192D+00
 -0.213337195733D-02 -0.241225447848D-02 -0.744503917729D-03  0.192118475763D-02
  0.235609126937D-02  0.499387372199D-03 -0.242626023305D-02 -0.213230161662D-02
 -0.629930907671D-03 -0.728968642639D-02  0.372423199117D-02  0.863056869991D-03
 -0.110054582485D-02  0.227310171727D-02 -0.921735758827D-03 -0.260587704263D-02
  0.161666115723D-02 -0.212563934010D-02 -0.601928370967D-02 -0.200691988010D-02
 -0.961199364034D-03 -0.244891764008D-02 -0.227316413534D-02  0.789419615882D-03
 -0.733515697058D-02  0.353196307782D-02  0.301752918143D-03 -0.102694192215D-02
  0.220086837219D-02 -0.168317100923D-02 -0.262157762224D-02  0.166772512885D-02
 -0.631214495434D-03 -0.624095782101D-02 -0.249130426220D-02 -0.417834418765D-03
 -0.128108976980D-01  0.343743586296D-03 -0.498994954036D-02  0.577361463425D+00
 -0.358768317614D-03  0.820304828643D-04 -0.187923791734D-03  0.389919695155D-02
  0.173920077128D-03  0.727721650607D-03  0.908791313713D-03  0.583353306743D-02
  0.359472337352D-03  0.157707040099D-04 -0.679148181868D-02  0.616145525327D-05
 -0.383355892951D-03  0.145778169244D-03  0.633249127619D-03  0.834942789249D-03
 -0.613254024672D-02 -0.162324735159D-02  0.153303753158D-03  0.420701962887D-02
 -0.847794720193D-03  0.872414668244D-03  0.577803172452D-02  0.642961407904D-04
  0.300838845670D-04 -0.640366466849D-02  0.557801934345D-03 -0.361874647476D-03
  0.317409308815D-04 -0.510721013924D-03  0.815962039890D-03 -0.643889620546D-02
  0.583993567558D-03  0.183868407217D-03  0.442154242680D-02 -0.822576000184D-03
  0.115361142776D-02 -0.248075370094D-02  0.255357679556D-02  0.310912365013D-03
  0.631550024372D+00 -0.226791942102D-02 -0.205858333925D-02 -0.415087444089D-03
 -0.436482360314D-03  0.122245529448D-02 -0.103907931498D-02 -0.472073821486D-02
 -0.389550074099D-02 -0.863681812466D-03 -0.367754326088D-02  0.410370621047D-02
 -0.830823108123D-03  0.453046870048D-03  0.349629817389D-03  0.159091009047D-02
 -0.560541932252D-02  0.350349651084D-02  0.139235780539D-02 -0.322666529065D-02
 -0.355882941653D-02 -0.458218312751D-03 -0.467090704285D-02 -0.386457703184D-02
 -0.877395418008D-03 -0.363293505801D-02  0.371529669256D-02 -0.149871271329D-02
  0.449906791166D-03  0.400767345939D-03  0.192245753300D-02 -0.557071500556D-02
  0.385607439341D-02  0.217735918311D-03 -0.315045358951D-02 -0.405473537064D-02
 -0.106273812875D-02 -0.708996357939D-02  0.332615819858D-02 -0.120320295911D-01
 -0.629126700102D-02  0.305269461356D-02  0.597231849326D+00  0.259728904989D-02
  0.936322931019D-03  0.241415630964D-02 -0.274995155557D-02  0.273986033714D-02
 -0.264359818139D-02 -0.432937771296D-03 -0.299141603499D-02  0.308414395241D-02
 -0.188407417102D-02  0.442679629166D-02 -0.510668878785D-03 -0.899141715515D-04
  0.814268753861D-03  0.283447727304D-03 -0.810182428504D-03  0.319629183870D-02
  0.112874132527D-02 -0.153515775543D-02 -0.206429678606D-02 -0.173375946404D-02
 -0.436060046803D-03 -0.267839874768D-02  0.416390525040D-03 -0.203457760317D-02
  0.436046119849D-02  0.978738967312D-03 -0.190744248902D-03  0.118087115210D-02
 -0.425588514087D-03 -0.758938227579D-03  0.311903989347D-02 -0.639407947005D-03
 -0.122708900750D-02 -0.134977915571D-02 -0.322486899213D-04 -0.586097815039D-02
 -0.125798650075D-02  0.105421405308D-03 -0.499618988460D-02  0.340216403164D-03
 -0.138600871083D-02  0.426477852133D+00 -0.180881694715D-02 -0.364965185791D-03
 -0.282900241003D-02  0.307416525313D-02  0.425870638698D-02  0.363257500482D-02
 -0.584222199388D-04 -0.295395709995D-02 -0.454808902797D-02 -0.139536779131D-02
  0.367193670456D-02  0.189637034802D-02 -0.424648347506D-03  0.213582700557D-03
 -0.140451765940D-02  0.103834699520D-03  0.302648038661D-02 -0.123540902248D-02
 -0.130756193665D-02 -0.235296698809D-02  0.119066592760D-02 -0.791892444220D-04
 -0.315508792864D-02  0.190634097031D-02 -0.129054499982D-02  0.340818996962D-02
 -0.540194697286D-03 -0.281463213428D-03 -0.130883292252D-03 -0.190748491480D-02
  0.613028992414D-04  0.325882196863D-02 -0.972454509483D-03 -0.163950113769D-02
 -0.329826482439D-02  0.911459134332D-03 -0.610206709927D-03  0.933352261693D-03
 -0.182668509404D-02 -0.318833471017D-02  0.119254056194D-02 -0.605881895077D-03
 -0.168825628953D-02  0.434931221606D+00  0.921799539584D-03  0.587916027198D-03
  0.780811354332D-03  0.261500624660D-03  0.751327560527D-03 -0.687166838267D-03
 -0.567304230952D-05  0.118448986347D-02  0.371850939173D-03 -0.129998478432D-03
 -0.138814846271D-02  0.101070159344D-03  0.846079505849D-04 -0.271692174862D-03
 -0.224515101259D-03 -0.191197096791D-03 -0.119239861668D-02  0.479571663936D-03
  0.722722626146D-05  0.661663817228D-03 -0.390753551385D-03 -0.631465507805D-05
  0.134888346303D-02 -0.199632842565D-03 -0.160013980843D-03 -0.132650616661D-02
  0.371107004722D-04  0.401384518045D-04 -0.148603414017D-03 -0.264199845566D-03
 -0.172799250755D-03 -0.122476032371D-02 -0.461313428571D-03  0.182707399671D-03
  0.105604645030D-02 -0.287498894069D-04 -0.661394998285D-03 -0.972163647904D-03
  0.273510221992D-03 -0.392446705236D-04 -0.453280489441D-03  0.330897729206D-03
 -0.980329506662D-03 -0.151433247002D-03  0.432312302980D+00 -0.118806232441D-02
 -0.344455859650D-03 -0.174501303170D-03  0.216745098077D-02  0.130792038936D-01
 -0.443992144179D-02  0.218981071657D-03 -0.180588263634D-02 -0.457154558472D-02
  0.108469064260D-03  0.196489115969D-02 -0.264235961818D-02 -0.264510073666D-03
  0.659930907145D-04  0.319068046681D-02  0.713926743132D-03  0.139793362349D-02
  0.302235542494D-02 -0.817003026008D-03 -0.177434979316D-02 -0.776958593538D-02
  0.197591995471D-03 -0.210479480955D-02 -0.333770521881D-01  0.840701274461D-04
  0.184888573466D-02 -0.362658785275D-01 -0.198708582351D-03  0.294595287534D-03
 -0.220864134368D-02  0.653931715108D-03  0.154262411133D-02 -0.328254734721D-01
 -0.331539263952D-03 -0.150363832028D-02 -0.333649455559D-01  0.185288433112D-03
  0.522905223328D-03  0.122431770666D-02 -0.465866986204D-03 -0.318357671942D-03
  0.160053631373D-02 -0.130626623051D-02 -0.229989905179D-03  0.878527814045D-04
  0.795959299403D-01 -0.291911023931D-02 -0.242683217169D-02  0.705882117274D-05
 -0.366228590118D-02  0.169915231671D-01  0.744474262814D-03 -0.377259186877D-03
 -0.332293217707D-02  0.628958301426D-04  0.383163811943D-03  0.455437846145D-02
  0.432594938741D-02 -0.613027113503D-04  0.223880614329D-02 -0.801435267999D-02
 -0.338522697053D-03  0.323162052543D-02 -0.199605633371D-02 -0.791139177710D-03
  0.116867083711D-02 -0.129473317174D-01 -0.391761835607D-03 -0.446728176127D-02
 -0.200161526884D-01  0.427322739819D-03  0.491800408176D-02  0.149057112853D-01
  0.321301021388D-04  0.234288237658D-02 -0.402421452678D-01 -0.397439249634D-03
  0.249898125631D-02 -0.229726432739D-01 -0.524904506580D-03  0.103054145775D-02
  0.137206303454D-01  0.156647331980D-02  0.177953179245D-02 -0.160591212109D-02
  0.106208650645D-02  0.158766724828D-03 -0.152226954371D-02 -0.346559326211D-03
  0.660320812483D-03 -0.619568958837D-04  0.846851047683D-02  0.909674882985D-01
 -0.122249424214D-02 -0.245887947515D-02  0.687596060667D-03  0.311599958285D-02
  0.131507337345D-01  0.191062795089D-02  0.584332691569D-03 -0.248060240941D-02
  0.311108382412D-02 -0.626561247331D-03  0.146892479027D-02 -0.105348695983D-03
 -0.579724378985D-03 -0.747482695784D-03 -0.224400214636D-02  0.105901926863D-02
  0.161991957137D-02  0.282809941347D-02 -0.642834484980D-03 -0.767019999599D-03
 -0.755518107808D-02  0.547642009779D-03 -0.245631651463D-02 -0.381569915892D-01
 -0.635325318266D-03  0.147598448404D-02 -0.407120398984D-01 -0.617877844035D-03
 -0.521633673233D-03  0.360502553788D-01  0.104546979755D-02  0.162401784639D-02
  0.333491484698D-01 -0.116395171102D-02 -0.124055839237D-03  0.390637064780D-01
 -0.744080196389D-03 -0.593962074926D-03  0.291182513954D-02 -0.159812517294D-02
 -0.855594909064D-03  0.188105714700D-02 -0.118266567971D-02 -0.166694239655D-02
 -0.327591096562D-03  0.685422208481D-02  0.129739056121D-02  0.949121600131D-01
 -0.945267315892D-03 -0.717110047831D-03  0.193013159503D-03  0.221662433723D-02
  0.232212801101D-01  0.133175120145D-02  0.241605128664D-03 -0.190554670304D-03
 -0.328775936272D-02  0.460150777909D-04  0.779665370839D-05 -0.278610601957D-02
 -0.252245891847D-03  0.460326478426D-03  0.208914207301D-02  0.229270301477D-03
 -0.107429445389D-03  0.471627977100D-02 -0.419463457904D-03  0.299626486728D-03
 -0.575279018269D-02  0.244970070337D-03 -0.233581308194D-03 -0.815235135515D-03
  0.220778033927D-04  0.113666327629D-03 -0.410926307171D-02 -0.228320520592D-03
  0.519220372190D-03  0.108441414399D-03  0.198904089032D-03 -0.192576494277D-03
 -0.242273812945D-02 -0.496791314163D-03  0.415045309547D-03  0.674523560682D-02
  0.101176844488D-02 -0.125130019593D-02  0.122014007491D-02 -0.493930011740D-03
 -0.338325399948D-03  0.486586160281D-03 -0.212808680633D-02  0.121995676912D-02
 -0.560622353402D-03  0.444145582947D-02  0.643479897803D-02  0.518356159309D-02
  0.145419863106D-01 -0.122165410776D-01 -0.111180663392D-01 -0.150409406808D-02
  0.370233677279D-01  0.144513815060D-01  0.180429321564D-02 -0.216370901052D-02
 -0.437360749122D-02 -0.204904957331D-02 -0.440158145299D-03 -0.506521379891D-02
  0.342898954760D-02 -0.132111213579D-02 -0.179015327665D-02  0.162968671581D-02
 -0.200539804532D-02 -0.328897622759D-03  0.250488091505D-02 -0.422364318723D-02
 -0.500618962001D-02  0.314313910307D-02 -0.220978183532D-02 -0.419317928471D-02
  0.728503312657D-02 -0.325219193782D-03 -0.472751541223D-02 -0.215315096426D-02
 -0.127241756266D-02 -0.224670526607D-02  0.146827078131D-02 -0.197452488018D-02
 -0.624595755369D-03 -0.422764115254D-03 -0.417042248129D-02 -0.512833805272D-02
  0.569721692443D-02  0.685377007788D-02  0.109876239820D-02 -0.494753015017D-02
 -0.841251765996D-03 -0.146396620743D-02 -0.432406904851D-02  0.402580495034D-03
  0.701516910450D-02 -0.277255251615D-04 -0.401052701943D-02 -0.730705013727D-02
 -0.280428138029D-02 -0.122678761432D-02  0.380181968181D+00 -0.416730643625D-02
 -0.440181557511D-02  0.130135676818D-03 -0.392444753733D-02  0.169314868239D-01
 -0.521827696701D-03 -0.848545547408D-03 -0.799630009896D-02 -0.417835670967D-02
  0.803977106449D-03  0.926677713763D-02  0.349830866937D-02  0.225660902852D-03
  0.206395262079D-02 -0.850143197933D-02 -0.632915375963D-03  0.724811147305D-02
 -0.705026732913D-03 -0.129371582486D-03 -0.121470756080D-02 -0.177061698496D-01
 -0.849806737752D-03 -0.957890028849D-02 -0.326310232202D-01  0.930804359171D-03
  0.957607844267D-02 -0.121582122622D-01  0.307668907795D-03  0.239625899683D-02
 -0.741378717259D-02 -0.702879770062D-03  0.647666149823D-02 -0.227751992518D-02
 -0.489756297800D-03 -0.124058728737D-02  0.126252681157D-01  0.188161984873D-02
  0.390702248582D-02 -0.397541229369D-02  0.263148136883D-02  0.167363117977D-02
 -0.304767115751D-02  0.129089209136D-02 -0.485509962509D-03  0.346203560873D-04
  0.185961510772D-01  0.565425650852D-01  0.440393184062D-01  0.852808451874D-02
 -0.999774365878D-02  0.159497505724D+00  0.363310275186D-03 -0.908613909343D-03
  0.102951605645D-02  0.207635689071D-02  0.350357463557D-02 -0.140877442570D-02
 -0.251418877141D-02  0.134379610829D-02 -0.283754407403D-03 -0.641736151925D-02
 -0.475880029902D-04  0.142667974278D-02 -0.644585024138D-03  0.116030389454D-02
 -0.110036674438D-02 -0.307820315053D-02 -0.154046970239D-02 -0.721108833663D-03
 -0.523184396539D-02  0.992124946494D-03 -0.651167935370D-03 -0.252880681591D-02
  0.143809511178D-02  0.846014322080D-03 -0.652529323020D-02 -0.595447513956D-04
 -0.288971338707D-03 -0.671201790607D-03  0.127964847543D-02 -0.174090286545D-02
 -0.305869094307D-02 -0.158846665490D-02 -0.137408903602D-02 -0.509100761586D-02
  0.119117070906D-02  0.841871780760D-03 -0.115438570694D-01 -0.696539928495D-03
 -0.572643849999D-02 -0.131076019673D-01  0.127264115068D-03 -0.609146967735D-02
 -0.464726842609D-02 -0.154352670740D-02 -0.346003317853D-03 -0.141235819087D-03
  0.129910115937D-02 -0.118862157060D-02  0.177750910341D-03  0.543567676623D-02
  0.201683257349D-02  0.600127336644D+00  0.208055484160D-02  0.187531897243D-02
  0.975610824680D-03  0.547003133815D-03  0.205738373501D-02 -0.866173029280D-03
  0.967563719453D-03  0.679623978914D-02  0.272712051025D-02 -0.752499838187D-04
 -0.709241276147D-02  0.207415830007D-03 -0.191851840000D-03  0.157590406393D-03
  0.107884046985D-02  0.609286838507D-03 -0.664267571376D-02 -0.149041047628D-03
  0.442074521646D-03  0.572284518690D-02 -0.454082819122D-03  0.921098648907D-03
  0.687859586813D-02 -0.566426804654D-03 -0.121853413533D-03 -0.656639280055D-02
  0.595746881127D-03 -0.235521922696D-03  0.146250929940D-03 -0.105933022606D-02
  0.624056929512D-03 -0.709465228947D-02 -0.413870513087D-03  0.687116668302D-03
  0.629461166450D-02 -0.132537118024D-03 -0.217403834499D-03 -0.377995669214D-02
  0.308803602167D-02  0.120762899461D-03 -0.233135693334D-02  0.345942268439D-02
 -0.150476135744D-02  0.121930267701D-02 -0.876975525231D-03 -0.480610758529D-03
  0.369020274419D-03 -0.106871587086D-02 -0.165347953157D-02  0.222159400299D-02
  0.195258113299D-02 -0.798117894866D-03  0.618597762269D+00 -0.120693970517D-02
 -0.116448121872D-03 -0.124577086172D-02 -0.218506032857D-02  0.687505123595D-03
 -0.335723153699D-03 -0.445766338519D-02 -0.812529238539D-03 -0.814480483190D-04
 -0.303917741295D-02  0.628474476052D-03 -0.132113428677D-02  0.662752847855D-03
 -0.176664057972D-04  0.135673942023D-02 -0.561135540474D-02  0.513558196910D-03
  0.182375434181D-02 -0.204514311049D-02 -0.815197876188D-03  0.114498022443D-02
 -0.441227546596D-02 -0.795087748528D-03 -0.141703866369D-02 -0.293269159183D-02
  0.362213703938D-03 -0.120317697118D-02  0.687497628046D-03 -0.557317846815D-04
  0.152516105091D-02 -0.559554518887D-02  0.808116342887D-03  0.311612901772D-03
 -0.215038233086D-02 -0.134406600415D-02  0.677349424767D-03 -0.640750712225D-02
  0.218312879365D-02 -0.114544387393D-01 -0.454190500670D-02  0.255702447848D-02
 -0.115943229459D-01 -0.111625271212D-02 -0.133351404335D-03 -0.148975840846D-03
  0.106264983879D-02 -0.143209726709D-02  0.207970547805D-02  0.747383972812D-03
 -0.397736617762D-02 -0.375095161754D-02 -0.620865795153D-02  0.243528547710D-02
  0.606415605194D+00 -0.216158507254D-02 -0.258133153598D-02 -0.629846076336D-03
  0.136875959005D-02  0.171175198845D-02  0.293680381609D-03 -0.251756318536D-02
 -0.252638029257D-02 -0.464233888233D-03 -0.728376877289D-02  0.433311214491D-02
  0.402718145880D-03 -0.105428463319D-02  0.231137575591D-02 -0.873548722200D-03
 -0.268760713855D-02  0.205688247373D-02 -0.155228339479D-02 -0.604878468390D-02
 -0.243523855471D-02 -0.883337900014D-03 -0.252737904533D-02 -0.267927155410D-02
  0.836211465847D-03 -0.733105780321D-02  0.407175312946D-02  0.251759362241D-04
 -0.985904775215D-03  0.231715061990D-02 -0.118348579647D-02 -0.270705237882D-02
  0.216683442197D-02 -0.479718064857D-03 -0.632835344837D-02 -0.287187444397D-02
 -0.359256592996D-04 -0.129158109373D-01  0.726319874934D-03 -0.523909611986D-02
 -0.154926295381D-01  0.420100019948D-03 -0.674815530310D-02 -0.477311352776D-02
 -0.359513819999D-02  0.161380653803D-04 -0.499653962556D-03  0.780867515361D-03
 -0.109601180883D-02 -0.225119993974D-03 -0.116457824476D-02  0.227550963888D-02
 -0.130422947597D-01  0.359882533109D-03 -0.487184532569D-02  0.577393972925D+00
 -0.262789636950D-03 -0.537484055835D-03  0.659844233182D-03  0.424485846333D-02
 -0.174420296973D-02  0.107753636418D-03  0.960761884663D-03  0.568111158285D-02
 -0.695111928711D-03 -0.481091103534D-04 -0.654809207706D-02 -0.523152690585D-03
 -0.371427312191D-03  0.215856335513D-04 -0.145744683636D-03  0.996243751906D-03
 -0.606043957406D-02 -0.123246102574D-02 -0.389779758026D-04  0.354437344712D-02
 -0.182377251052D-02  0.942066031939D-03  0.566906069161D-02 -0.287643657807D-03
 -0.596161917686D-04 -0.628711483502D-02 -0.864168782556D-04 -0.383286289788D-03
  0.123537507793D-03 -0.802016244038D-04  0.965547832275D-03 -0.623856737691D-02
  0.447752537628D-03  0.305048367308D-04  0.411711856066D-02 -0.143104740921D-02
  0.920444075531D-03 -0.192960166219D-02  0.284126231609D-02  0.519323575329D-04
 -0.235878698027D-02  0.294029600008D-02  0.117296570899D-02  0.130282954210D-03
 -0.257744209517D-03  0.598082482609D-03  0.140889477607D-02  0.266164317735D-03
  0.122835504356D-03 -0.245752209762D-02  0.403585968409D-02  0.273137044331D-03
 -0.217524455178D-02  0.233757259415D-02  0.309409498412D-03  0.631869916372D+00
 -0.221764752176D-02 -0.240697806244D-02 -0.131337387972D-03 -0.925707472905D-03
 -0.503361715342D-03 -0.547684368029D-03 -0.493578510816D-02 -0.546451014997D-02
 -0.117383391800D-02 -0.372292886076D-02  0.605142527928D-02 -0.787206989815D-03
  0.580755066232D-03  0.267959467489D-03  0.120616145464D-02 -0.580674256828D-02
  0.511608551821D-02  0.225723703907D-02 -0.331476871996D-02 -0.536109574344D-02
 -0.340844411295D-03 -0.486430360077D-02 -0.539458352637D-02 -0.327018737126D-03
 -0.367345534301D-02  0.544183719511D-02 -0.195778227394D-02  0.561326597414D-03
  0.479240852954D-03  0.307490438988D-02 -0.577906401422D-02  0.567365214441D-02
  0.634507947905D-03 -0.329170611487D-02 -0.573080185513D-02 -0.786337598224D-03
 -0.738515224407D-02  0.434060830728D-02 -0.128316331371D-01 -0.640683977971D-02
  0.354651538702D-02 -0.135426997853D-01 -0.104198313046D-02 -0.150987483892D-02
  0.425614912998D-03  0.149620634462D-02 -0.149154321730D-02  0.304049182530D-02
  0.122754666037D-02 -0.459171264626D-02 -0.276210581393D-02 -0.595736037359D-02
  0.425529165034D-02 -0.124897721440D-01 -0.687964334496D-02  0.370844630076D-02
  0.595131629073D+00  0.162305089438D-02  0.240769671529D-02 -0.774398282048D-03
 -0.376324380862D-02  0.328736436381D-02  0.216219830591D-03 -0.558185850260D-03
 -0.404489243566D-02  0.208717427514D-02 -0.172798843516D-02  0.578623589207D-02
 -0.350840862430D-03 -0.843656332122D-04  0.918635767124D-03 -0.462982533635D-04
 -0.114020973891D-02  0.442209749367D-02  0.741438141732D-03 -0.843058669457D-03
 -0.218983761413D-02  0.102515387461D-04 -0.571386068978D-03 -0.401292782570D-02
  0.310301985983D-03 -0.171746863690D-02  0.558491503093D-02  0.670902552584D-03
 -0.236947676741D-04  0.946497059227D-03 -0.105567900893D-02 -0.114973919291D-02
  0.446072033664D-02 -0.458585030736D-03 -0.102264021921D-02 -0.236531976522D-02
  0.853568152686D-03 -0.469653758838D-02 -0.126672214663D-02 -0.122997744355D-02
 -0.433197426187D-02  0.111010645537D-02 -0.196716114409D-02 -0.685554090896D-02
  0.731066332825D-04 -0.146228354005D-02 -0.138860034399D-02 -0.152230221255D-03
 -0.119526540672D-02 -0.179095309884D-02  0.207216627717D-02  0.114081039708D-02
 -0.530584024541D-02 -0.148886550719D-02 -0.920611441659D-03 -0.424646701827D-02
  0.125008987554D-02 -0.206830128788D-02  0.425803498177D+00 -0.853871817948D-03
 -0.252765907928D-02  0.975970805722D-03  0.272355258128D-02  0.365612250128D-03
 -0.501860542708D-03 -0.140847882402D-03 -0.317726330195D-02 -0.415998353906D-02
 -0.151451034930D-02  0.410442109455D-02  0.911773103848D-03 -0.309408578745D-03
  0.649900232841D-04 -0.193852002673D-02  0.349878616418D-03  0.315131675711D-02
  0.129498626025D-03 -0.208515910756D-02 -0.367214828750D-02 -0.123950965211D-02
 -0.113998018662D-03 -0.309644763934D-02  0.173424939086D-02 -0.160783416737D-02
  0.375865765893D-02 -0.118484825504D-02 -0.351990411316D-03  0.310938081942D-03
 -0.535284948132D-03  0.362536678248D-03  0.347298262512D-02 -0.142856920211D-02
 -0.203250014448D-02 -0.352343625535D-02  0.655330262762D-03 -0.215254110537D-02
  0.223551519737D-02 -0.959677971963D-03 -0.393398461471D-02  0.832202072135D-03
 -0.108345118223D-02  0.932217375873D-03 -0.176004350040D-02  0.661767932186D-03
  0.551863853130D-03  0.135820388981D-02 -0.296524185415D-04  0.186310062612D-02
  0.472014724424D-02  0.892939518431D-03 -0.583249974976D-03  0.207426427899D-02
 -0.123437667159D-02 -0.406540599959D-02  0.896182907545D-03 -0.156031674508D-02
 -0.300691948332D-03  0.432665149841D+00  0.687778193407D-03  0.107171080897D-02
 -0.206309001607D-03 -0.122624263936D-03  0.961966233536D-03  0.374609215650D-03
 -0.102597884770D-03  0.817567900529D-03  0.550491417260D-03 -0.232340380278D-04
 -0.925127306613D-03  0.304027340100D-03  0.130357050748D-03 -0.286089592628D-03
 -0.468947405500D-04 -0.370702137351D-03 -0.761050595821D-03  0.693261077229D-03
  0.307652236872D-03  0.529585459870D-03  0.182377761389D-03 -0.103182797400D-03
  0.905193428742D-03  0.456991915115D-04  0.918968674542D-06 -0.919775117726D-03
 -0.289073480559D-03  0.133383303076D-03 -0.258759475870D-03 -0.719578472541D-04
 -0.371258104806D-03 -0.742147788530D-03 -0.320335734039D-03  0.286288530478D-03
  0.654855151150D-03  0.466026960110D-03 -0.255104932330D-03 -0.897572172832D-03
 -0.340587452617D-03  0.324404548549D-03 -0.135700699841D-03 -0.322621860770D-04
 -0.137417201393D-02  0.393739634053D-03 -0.500578896333D-03 -0.766234326662D-04
 -0.217359168661D-03  0.186780311523D-04 -0.337145149301D-03  0.530675888828D-03
 -0.455239245302D-04 -0.453968008942D-03 -0.778267811376D-03 -0.267215599472D-03
  0.325827356200D-03 -0.150521522285D-03 -0.953756744385D-04 -0.114542496873D-02
  0.261788238016D-03  0.432202476809D+00 -0.133151658320D-02  0.745695366550D-03
 -0.767628811347D-03  0.162187039201D-02  0.617435097106D-02 -0.310643702561D-02
 -0.620849277403D-04 -0.159270503385D-02 -0.305149281548D-01  0.497394287753D-03
  0.173489537202D-02 -0.282547517086D-01  0.579073572877D-04  0.151155408069D-03
  0.499001955985D-03 -0.314672606292D-04  0.104629809110D-02 -0.319069321600D-01
  0.745014948754D-05 -0.115284216201D-02 -0.316680584382D-01 -0.742754470395D-04
 -0.192097576078D-02 -0.219836323801D-02  0.551928846273D-03  0.160355370692D-02
 -0.189464478288D-02  0.138296511462D-03  0.305880890046D-03 -0.224472936877D-02
 -0.609833126065D-04  0.121094870334D-02  0.569387636354D-03  0.104976649874D-02
 -0.108462651227D-02 -0.468812374818D-02  0.610551258410D-03 -0.102381671768D-03
 -0.382735882635D-03  0.134586388144D-02  0.866666882646D-03  0.562161365119D-03
 -0.697911966213D-03  0.116695982489D-02 -0.354604831568D-03  0.462991403463D-02
  0.257360294385D-02 -0.847873251998D-04  0.129148053386D-02 -0.296852100054D-02
  0.727336871293D-02 -0.265576647918D-04 -0.825624760405D-03 -0.201501372203D-03
  0.105860473108D-02  0.142479480974D-02 -0.278079407430D-05 -0.638933508795D-03
  0.112073511556D-02 -0.747475276618D-03  0.727139577004D-01 -0.140143851892D-04
 -0.280851320354D-04  0.322821295504D-03 -0.718661040403D-02  0.190722056874D-01
  0.700109001222D-02 -0.598798319753D-03  0.257565011055D-02 -0.243350851781D-01
  0.607841185419D-03  0.728822892333D-03  0.156310706536D-01  0.253159324483D-03
  0.342382577371D-02 -0.374259881470D-01 -0.114931370839D-02 -0.132677176850D-02
 -0.124280516620D-01  0.214887234048D-03  0.429739588024D-02  0.188766557458D-01
 -0.622950645647D-03  0.142251249306D-02  0.328662392987D-02  0.701237052717D-03
  0.111807380276D-02 -0.238110575041D-03  0.334115140880D-03  0.348763433120D-02
 -0.404967584530D-02 -0.126344647099D-02 -0.217451778601D-02 -0.270507231827D-02
  0.421671289770D-03  0.408941026294D-02  0.294899166286D-02  0.259177789323D-02
  0.907211684248D-03 -0.335676294760D-02  0.200110015812D-02 -0.498214661845D-03
 -0.264490517651D-02 -0.243048948315D-03  0.282992837765D-02  0.429365004016D-05
 -0.200186062449D-02  0.901947717645D-02  0.199916743392D-02  0.114459846507D-02
 -0.159587594312D-02  0.111701764227D-01  0.206129978699D-02 -0.810206951175D-03
 -0.284575602621D-02  0.163468476675D-02  0.686905275666D-03 -0.224804479106D-02
  0.544226778550D-04  0.297882031901D-02 -0.133577989050D-03  0.412873049763D-03
  0.902384869565D-01 -0.715489857041D-03 -0.222178568725D-03 -0.128539305270D-03
  0.211590896018D-02  0.180401472702D-01  0.289214783376D-02  0.776440918311D-03
 -0.632161091530D-03 -0.401010467651D-01 -0.193815149506D-03  0.455389626563D-03
 -0.389164320334D-01 -0.257131309648D-03 -0.157566130387D-03  0.327954762274D-01
  0.617784825899D-03  0.146590132852D-03  0.392683620973D-01 -0.360281834687D-03
 -0.186135602739D-03  0.434273239587D-01  0.757077009368D-03 -0.607804985731D-03
 -0.983025432411D-03 -0.123553425495D-03  0.316164185000D-03  0.284822891100D-03
 -0.254193909824D-03 -0.367473866394D-04  0.376076245145D-03  0.562337639171D-03
  0.325198138777D-03  0.627855875325D-03 -0.247051889485D-04  0.938105845946D-04
 -0.142694838157D-02  0.144541739557D-03 -0.734334848273D-03  0.156757106763D-02
 -0.113314103279D-02 -0.106219722356D-02  0.105038473112D-02 -0.118474511419D-02
  0.657129623008D-03 -0.428481903083D-03  0.186967831097D-02 -0.542041241762D-02
  0.651444561736D-03  0.465867178426D-02  0.505868344893D-03 -0.558402025241D-02
 -0.926000398112D-03 -0.125442908650D-02  0.135511794853D-02 -0.734614759903D-03
 -0.291894704810D-03  0.170262431612D-02 -0.842806719098D-03  0.107372595105D-02
 -0.323981144424D-03  0.961731853962D-04  0.942151215592D-02  0.998862046551D-01
  0.246121135255D-03  0.111176987445D-02 -0.148231967514D-02 -0.189392569357D-02
 -0.111328013232D-01  0.846451973720D-02  0.368943014891D-03  0.482936267348D-03
  0.361198334093D-02 -0.307848466596D-03 -0.526908302999D-03 -0.214643151424D-03
 -0.207626791907D-04  0.591507419598D-03 -0.338903484614D-02 -0.411891927287D-04
 -0.383726220649D-03 -0.293366825905D-02  0.241347575143D-03  0.148819803577D-02
  0.150848376685D-01  0.314570824144D-03  0.552011904980D-03  0.388112466058D-02
 -0.204728468963D-03 -0.159631749413D-03  0.216910043038D-02 -0.231263098381D-04
  0.209751899298D-03  0.146018968047D-02  0.324128193574D-04 -0.738010416290D-03
  0.118922016408D-02  0.222960609842D-03  0.904397093724D-03 -0.900220324351D-04
 -0.603544097128D-03 -0.143295212109D-02  0.217760531438D-03 -0.489332438146D-04
 -0.126238245923D-03  0.703507684525D-03 -0.851758003703D-03  0.378047595754D-04
 -0.558899289862D-03 -0.512962842753D-02 -0.452052163168D-02 -0.249365093133D-02
 -0.694906728032D-02  0.223201652531D-02 -0.451379445952D-02 -0.671205442601D-03
  0.610319874567D-04  0.144979652054D-02 -0.559360190853D-03 -0.133889186117D-02
 -0.189977183962D-03 -0.413155745532D-04 -0.243621131103D-02 -0.319607143364D-03
 -0.126044010910D-02 -0.175396180002D-02 -0.270221367657D-02  0.183231277203D-01
 -0.104458432348D-01 -0.149072529782D-01  0.605070929147D-02  0.409971603691D-01
 -0.151988308722D-02 -0.738772390462D-02 -0.158367411648D-02 -0.276427498521D-02
 -0.602934192781D-02 -0.693318404911D-03 -0.669447734752D-02  0.113780157135D-02
 -0.157838664273D-02 -0.207540459990D-02 -0.213338172731D-02 -0.480090279602D-03
 -0.257490046847D-02  0.661796660845D-03 -0.577471924752D-02 -0.488518618073D-02
 -0.730491178956D-02 -0.157099160659D-02 -0.240674180136D-02  0.349383415936D-02
 -0.934336878060D-03 -0.654696125624D-02 -0.364483051065D-02 -0.177047700020D-02
 -0.130171766591D-02  0.131245449330D-03 -0.501984100965D-03 -0.274186887496D-02
 -0.200706820785D-02 -0.489962302284D-02 -0.243891226041D-02 -0.202057654489D-02
  0.554484887619D-02  0.204856877192D-02 -0.474624760722D-03 -0.309525713157D-02
 -0.360792588182D-02 -0.258317589948D-02  0.364245022272D-02  0.313561478894D-02
  0.137839249988D-02  0.220104362016D-02  0.240208907428D-02  0.279426581156D-03
 -0.237042110857D-02 -0.382516390747D-01  0.859956803356D-02  0.603628830580D-02
  0.253670234584D-03 -0.425827539715D-02 -0.201500933832D-02 -0.826410730825D-03
  0.359950080826D-03  0.337347266455D-03  0.100632958905D-01  0.620333954333D-03
  0.279824844094D-02  0.717782210398D-02  0.193250853569D-02 -0.395720186257D-02
  0.386901000886D+00 -0.147012766411D-02 -0.232281380040D-02  0.488254029069D-03
 -0.769856851363D-02  0.457882103167D-01  0.585929415619D-02 -0.480941467501D-03
  0.864903540619D-03 -0.387344014238D-01  0.166066592054D-03  0.275886452049D-02
 -0.733796873362D-02  0.113000062795D-03  0.378627196092D-02 -0.473818706268D-02
 -0.547881724361D-03 -0.792330588287D-04  0.124224568873D-01 -0.298885867953D-03
  0.294849462093D-02  0.227802620549D-01 -0.477838403530D-03 -0.667221574228D-03
 -0.231868943013D-02  0.247688406274D-03  0.296197209052D-02 -0.307941347101D-02
  0.192889777115D-03  0.404349464958D-02 -0.342012213867D-02 -0.714194618366D-03
 -0.739465483741D-03 -0.265838795977D-02 -0.591032697375D-03  0.276366806885D-02
  0.809335187583D-02  0.181247334547D-02  0.287057391363D-02 -0.304713186514D-02
  0.432090201099D-03 -0.489946282029D-03 -0.299083040212D-02  0.195899279034D-02
  0.841516390601D-03  0.516122886226D-03  0.318527874117D-02  0.139238689150D-01
  0.734485742805D-02  0.115335148835D-01 -0.385447855799D-02  0.167522118493D-01
  0.128094711124D-02  0.417462250594D-03 -0.269060726821D-02  0.312084928786D-03
  0.146472290728D-02 -0.205142126839D-02  0.207593329936D-02  0.169205160915D-02
  0.585369515152D-03  0.901160463768D-03  0.632896477306D-01  0.563045272750D-01
 -0.141842597091D-01  0.103552978593D-01  0.181294543785D+00 -0.242099647845D-02
 -0.164029264964D-02 -0.511758812712D-03  0.107485660168D-01 -0.139707364726D-03
  0.966933793909D-03  0.201285740543D-03  0.221275677106D-02  0.241980031774D-04
  0.822415416568D-04 -0.445844705106D-02  0.118340761965D-02 -0.524877509814D-03
 -0.349181422371D-03 -0.304207165726D-03  0.783553044655D-04 -0.332221827520D-02
 -0.802345017976D-03 -0.599914110943D-03  0.897345864999D-03 -0.165163573576D-04
  0.172868487747D-03  0.224834689832D-02  0.656670513871D-03  0.132493665249D-03
 -0.430348516746D-02  0.284274136778D-03 -0.480207928233D-03 -0.410193922486D-03
 -0.118913473835D-02  0.464945256282D-04 -0.342681924872D-02 -0.394427308489D-04
 -0.550348227725D-03  0.115351807672D-02 -0.281530572340D-04  0.258624211510D-02
 -0.161385923611D-02  0.753331724342D-03  0.316142661906D-03 -0.167034616488D-02
  0.104547304674D-02 -0.852189183377D-03  0.272606387100D-02 -0.626830982536D-03
 -0.394209508827D-03  0.939836433928D-03 -0.127696271996D-02 -0.559394524653D-03
 -0.743796291940D-02  0.215087108429D-02  0.123395632974D-02 -0.163157279120D-02
  0.853495460348D-03  0.437218556625D-03 -0.167745078343D-02  0.150927081318D-02
  0.124307114664D-03  0.224972446847D-02 -0.267449897864D-03 -0.475288403466D-03
  0.122481250262D-02 -0.661025163690D-03 -0.644043283059D-03 -0.885061967567D-02
  0.231247257210D-02  0.348718125241D+00 -0.685332568971D-02  0.638396500424D-02
 -0.159649564124D-01  0.375097091853D-01  0.337924884412D-01  0.187150069389D-01
 -0.930150091298D-03 -0.286891870353D-02 -0.142533964325D-01  0.133275006295D-02
  0.283085464710D-02  0.122862423295D-01 -0.955315729152D-03 -0.249400312006D-02
  0.174768816187D-02 -0.331553407055D-02  0.396905380559D-02 -0.397513727369D-02
 -0.756852947789D-03  0.451053577026D-02  0.530510850028D-02 -0.118145627428D-02
 -0.433658721655D-02  0.882867770006D-02  0.226210184739D-02  0.291174240661D-02
 -0.607713141880D-02 -0.430645324012D-04 -0.491842910838D-02 -0.842705744160D-02
 -0.365571480168D-02  0.371139616828D-02 -0.955542198901D-03 -0.136936500963D-02
  0.290663094494D-03  0.333681864584D-02  0.220557824641D-01 -0.659751569620D-02
 -0.163619646489D-01  0.529200371982D-02  0.446456384771D-02 -0.226659714400D-02
 -0.229780490962D-01  0.381782005064D-01 -0.584573174821D-02 -0.385730339478D-03
  0.255707019576D-02 -0.573876606680D-02  0.955583314071D-03  0.559562844094D-01
  0.477500500588D-02  0.102384900777D-01 -0.590818129812D-02 -0.755301778364D-02
  0.337229531080D-02  0.513015316995D-03 -0.387397533279D-02 -0.105750790220D-01
  0.199730468943D-01 -0.207340850359D-02  0.841725187070D-03  0.624385158810D-02
  0.382206803608D-03  0.293210195185D-02  0.252045570417D-01  0.641267780483D-02
  0.130485866096D-01  0.761854697170D+00  0.754996872351D-03 -0.181811901589D-02
  0.403696512284D-02 -0.761334758798D-03 -0.224104696759D-01 -0.578578742778D-02
  0.274436654788D-02  0.106389233271D-01  0.787572026790D-02  0.123014629081D-02
 -0.102897055064D-01  0.354056888234D-02 -0.107273277316D-02  0.376720155637D-02
  0.330775973941D-02  0.302557430468D-02 -0.107951395511D-01 -0.846954349703D-02
  0.792918900745D-03  0.148933279483D-01 -0.139376566344D-01  0.263109721341D-02
  0.906805378111D-02  0.232122509313D-03  0.994762776609D-03 -0.839858828701D-02
  0.720465654927D-02 -0.107014404265D-02  0.369239551712D-02 -0.106029141319D-01
  0.294371799813D-02 -0.131714907080D-01 -0.779835888625D-02  0.828022408970D-03
  0.156986312371D-01 -0.108623173593D-01  0.476068018582D-02 -0.510514325582D-02
  0.858449176844D-02  0.188607374000D-02 -0.519512987470D-02  0.844585948184D-02
  0.603866705133D-03  0.436752672855D-02  0.104726511503D-04  0.101355641239D-02
  0.156091056528D-01 -0.955968004266D-02 -0.905286640518D-02 -0.650073843271D-02
  0.238287867396D-01  0.301333931189D-02 -0.739282470384D-02  0.649846064590D-02
  0.256354989123D-02 -0.301474108064D-02  0.120037331188D-01  0.942686220688D-03
  0.834196052520D-02  0.492846238123D-03  0.651920994666D-02 -0.523625099231D-03
 -0.826391781023D-02  0.254544554382D-02 -0.256636570705D-02 -0.111739374121D-01
 -0.261628263744D-02 -0.390164563050D-02  0.452958158781D+00 -0.151395604862D-02
 -0.323757867882D-02  0.266763379293D-02  0.115686500482D-01 -0.148083303923D-02
 -0.162978097464D-02  0.233793233031D-03  0.298938383027D-02  0.436043489502D-03
 -0.641385834692D-04 -0.549186034098D-02  0.102671881011D-02 -0.463682335147D-03
 -0.573665654273D-03 -0.544614072447D-03  0.307157520887D-03 -0.425673471152D-02
  0.215667497335D-05 -0.128192175545D-02  0.425694194919D-03 -0.117085037139D-02
  0.225824783617D-03  0.334836373147D-02  0.853312857290D-03 -0.170238259837D-03
 -0.528802087779D-02  0.517264679631D-03 -0.586930554265D-03 -0.247418182422D-03
 -0.299368309228D-03  0.337999327369D-03 -0.437663696726D-02 -0.127339883409D-03
 -0.758620988494D-03  0.159264878073D-02 -0.423026947601D-03  0.136641577711D-02
 -0.116405670841D-02  0.169849111325D-02 -0.246883234903D-03 -0.226034466650D-02
  0.120694215077D-02  0.116003337827D-02  0.509669447619D-03 -0.758130641743D-04
 -0.461376567928D-03  0.739284081244D-03 -0.921807744783D-03 -0.538631326653D-03
 -0.916732434659D-02  0.189265895385D-02  0.206536822591D-02 -0.118548708207D-02
  0.297980524416D-03 -0.254421021886D-04 -0.159419002644D-02  0.194868178495D-02
 -0.387852935957D-03  0.305480696200D-02 -0.504263948010D-03 -0.778826155309D-03
  0.120349304311D-02 -0.641724599821D-03 -0.162873437960D-02 -0.460681434966D-02
  0.221884962053D-02 -0.366946009982D-02  0.339192963748D-03 -0.112307146693D-02
  0.349626738509D+00  0.447106343285D-02 -0.169789943665D-01  0.270746495040D-01
  0.405141037844D-01 -0.312241105409D-02 -0.232435165715D-01 -0.145488166938D-02
 -0.284145132477D-02 -0.138842694701D-01 -0.600865094516D-03  0.312415020910D-02
  0.538062156721D-02  0.178608480525D-03 -0.511506794531D-02 -0.648281981977D-02
 -0.462662843521D-03  0.221273458271D-02  0.955693547714D-02 -0.100085085687D-01
 -0.968557131372D-02 -0.191244744065D-01 -0.124184087034D-02 -0.665297217898D-03
  0.814645254360D-02 -0.183941840687D-02  0.247503107578D-02 -0.901617815923D-02
 -0.103487109671D-02 -0.115781455963D-02  0.519586752455D-02 -0.153787004841D-03
  0.286604778415D-02 -0.423167892012D-02 -0.548027484341D-02 -0.127187471072D-02
 -0.296535567426D-02  0.451037096354D-02  0.583647124357D-02 -0.597202642165D-02
 -0.369915093497D-02 -0.519330977609D-03 -0.540603640651D-02  0.509331267531D-02
  0.346810985956D-02  0.259296631374D-02  0.628982592382D-02  0.946509560339D-02
  0.791981679716D-02  0.671887005628D-02  0.299949248243D-01  0.175529501081D-01
  0.205333103268D-01  0.252588823730D-02 -0.188315010784D-01 -0.305722669366D-02
  0.746262174060D-02 -0.244417423526D-02 -0.165070504513D-01  0.302445869613D-01
 -0.436949759858D-02  0.180264407175D-03  0.114279363013D-01  0.416125706659D-02
 -0.225471672843D-01  0.998412730203D-01  0.169565669830D-01  0.637051748562D-02
  0.105766147018D+00  0.389563173559D-01  0.277918087822D-01  0.873976833235D+00
  0.606831432989D-02  0.684808613814D-02 -0.742015553672D-03  0.105915337597D-01
 -0.302451463239D-01  0.248321257122D-02  0.386310847683D-03 -0.105788070791D-01
  0.245865230422D-02  0.106213406127D-02  0.562512218812D-02 -0.253033815062D-02
  0.963630556652D-03 -0.868776755335D-02 -0.295949076092D-02 -0.676899246640D-03
  0.920710542543D-02 -0.626478164461D-02  0.182576634207D-02 -0.145785505931D-01
  0.126471212762D-01  0.460664409233D-03 -0.749832549392D-02  0.791724419870D-02
  0.108153283900D-02  0.390282583320D-02  0.424034450227D-02  0.777855444468D-03
 -0.824823683536D-02 -0.562706308925D-02 -0.508481839106D-03  0.117081551044D-01
 -0.291440654467D-02  0.242398175563D-02 -0.130840675374D-01 -0.592827327786D-02
 -0.207631730018D-02 -0.783223000864D-03  0.215143589402D-03  0.164128954456D-02
  0.388201338493D-02  0.227182059032D-03 -0.450116575363D-02 -0.357860056899D-02
 -0.247056948031D-02 -0.726217157014D-02  0.278854543438D-02 -0.105025863217D-01
 -0.148433010402D-01  0.979537541293D-02  0.156238022744D-01  0.574010608494D-03
  0.314372845462D-02  0.338973115813D-03  0.121080119441D-02  0.167223062772D-02
 -0.291393599869D-02 -0.628695943848D-02 -0.450758119833D-02 -0.335448905912D-02
  0.498316065570D-02 -0.613416754154D-02 -0.555249172383D-02  0.211552331907D-01
  0.639774186262D-02 -0.153285189989D-01 -0.957620331433D-03 -0.606985139131D-02
  0.516907842044D-01 -0.746429209438D-03 -0.207293038399D-01  0.400566473049D+00
  0.135305926452D-01  0.117984942461D-01  0.293746066586D-02 -0.306113440433D-02
  0.910706163729D-02  0.349778912612D-02 -0.265948143409D-03 -0.142337240618D-02
 -0.164969712433D-02 -0.227067367877D-03  0.301260328692D-02 -0.202248786387D-02
  0.483566832321D-04  0.640057930199D-04  0.231328335311D-02  0.967811355126D-04
  0.188538001255D-02  0.192006953503D-02 -0.231464867327D-03 -0.468038447564D-03
 -0.303125047834D-02 -0.235968339665D-03 -0.115672966708D-02 -0.510310319402D-02
 -0.378049392893D-03  0.260367505947D-02 -0.691328229560D-03 -0.373838360738D-04
  0.544317281355D-03 -0.285956814415D-02  0.876176918552D-04  0.233810551502D-02
 -0.318496179274D-03  0.342966955770D-03 -0.366604701746D-03  0.266286996550D-02
 -0.888245173421D-03  0.156063399375D-02  0.784389794830D-04 -0.100872351541D-02
  0.436866888245D-03 -0.108810272227D-02  0.301042203740D-02 -0.109129131367D-02
  0.229464413818D-02  0.200821614954D-02  0.869327611792D-02  0.445910977836D-02
  0.417330989383D-02 -0.465624826713D-02  0.127660539722D-01  0.953277728216D-03
  0.562368527036D-03 -0.109735076130D-02 -0.108234830423D-02  0.153933042843D-02
 -0.885733014415D-03  0.581058967910D-03  0.163372938267D-02  0.152814997962D-02
  0.112284886656D-02  0.211447049009D-02  0.433594635184D-02 -0.558709142361D-02
  0.363455511629D-02  0.104133884215D-01 -0.180402715520D-02 -0.865283958500D-02
  0.832710390514D-02  0.521060879699D-03  0.248869921888D-01 -0.110365561834D-01
  0.242803665651D+00 -0.340906696600D-02 -0.369857604566D-02 -0.231391585790D-02
 -0.892911712815D-02 -0.241691178773D-01 -0.501354659013D-03 -0.161279856289D-02
 -0.195040323674D-01 -0.434230295776D-02 -0.288254410998D-03  0.257917713974D-01
 -0.389589929215D-02  0.250383978387D-03  0.247362121743D-02 -0.216405932920D-02
 -0.280541619253D-03  0.212917293971D-01  0.509128896543D-03 -0.152459233791D-02
 -0.182153797122D-01  0.507394663591D-02 -0.150982681465D-02 -0.195894961266D-01
 -0.906931354425D-03 -0.310044282080D-03  0.242761731571D-01  0.466779345329D-03
  0.333304669234D-03  0.237321677458D-02 -0.107726191506D-02 -0.223441043471D-03
  0.226317706750D-01  0.362161156973D-03 -0.198709982793D-02 -0.203651891844D-01
 -0.248248161344D-05 -0.174720834651D-02  0.962199907205D-02 -0.582615856869D-02
 -0.265719121554D-02  0.719917325633D-02 -0.725921762429D-02  0.119650563410D-02
 -0.315463100132D-02  0.248226846610D-02  0.158309276638D-03  0.739453081278D-02
  0.289127486914D-02  0.305515567288D-02  0.111528467551D-01  0.103745176131D-01
  0.998855746661D-03  0.984965901524D-02 -0.419156954820D-02 -0.346353769418D-02
  0.599963630813D-02 -0.989629092654D-02  0.290515951691D-03 -0.556299434231D-02
  0.209074668070D-02  0.368598190084D-02  0.434790420143D-02  0.723277003767D-02
  0.875913499266D-02  0.834263160409D-02  0.339373250976D-02  0.586710599441D-02
  0.164385142038D-01  0.219767536272D-01  0.562874086022D-02 -0.461506258348D-02
 -0.121251600353D-01  0.120995035373D-01  0.852379968780D+00  0.187298826849D-03
 -0.491966431914D-03  0.290990272409D-02  0.103532750696D-01  0.214367030933D-01
  0.773857637716D-03  0.105010331109D-02  0.157743628051D-01  0.360835143919D-02
  0.284884394307D-03 -0.220910959213D-01  0.527042834165D-02 -0.344028107699D-03
 -0.219113068559D-02  0.208263596815D-02  0.172165298862D-03 -0.177084694601D-01
 -0.149018774036D-02  0.695577908061D-03  0.148299305521D-01 -0.511095250565D-02
  0.951844120729D-03  0.158150512102D-01  0.307283826105D-02  0.263719356656D-03
 -0.207164660858D-01  0.413006318124D-03 -0.450453429043D-03 -0.213487867674D-02
  0.214186278006D-02  0.135089042061D-03 -0.189932864414D-01  0.468907041559D-03
  0.127295156794D-02  0.167101516747D-01 -0.136872831887D-02  0.193127466284D-02
 -0.716510134286D-02  0.446606425537D-02  0.200012033776D-02 -0.612300148121D-02
  0.537562806805D-02  0.765268649797D-03  0.269670561365D-02 -0.157440627519D-02
 -0.106043172421D-02 -0.969884116830D-02 -0.423623964667D-02 -0.300240590399D-02
 -0.126642573925D-01 -0.149437954444D-01  0.588581066115D-04 -0.745984148827D-02
  0.281730117094D-02  0.258609914359D-02 -0.500873775848D-02  0.780410997443D-02
  0.831452435353D-03  0.519286361974D-02 -0.140472021322D-02 -0.363995494934D-02
 -0.376925577010D-02 -0.750954045325D-02 -0.798307918564D-02 -0.946206491319D-02
 -0.455329138642D-02 -0.518865228848D-02 -0.119957232699D-01 -0.200594325209D-01
 -0.425293468209D-02  0.131827807429D-01  0.180247098085D-01 -0.258468420359D-02
  0.366484167113D-01  0.865002435487D+00  0.169722463668D-01  0.148786464034D-01
  0.216463895672D-02  0.336981008392D-02 -0.645097693371D-02 -0.191638373146D-02
  0.329407409189D-03 -0.674170301558D-03  0.281187674777D-02  0.181195257983D-04
 -0.194220056650D-02 -0.862631960363D-03  0.129106569000D-03 -0.145653067562D-02
  0.238480945103D-03  0.822312186565D-04 -0.101279058065D-02 -0.968534436227D-03
  0.134920344739D-02  0.327274154839D-02  0.197651163887D-02  0.318509392805D-03
 -0.185241667041D-03 -0.718792004619D-03 -0.379313160529D-04 -0.175952993020D-02
  0.210088329447D-02 -0.366455285865D-04 -0.133750059039D-02 -0.106267747830D-03
  0.157136322101D-03 -0.108502037122D-02 -0.119148647650D-03  0.189249475342D-02
  0.484620186530D-02  0.205021423670D-02 -0.114934340906D-02 -0.573087032760D-03
  0.908972334135D-03  0.551515886397D-03 -0.122942558299D-02  0.219854751152D-02
  0.254828663018D-02 -0.414920092942D-03  0.133516191581D-02 -0.151243060330D-02
 -0.174100503008D-02 -0.119474097886D-02 -0.364472371039D-03 -0.765637442581D-02
 -0.469097065311D-02 -0.569390038558D-03  0.196871619157D-03 -0.356060036661D-03
  0.755922837807D-03 -0.100750440816D-02  0.306698822240D-02  0.796298725084D-03
  0.139410107814D-02  0.811135137006D-03 -0.897264728832D-03 -0.236328343607D-02
 -0.115030259907D-02  0.124152609237D-02 -0.680001860068D-02 -0.538330362666D-02
 -0.412309742553D-02 -0.680576362282D-02 -0.756137731898D-02 -0.209860060271D-02
  0.146224304899D-01 -0.842583267241D-02  0.613410588359D-01 -0.932579898167D-02
  0.209640502146D-01  0.208855987163D+00  0.222451603143D-02 -0.727617750767D-03
  0.412029961031D-02  0.235659269885D-02  0.132298054541D-02 -0.683526834364D-02
  0.264415887157D-03  0.267558804089D-02 -0.142336585030D-02  0.680684984183D-03
 -0.159775691842D-02 -0.868520781699D-03  0.360508156834D-03 -0.116683213867D-02
 -0.772928941193D-03  0.156627348760D-03 -0.187113647835D-02  0.312811653793D-02
 -0.667789777693D-03  0.196882885222D-02 -0.292431355661D-02  0.314370577541D-03
  0.298058481672D-02  0.108311703861D-03  0.468181503171D-03 -0.147878150824D-02
 -0.240059900203D-02  0.161010309146D-03 -0.536408978765D-03 -0.368995246726D-04
  0.222078658885D-03 -0.192709656466D-02 -0.166958188589D-02 -0.773962023723D-04
  0.331591076871D-02  0.203439039175D-02  0.185725888932D-02 -0.656872263244D-03
 -0.495041445535D-03  0.147378701377D-02 -0.143274886720D-03  0.479344335557D-03
 -0.412055553540D-03  0.200888919234D-02 -0.164578840288D-03  0.144380617110D-02
  0.268475898682D-02  0.244377142706D-02  0.139858686145D-02  0.151290815690D-01
  0.424410144094D-02  0.448257463563D-02 -0.996711087396D-03 -0.267913858614D-02
  0.175037916891D-02  0.107879996251D-02  0.839766644217D-03 -0.361247027706D-02
  0.654196930798D-02 -0.128615591643D-02 -0.183094296079D-03  0.621209967865D-04
  0.110367110150D-02 -0.358425457513D-02  0.252456319724D-01  0.119348937751D-02
  0.305226405812D-02  0.247076343445D-01  0.548492947536D-02  0.631232856950D-02
  0.738604336953D-01 -0.312321383065D-02  0.112539503912D-01  0.208274574857D-02
 -0.670660537829D-03  0.844399603770D-02  0.300398282991D+00  0.579647287652D-02
 -0.483486148539D-03  0.774799366853D-02 -0.587618305468D-02 -0.241303946771D-02
 -0.566859535257D-03  0.248232862158D-03 -0.298717183772D-02  0.757430400501D-02
 -0.142017283823D-03  0.224650378262D-02  0.182111234165D-02  0.228456796994D-03
  0.643796487627D-03  0.212229939516D-02  0.103008948383D-02  0.236914956880D-02
  0.423119815098D-03 -0.757761567764D-03 -0.272999353718D-02  0.304736185002D-02
  0.268457372212D-03 -0.247469638219D-02  0.278466175065D-02 -0.497025910532D-03
  0.227213595419D-02  0.672867578032D-02 -0.150057431591D-03  0.144707731035D-02
  0.274905168130D-02  0.114326771771D-02  0.212478496611D-02  0.309614123524D-02
  0.461163803774D-03 -0.911410040295D-03  0.272603057236D-02 -0.486068217984D-02
  0.252774235864D-02  0.455234689681D-02 -0.203515804804D-02 -0.108361383931D-02
  0.832361061383D-03  0.489315436837D-02 -0.866453009797D-02  0.205863434236D-02
 -0.747393803241D-02 -0.127110418496D-01 -0.676608693933D-02 -0.304315708591D-02
 -0.184437067242D-01 -0.259566409824D-01 -0.459289836873D-03  0.171182195983D-02
  0.121575882282D-02 -0.178404472848D-02  0.724183930617D-03  0.194816171168D-02
 -0.904992286333D-03 -0.182214217949D-02  0.334142618292D-03 -0.705442624496D-02
 -0.281179851430D-02 -0.117904124302D-02 -0.340658849545D-02 -0.487773912687D-02
 -0.493287313382D-02 -0.397280305772D-02 -0.706603921163D-01 -0.133809922187D-01
  0.233551617369D-02  0.101586084778D-01  0.123166330977D-01 -0.168782610829D-01
 -0.541084673228D-03  0.402333319830D-02 -0.122183461524D-01 -0.150410029867D-02
  0.224351217952D+00  0.151060580871D-01  0.143654391013D-01  0.162142608456D-02
  0.504135703638D-03  0.932428816336D-02  0.897269913481D-02  0.151231456905D-03
 -0.103685733748D-02 -0.143326781114D-02  0.326513446070D-03  0.224708766436D-03
 -0.980036194054D-03 -0.461054737062D-04 -0.924775191426D-03  0.168134427116D-02
  0.271233623320D-03  0.446549555361D-03 -0.266172265319D-03  0.799483109545D-03
  0.199444720432D-02 -0.495250176830D-03  0.148411117055D-03 -0.817715982087D-03
 -0.407676267212D-02  0.259667657550D-03  0.544044371416D-04  0.227786417557D-03
 -0.784891491139D-04 -0.719953601425D-03 -0.477750743397D-02  0.240404973992D-03
  0.686252032576D-03 -0.138286629948D-02  0.122933072143D-02  0.224456636071D-02
  0.554830949359D-02  0.553196330100D-03  0.175615387825D-03  0.945925517818D-03
  0.331965302501D-03 -0.288225165522D-03  0.742985912938D-03  0.233248407620D-02
  0.672304798825D-03  0.178801496502D-02  0.108671664089D-02  0.938124064450D-02
  0.289144269424D-02  0.506559594804D-02 -0.868980376416D-02  0.108501170211D-01
  0.661105793747D-03 -0.477404264240D-03  0.108058677817D-03  0.441101021276D-03
  0.475122065758D-03  0.146211839267D-02  0.135736832082D-02  0.220036267589D-02
  0.151747383927D-02  0.735297791538D-03  0.387885312846D-02  0.357932792653D-02
 -0.400274337913D-02 -0.546228070102D-02  0.108680016513D-01 -0.298036712448D-02
 -0.368167745483D-02  0.440739400563D-02 -0.181671788553D-02  0.151467956632D-01
 -0.110689687250D-01 -0.206178658136D+00  0.134340728496D-01 -0.257617313407D-02
 -0.204422589154D-01  0.102711191704D-01 -0.192674383444D-01  0.304768431527D+00
 -0.132539149759D-02 -0.110545180852D-02  0.629200524718D-03  0.127685971065D-02
 -0.485562351195D-02  0.874555405487D-04  0.754159488913D-03  0.113561684184D-01
  0.288252342239D-02  0.776949791534D-03 -0.103016271440D-01 -0.527483294754D-02
 -0.341061460271D-03  0.285054673585D-02  0.656976799621D-02  0.575546101239D-03
 -0.107514210963D-01  0.494304787129D-03  0.377412262785D-03  0.898309556530D-02
 -0.301533842090D-02  0.701487900131D-03  0.106842345441D-01 -0.686040008402D-03
  0.780075062222D-03 -0.933158714698D-02  0.116217377947D-02 -0.332082002257D-03
  0.268551783093D-02  0.127427142931D-02  0.565509042322D-03 -0.117531805297D-01
  0.760299493146D-03  0.594547600218D-03  0.899371436733D-02 -0.426218665210D-02
  0.375859023152D-02 -0.342615140097D-02  0.219950500533D-02  0.243978879392D-02
 -0.337848114590D-02  0.280657205204D-02  0.105131958661D-02  0.401394601198D-02
 -0.271474039517D-03  0.145537980124D-02 -0.551886354447D-02 -0.438340340071D-02
 -0.196590936120D-04 -0.803989184074D-03 -0.701372497870D-02  0.244924390001D-02
 -0.388123204511D-02  0.187663378356D-02  0.256442168535D-02 -0.299260359819D-02
  0.401399038295D-02  0.156941272932D-02  0.429224276956D-02  0.448824451937D-05
  0.235356607322D-02 -0.968633500661D-02  0.162702953447D-02  0.214595659191D-03
 -0.301871752152D-02 -0.103494439522D-01 -0.208132280776D-02  0.533723547874D-02
 -0.227990351674D-01 -0.196604106856D-02  0.102168722515D-01  0.280567440660D-01
  0.203871660838D-01  0.802002716152D-02 -0.736671644531D-02 -0.767823680627D-02
  0.516949284172D-03 -0.682738738059D-03  0.172107544894D-01  0.880558485382D+00
 -0.244268902423D-02 -0.257920277040D-02 -0.124956987082D-02  0.101113717707D-03
  0.227217357108D-02  0.160865300186D-03 -0.118851121422D-02 -0.145349238628D-01
 -0.394200635715D-02 -0.709182320976D-03  0.135579452900D-01  0.587232011837D-02
  0.923051293898D-04 -0.225604051055D-02 -0.670823979548D-02 -0.539407526364D-03
  0.138106743448D-01 -0.208501235638D-02 -0.992753985664D-03 -0.110604141510D-01
  0.253148966466D-02 -0.114348560090D-02 -0.141480149418D-01  0.188697668712D-02
 -0.705397289042D-03  0.125123035452D-01 -0.913601393196D-03  0.145266530651D-03
 -0.228400442278D-02 -0.121827040241D-02 -0.553030428626D-03  0.147720347776D-01
 -0.490608123505D-03 -0.132204347741D-02 -0.116742908264D-01  0.268558334627D-02
 -0.281569442812D-02  0.530811200925D-02 -0.318049079215D-02 -0.300610256313D-02
  0.421755956505D-02 -0.420613337402D-02 -0.104794365852D-04 -0.320440144668D-02
  0.101644830709D-02 -0.140278564458D-02  0.428246104147D-02  0.311873063636D-02
 -0.373299661469D-03 -0.692895818547D-03  0.456084988703D-02 -0.185983281416D-02
  0.538296216378D-02 -0.249708715629D-02 -0.319291881944D-02  0.370039728542D-02
 -0.535493020191D-02 -0.147067950999D-03 -0.425776507020D-02  0.936102980125D-03
 -0.121107602674D-02  0.103512079886D-01 -0.199311655634D-02  0.100442658398D-02
 -0.872516624489D-03  0.950389609946D-02  0.271851532371D-02  0.297558870844D-02
  0.213451838123D-01  0.230032394480D-02 -0.833339258553D-02 -0.197651140046D-01
 -0.123464028327D-01 -0.129276919217D-01  0.935092480998D-02  0.179979243941D-01
  0.229131172776D-03  0.754753348533D-03 -0.780597832772D-02  0.144355626520D-01
  0.880625164994D+00  0.139295598365D-01  0.137093828325D-01 -0.280467511066D-04
 -0.165418207573D-02 -0.871505402662D-02 -0.524685065774D-02 -0.810203624126D-04
 -0.115829193026D-02  0.158614106377D-02 -0.453008416869D-03  0.179161165974D-02
 -0.174777591736D-02  0.155604299367D-03 -0.129363403481D-04  0.518237737836D-03
 -0.271843661462D-03  0.992478502043D-03 -0.748132239363D-03  0.970398604447D-03
  0.123252671363D-02 -0.112296721009D-03 -0.816008608924D-04 -0.928711306669D-03
 -0.326055165043D-02 -0.433679071906D-03  0.166039885526D-02  0.107130801830D-02
  0.123304203555D-03 -0.610785063891D-04 -0.527716761189D-03 -0.241368672206D-03
  0.121260317647D-02  0.633351409606D-03  0.118976819998D-02  0.156883007182D-02
 -0.172030877721D-02 -0.143612833324D-02  0.386309915491D-04 -0.839690633079D-03
 -0.356906550553D-03  0.228321989377D-03  0.314523749513D-03  0.763795066000D-03
  0.347430828164D-03  0.118757844538D-02  0.351843295761D-03  0.107365757845D-02
  0.490586895183D-03 -0.199773016343D-02  0.977237621280D-03  0.293950865320D-02
 -0.134957563303D-02  0.551447155934D-03 -0.809286995319D-03 -0.459508597731D-03
 -0.311042826276D-04  0.323975692174D-03  0.239930300112D-03 -0.374388879964D-04
  0.102628321131D-02  0.117113613968D-02 -0.193425505714D-02 -0.306131858200D-03
  0.150212770226D-02 -0.824835946537D-03 -0.278430887216D-02 -0.174810192423D-02
  0.264018376038D-02 -0.246770520477D-02 -0.127884545907D-02  0.104510716721D-02
 -0.111059716959D-01  0.732892292602D-02 -0.121273723654D-01  0.212457724038D-01
 -0.199332558067D+00  0.527892561838D-02 -0.150857354568D-01 -0.288642016017D-01
 -0.458531292393D-02  0.133100254412D-01  0.343233101225D+00  0.352145182508D-03
  0.329027109275D-02 -0.321216813932D-02  0.318497034042D-02  0.394790152352D-02
  0.203447448118D-02  0.245781776929D-03  0.123894844505D-02 -0.286362819999D-02
  0.759131161989D-03 -0.193925179232D-03  0.168772872595D-02  0.178420749120D-03
 -0.866665827214D-03 -0.263292990627D-03 -0.455389940013D-03 -0.243764942492D-03
 -0.409556060336D-03  0.703905237257D-03  0.283992550817D-02  0.156652234832D-02
  0.209580941339D-03  0.949153505578D-03  0.868148320008D-03  0.949247058931D-03
 -0.144840027981D-03 -0.760579636519D-03  0.352854182757D-03 -0.130601685751D-02
 -0.242428726616D-02 -0.526214369766D-03 -0.279875565970D-03  0.954471482043D-04
  0.535814875206D-03  0.208198935726D-02  0.136082230105D-02  0.478012424474D-02
 -0.231671635679D-02 -0.290129722845D-02  0.245674842359D-02  0.112526495514D-02
  0.594563496633D-03 -0.574436002177D-02  0.801590253933D-02 -0.163353803030D-02
 -0.223801185984D-03  0.264627545497D-02 -0.280537123271D-03  0.101256496827D-03
  0.198233653188D-01  0.408651852526D-02  0.231650876631D-02 -0.223280559512D-02
 -0.133787270799D-02  0.225370947788D-02  0.544677401947D-03  0.418134936446D-03
 -0.328363057822D-02  0.473534069304D-02 -0.941037795061D-03  0.125610565425D-03
  0.228934745626D-02  0.100982597640D-02  0.731907789569D-03  0.136105102927D-01
  0.321609806106D-02  0.463687457139D-02  0.618759376537D-01  0.125373777059D-02
  0.219687795604D-02  0.265654405584D-01 -0.407850135999D-02  0.619553678150D-02
  0.323929788474D-02 -0.227988408200D-02  0.529949481555D-02  0.440558750776D-02
 -0.136037857375D-01  0.782236296767D-02  0.786857630922D-03  0.105696149957D-02
  0.561994067673D-02  0.298436101408D+00 -0.397738022165D-02 -0.275479651210D-03
 -0.436101008334D-02  0.597260857825D-02 -0.426713814110D-02  0.160055527117D-02
 -0.351934861280D-03  0.141504295285D-03 -0.373228700653D-02  0.534827676482D-04
  0.148792758719D-02  0.385679424243D-02 -0.220057172106D-03 -0.268309101983D-04
 -0.262647482428D-02 -0.716642473119D-03  0.932698171635D-03 -0.371983374920D-02
 -0.185436945067D-03  0.433746187557D-03 -0.257533380106D-02 -0.395812476070D-03
 -0.162467113106D-03 -0.101576051996D-02  0.233819759814D-03  0.140940958501D-02
 -0.170486823679D-02  0.484008670246D-04 -0.735569059819D-03 -0.431687736331D-02
 -0.805216787736D-03  0.102914776042D-02 -0.131268326351D-02 -0.569503888288D-03
 -0.104811926456D-02 -0.493423542931D-02  0.439493011926D-02 -0.173471297502D-02
 -0.387723653020D-02  0.480299869461D-03  0.196108790811D-02 -0.843042740748D-03
 -0.601893896522D-02  0.916907042112D-02 -0.133964019374D-02  0.282287511931D-02
  0.939203210956D-02  0.912341288856D-03 -0.330302152923D-02  0.214676535621D-01
  0.186539616870D-01  0.132956035401D-02 -0.157227601576D-02 -0.175458659104D-02
  0.147238776629D-03  0.749835340468D-03 -0.118127191034D-02 -0.278297572536D-02
  0.441698290754D-02 -0.212442328207D-03  0.365951579764D-02  0.796925531652D-02
 -0.141483651861D-02  0.298583773605D-02  0.889891624701D-02  0.895934944471D-02
  0.482030314430D-02  0.700903627723D-01  0.887755736762D-02  0.156306046151D-02
  0.205264455914D-01 -0.819298430522D-02  0.184054461108D-01 -0.503519859792D-02
  0.341070905151D-02  0.203266904223D-01  0.324598257771D-02 -0.121270576884D-01
  0.231770762813D-01  0.207207439957D-03 -0.121731290042D-02  0.163837691391D-01
  0.114815954051D-01  0.206875436120D+00  0.860078945493D-03  0.133147481442D-02
 -0.875822963150D-03 -0.150288888662D-02 -0.107393529279D-01  0.188491649608D-01
  0.794049926831D-04 -0.681643816119D-03  0.186952501141D-02 -0.121838465756D-03
  0.724962874406D-03 -0.296623435639D-03  0.326299547543D-04  0.202703297609D-03
 -0.419252058192D-03 -0.870364078596D-04  0.671901311282D-03 -0.252336216720D-02
  0.685297811669D-03  0.313449771135D-03  0.426028938003D-02  0.545633215548D-04
 -0.751366581646D-03  0.113021763942D-02 -0.669440494972D-04  0.770349575559D-03
  0.805056787112D-03  0.673608562252D-04 -0.495767831914D-05  0.685478564145D-03
 -0.778942573651D-04  0.588829914221D-03  0.521414446560D-03  0.629501620724D-03
  0.147952708279D-03  0.468466055560D-03 -0.672787795381D-03 -0.363687453310D-03
 -0.749607076152D-04 -0.474850796154D-04 -0.427035622167D-04  0.665332704267D-03
 -0.132817179981D-02  0.533344613106D-03 -0.220105194387D-03 -0.164840416984D-02
 -0.243503511381D-02 -0.115221931273D-02 -0.160550514344D-02 -0.178797212109D-03
 -0.308703831336D-02 -0.177072665867D-02 -0.130015544375D-03  0.121215436067D-03
  0.731817755027D-04 -0.227450468026D-03  0.111454597236D-02 -0.575510407385D-03
 -0.246188894099D-03  0.850038196256D-04  0.129678806161D-03 -0.901182040450D-03
 -0.121074632995D-02  0.571042411907D-02 -0.523344148036D-02 -0.434780347897D-02
  0.159706387805D-03 -0.218237410194D-02 -0.389160254292D-04 -0.292727030749D-03
 -0.104451367708D-01  0.916721086083D-02  0.176740865503D-01  0.754019895042D-03
 -0.886665052355D-03 -0.170596957076D-01 -0.307800271644D-02  0.822789982815D-02
 -0.367726074500D-01  0.396066127749D-02 -0.455980433296D-02  0.413987028130D-01
 -0.176184892331D-02 -0.621082970683D-03  0.230695496747D-01  0.716918009075D-03
 -0.113130197401D-02  0.271995426983D-02  0.373240109530D-02 -0.821483268443D-03
 -0.259155955779D-02  0.242377490406D-03  0.482554515743D-02 -0.192354754923D-02
 -0.146697322670D-04 -0.609507490014D-02 -0.867858855558D-03  0.529865982063D-04
 -0.862914604657D-03 -0.848484422305D-03  0.136442398568D-03 -0.543540960337D-02
  0.917085080374D-03 -0.242834660366D-03  0.227981737758D-02 -0.270965318712D-02
  0.268231243530D-03  0.503927689667D-02 -0.295346858408D-03 -0.957875949346D-04
 -0.603907666402D-02 -0.121646547269D-02 -0.750539392200D-04 -0.278484227860D-03
  0.689681887819D-03  0.129413551934D-03 -0.536815162530D-02 -0.468623837898D-03
  0.101478201585D-03  0.368464280932D-02 -0.452953514946D-03 -0.112188498493D-03
 -0.748065946092D-03  0.133805791604D-02  0.355978531280D-03 -0.205305952247D-02
  0.899056746199D-03  0.220964476442D-02 -0.184921776123D-02 -0.997107312642D-04
  0.143524304074D-02  0.175314020617D-02  0.167846057238D-02  0.999170094618D-03
 -0.515391998378D-02  0.317729756150D-02  0.759246877321D-03 -0.128595541718D-02
 -0.318023681920D-03  0.751234561191D-03 -0.843962224815D-03  0.172249362274D-02
  0.469504743850D-03  0.151308963798D-02 -0.693069198804D-03  0.646438700453D-03
  0.965374771391D-03  0.779322413838D-03 -0.418485229805D-02  0.482492395276D-02
  0.285115408437D-02 -0.169583629881D-02 -0.129085248703D-01  0.177849488878D-02
  0.710817440344D-04  0.212071587908D-01 -0.380398254209D-02  0.122786116172D-02
  0.635541041486D-02 -0.514898895547D-02  0.350908970370D-02  0.305950115006D-02
  0.499088803742D-02  0.728627071357D-03 -0.119137782947D-02  0.222851070093D-02
  0.212775533204D-02 -0.203909380581D-02 -0.210427641148D-02  0.805050016798D-03
  0.201251046481D+00 -0.489906148635D-03  0.105799222060D-02 -0.311590548027D-02
 -0.628936453736D-02 -0.382118180987D-01  0.896746487165D-03 -0.161255330245D-02
  0.468855947414D-02  0.335840673309D-02  0.607179112615D-03 -0.613307943317D-02
  0.611530097160D-02  0.656488723530D-03 -0.306734712736D-02 -0.620037983379D-02
 -0.612940833342D-03 -0.409704234766D-02 -0.548259474801D-02  0.128262006926D-02
  0.383666415149D-02  0.310598331466D-02 -0.152892192142D-02  0.507577144000D-02
  0.431774033954D-02  0.670581506618D-03 -0.683243265652D-02  0.404558158383D-02
  0.806296388943D-03 -0.368330769815D-02 -0.108869945885D-02 -0.738081279722D-03
 -0.290337001352D-02  0.219581094067D-02  0.466275162316D-03  0.209035587637D-02
 -0.891605490271D-02  0.162888351934D-02  0.408817105083D-02 -0.267678466858D-02
  0.653784043426D-03  0.285173120023D-02 -0.450419080199D-02  0.106165237607D-01
 -0.920039736326D-03  0.330022501205D-02 -0.484394298472D-02 -0.118006528263D-01
 -0.106568609006D-01 -0.174143116150D-01  0.152463263248D-01 -0.167600476393D-01
 -0.598173831275D-03  0.371327476941D-02 -0.252331660354D-02  0.169310218506D-02
  0.181131950287D-02 -0.338481364302D-02  0.116407842364D-01 -0.337910990199D-02
  0.392044695772D-02 -0.243457278614D-02  0.825959117996D-03 -0.871789029250D-02
  0.385390423122D-02 -0.421840820847D-02 -0.108059251370D-01  0.628562395482D-02
  0.102620111884D-01  0.257270814033D-02  0.553875475329D-02 -0.111390110552D-01
 -0.109210036937D-02 -0.136906662376D-01 -0.209191071909D-01  0.161040140461D-01
  0.210682921647D-02 -0.301427743422D-02  0.168522575726D-01 -0.124742563207D-01
  0.730305131289D-02 -0.133664776962D-01 -0.485567403162D-02 -0.241134417743D-02
 -0.233037775649D-01  0.467359143557D-02  0.298889356597D-02  0.103854720438D+00
$end
