$coord
   -1.47171341519500     -0.00701744363402      0.00000000000000  c
    1.86428460432281      0.73657189804686      0.00000000000000  s
    2.89914632198773     -0.14921152941629     -2.40879522986408  o
    2.89914632198773     -0.14921152941629      2.40879522986408  o
   -2.28949442126226      0.79320122846816      1.70562822812881  h
   -1.59969915481594     -2.06232516281976      0.00000000000000  h
   -2.28949442126226      0.79320122846816     -1.70562822812881  h
$user-defined bonds
$redundant
     number_of_atoms             7
     degrees_of_freedom          9
     internal_coordinates        9
     frozen_coordinates          0
# definitions of redundant internals
   1 k  1.0000000000000 stre   1    6           val=   2.05929
   2 k  1.0000000000000 stre   1    2           val=   3.41787
   3 k -0.5483021731156 bend   7    5    1      val=   3.87187
       -0.2879457982290 bend   6    5    1
       -0.2879457982290 bend   6    7    1
        0.3925433134074 bend   2    5    1
        0.3925433134074 bend   2    7    1
        0.4747195548105 bend   2    6    1
   4 k  1.4142135623731 stre   1    7           val=   2.05385
   5 k  1.4142135623731 stre   2    4           val=   2.76728
   6 k -0.6490842483566 bend   7    5    1      val=   0.30431
        0.4624149910414 bend   6    5    1
        0.4624149910414 bend   6    7    1
       -0.2353865933462 bend   2    5    1
       -0.2353865933462 bend   2    7    1
        0.2005509760674 bend   2    6    1
   7 k  0.8766040422942 bend   4    3    2      val=  21.28889
       -0.3402685358900 bend   1    3    2
       -0.3402685358900 bend   1    4    2
   8 k  0.2936078583374 bend   7    5    1      val=   0.72434
       -0.1498114166576 bend   6    5    1
       -0.1498114166576 bend   6    7    1
       -0.3708227226050 bend   2    5    1
       -0.3708227226050 bend   2    7    1
        0.7706416295531 bend   2    6    1
   9 k  0.4812123783044 bend   4    3    2      val= 111.05059
        0.6198526627218 bend   1    3    2
        0.6198526627218 bend   1    4    2
         9 non zero eigenvalues  of BmBt
           1           3.329023512    1    0
         1
           2           3.161242294    2    0
         2
           3           1.775491314    3    0
         3
           4           1.009971670    4    0
         4
           5           0.782873019    5    0
         5
           6           0.731718512    6    0
         6
           7           0.505850401    7    0
         7
           8           0.294580541    8    0
         8
           9           0.142132415    9    0
         9
$end
