$dipgrad          cartesian dipole gradients
  -.13424393953630D+00  -.29602286683546D-01  0.18718634040932D-16
  -.22439004903001D-01  0.91844910963941D-01  0.11122455804845D-16
  -.67540289631690D-17  0.29832434227847D-16  0.50590596350239D-01
  0.13461337427195D+01  0.46998081656492D-01  0.69522240849146D-16
  -.14616373202035D+00  0.50450158034406D+00  -.25009335981953D-16
  0.23207771018526D-15  -.30151196548701D-17  0.14272110472076D+01
  -.61582631854048D+00  -.12966310360904D-01  0.12974773580531D+00
  0.65818021322958D-01  -.40089255927284D+00  0.67992725740256D-02
  0.23321293343580D+00  0.31105922083762D-01  -.82304148819918D+00
  -.61582631854047D+00  -.12966310360904D-01  -.12974773580531D+00
  0.65818021322959D-01  -.40089255927283D+00  -.67992725740250D-02
  -.23321293343580D+00  -.31105922083762D-01  -.82304148819918D+00
  0.26527468778586D-01  -.42239995269191D-02  0.21746215065398D-02
  0.11414137606026D-01  0.87416827187250D-01  -.44061948304035D-01
  0.21957827571947D-01  -.36747694903255D-01  0.44092776622050D-01
  -.33292103748700D-01  0.16984824802646D-01  -.25476087531837D-17
  0.14138419065400D-01  0.30604972773939D-01  -.45686839592529D-19
  -.64280370837618D-18  0.16321596974651D-17  0.80095779507036D-01
  0.26527468778586D-01  -.42239995269191D-02  -.21746215065396D-02
  0.11414137606026D-01  0.87416827187250D-01  0.44061948304035D-01
  -.21957827571946D-01  0.36747694903255D-01  0.44092776622050D-01
$end
