$energy      SCF               SCFKIN            SCFPOT
     1 -588.2382914456      586.0003343402     -1174.238625786
     2 -588.2386970228      586.0505484566     -1174.289245479
     3 -588.2388484326      586.1010054563     -1174.339853889
     4 -588.2388556325      586.0967953553     -1174.335650988
     5 -588.2388566244      586.0971261222     -1174.335982747
     6 -588.2388572458      586.0990479792     -1174.337905225
     7 -588.2388574804      586.0980804284     -1174.336937909
     8 -588.2388575935      586.0983164883     -1174.337174082
     9 -588.2388576677      586.0983586108     -1174.337216278
    10 -588.2388577192      586.0982941689     -1174.337151888
$end
