$grad          cartesian gradients
  cycle =      1    SCF energy =     -588.2382914456   |dE/dxyz| =  0.023500
   -1.49512489626674     -0.00041586386357      0.00000000000000      c
    1.88515318876648      0.75659349121811      0.00000000000000      s
    2.91417492142378     -0.15590677794353     -2.42976392859329      o
    2.91417492142378     -0.15590677794353      2.42976392859329      o
   -2.29713787657775      0.78290790781116      1.72106054518663      h
   -1.61192654642900     -2.05497119739294      0.00000000000000      h
   -2.29713787657775      0.78290790781116     -1.72106054518663      h
  -.71067600786567D-02  -.13706403880481D-03  0.00000000000000D+00
  -.21224074010275D-02  0.11295189145465D-01  0.00000000000000D+00
  0.45430241612219D-02  -.45941492410413D-02  -.11815876210922D-01
  0.45430241612219D-02  -.45941492410413D-02  0.11815876210922D-01
  0.48018068399736D-03  -.11820921972324D-02  0.11813527621651D-02
  -.81581298979305D-03  0.46679984629217D-03  0.00000000000000D+00
  0.48018068399736D-03  -.11820921972324D-02  -.11813527621651D-02
  cycle =      2    SCF energy =     -588.2386970228   |dE/dxyz| =  0.012111
   -1.48624380181325     -0.00288984575568      0.00000000000000      c
    1.87297880980385      0.74787860579525      0.00000000000000      s
    2.90290629864777     -0.15347023162964     -2.41941458321607      o
    2.90290629864777     -0.15347023162964      2.41941458321607      o
   -2.28950218274259      0.78782181108089      1.71614665612593      h
   -1.60136740403815     -2.05848322924521      0.00000000000000      h
   -2.28950218274259      0.78782181108089     -1.71614665612593      h
  -.45385286102562D-02  0.18065444320947D-03  0.00000000000000D+00
  -.11894488557473D-02  0.56402936302944D-02  0.00000000000000D+00
  0.22465720390876D-02  -.22332339360833D-02  -.59110954133690D-02
  0.22465720390876D-02  -.22332339360833D-02  0.59110954133690D-02
  0.70693140815603D-03  -.70088020268189D-03  0.64421375755830D-03
  -.17284629169978D-03  0.12285636680431D-03  0.00000000000000D+00
  0.70693140815603D-03  -.70088020268189D-03  -.64421375755830D-03
  cycle =      3    SCF energy =     -588.2388484326   |dE/dxyz| =  0.001694
   -1.47568721846725     -0.00543561261028      0.00000000000000      c
    1.86312765498964      0.73881035351769      0.00000000000000      s
    2.89436909104954     -0.15101493870834     -2.40875137478988      o
    2.89436909104954     -0.15101493870834      2.40875137478988      o
   -2.28561721359697      0.79267292821398      1.70958334182547      h
   -1.59276835566471     -2.06148203022182      0.00000000000000      h
   -2.28561721359697      0.79267292821398     -1.70958334182547      h
  -.12957465838674D-02  0.20571524416219D-03  0.00000000000000D+00
  0.33783867216997D-03  -.51209675630215D-04  0.00000000000000D+00
  -.21107709728208D-03  0.12358063969797D-03  0.27657998972419D-03
  -.21107709728208D-03  0.12358063969797D-03  -.27657998972419D-03
  0.52456974627657D-03  -.13131493412055D-03  0.16237776256989D-03
  0.34208375432587D-03  -.60668216571358D-04  0.00000000000000D+00
  0.52456974627657D-03  -.13131493412055D-03  -.16237776256989D-03
  cycle =      4    SCF energy =     -588.2388556325   |dE/dxyz| =  0.000632
   -1.47378945709233     -0.00611222792224      0.00000000000000      c
    1.86521856031449      0.73708090779370      0.00000000000000      s
    2.89881907799204     -0.14997636975302     -2.40921329250904      o
    2.89881907799204     -0.14997636975302      2.40921329250904      o
   -2.28979374717961      0.79292202412748      1.70690650927766      h
   -1.59730392908421     -2.06165129892351      0.00000000000000      h
   -2.28979374717961      0.79292202412748     -1.70690650927766      h
  -.45532162582695D-03  0.43694136761363D-04  0.00000000000000D+00
  0.64233604406994D-04  -.21704872051309D-03  0.00000000000000D+00
  0.11665207482103D-03  0.16100435217270D-03  -.12370972518205D-03
  0.11665207482103D-03  0.16100435217270D-03  0.12370972518205D-03
  0.42877167457656D-04  -.41770372527727D-04  0.88064427475665D-04
  0.82726565563740D-04  0.13766525219783D-04  0.00000000000000D+00
  0.42877167457656D-04  -.41770372527727D-04  -.88064427475665D-04
  cycle =      5    SCF energy =     -588.2388566244   |dE/dxyz| =  0.000544
   -1.47253572488721     -0.00611042597235      0.00000000000000      c
    1.86547117528575      0.73802431407025      0.00000000000000      s
    2.89857906937405     -0.15049756256536     -2.40879157629982      o
    2.89857906937405     -0.15049756256536      2.40879157629982      o
   -2.29046542123579      0.79295691211427      1.70601655907961      h
   -1.59698691091226     -2.06162389749887      0.00000000000000      h
   -2.29046542123579      0.79295691211427     -1.70601655907961      h
  -.22544623003817D-03  -.25315484364796D-04  0.00000000000000D+00
  0.24887506457105D-03  0.38472125001476D-03  0.00000000000000D+00
  -.13761321752348D-04  -.10151217008758D-03  -.54771835603873D-04
  -.13761321752348D-04  -.10151217008758D-03  0.54771835603873D-04
  -.22619728009432D-04  -.35838276920108D-04  0.14864513105284D-04
  0.60048251438349D-04  -.55196951853631D-05  0.00000000000000D+00
  -.22619728009432D-04  -.35838276920108D-04  -.14864513105284D-04
  cycle =      6    SCF energy =     -588.2388572458   |dE/dxyz| =  0.000352
   -1.47201490492428     -0.00647216914042      0.00000000000000      c
    1.86462055712627      0.73709930111375      0.00000000000000      s
    2.89823609660714     -0.14996410349135     -2.40862365825350      o
    2.89823609660714     -0.14996410349135      2.40862365825350      o
   -2.28980412460935      0.79324165173713      1.70570283826089      h
   -1.59729376043477     -2.06197353876803      0.00000000000000      h
   -2.28980412460935      0.79324165173713     -1.70570283826089      h
  -.10466808041221D-03  0.25698806024099D-04  0.00000000000000D+00
  0.15972314353929D-03  -.93127293383510D-04  0.00000000000000D+00
  -.79293262422730D-04  0.93931155978666D-04  0.13806990039456D-03
  -.79293262422730D-04  0.93931155978666D-04  -.13806990039456D-03
  0.16008362743514D-04  -.11773369599566D-04  -.27854241847258D-04
  0.82474674168220D-04  -.17737681898611D-04  0.00000000000000D+00
  0.16008362743514D-04  -.11773369599566D-04  0.27854241847258D-04
  cycle =      7    SCF energy =     -588.2388574804   |dE/dxyz| =  0.000140
   -1.47177571772304     -0.00662983766064      0.00000000000000      c
    1.86467068897757      0.73711309049105      0.00000000000000      s
    2.89868431888527     -0.14982047530328     -2.40879040752854      o
    2.89868431888527     -0.14982047530328      2.40879040752854      o
   -2.28997445339767      0.79320267938336      1.70557733739720      h
   -1.59813886646692     -2.06203897129372      0.00000000000000      h
   -2.28997445339767      0.79320267938336     -1.70557733739720      h
  -.26137458256414D-04  -.14780711759976D-04  0.00000000000000D+00
  0.50468726321640D-04  0.11033133674854D-03  0.00000000000000D+00
  -.78834812238249D-05  0.70822978104346D-06  -.20038897085684D-04
  -.78834812238249D-05  0.70822978104346D-06  0.20038897085684D-04
  -.20615653261613D-04  -.55053096075230D-05  -.96706443064587D-05
  0.43491715819188D-04  -.66848911135509D-05  0.00000000000000D+00
  -.20615653261613D-04  -.55053096075230D-05  0.96706443064587D-05
  cycle =      8    SCF energy =     -588.2388575935   |dE/dxyz| =  0.000084
   -1.47168758631723     -0.00677302748299      0.00000000000000      c
    1.86444689967216      0.73689104743705      0.00000000000000      s
    2.89876099743161     -0.14959823182971     -2.40878231339764      o
    2.89876099743161     -0.14959823182971      2.40878231339764      o
   -2.28973872737321      0.79321547496797      1.70558773383233      h
   -1.59862801770892     -2.06214381653373      0.00000000000000      h
   -2.28973872737321      0.79321547496797     -1.70558773383233      h
  -.63383878288192D-05  -.48861563992642D-05  0.00000000000000D+00
  0.22083429733755D-04  0.60044376053447D-04  0.00000000000000D+00
  -.11615067967874D-04  0.19445118230266D-04  -.13737750936826D-05
  -.11615067967874D-04  0.19445118230266D-04  0.13737750936826D-05
  -.10047588164586D-04  -.51894056747326D-05  -.66151487320143D-05
  0.38401609813832D-04  -.43575186223777D-05  0.00000000000000D+00
  -.10047588164586D-04  -.51894056747326D-05  0.66151487320143D-05
  cycle =      9    SCF energy =     -588.2388576677   |dE/dxyz| =  0.000064
   -1.47165423784886     -0.00690102945393      0.00000000000000      c
    1.86432922495346      0.73671480567054      0.00000000000000      s
    2.89893733846983     -0.14939588312624     -2.40878589124157      o
    2.89893733846983     -0.14939588312624      2.40878589124157      o
   -2.28960106290018      0.79321087596271      1.70559472597499      h
   -1.59917170248110     -2.06223507219271      0.00000000000000      h
   -2.28960106290018      0.79321087596271     -1.70559472597499      h
  0.91518915787958D-05  0.13838036068137D-05  0.00000000000000D+00
  -.16162445639623D-05  0.39350231472834D-04  0.00000000000000D+00
  -.45338031156028D-05  0.26745047548626D-04  -.14577493079315D-06
  -.45338031156028D-05  0.26745047548626D-04  0.14577493079315D-06
  -.73121657058195D-05  -.64463971453099D-05  -.26131448683797D-05
  0.26944018341912D-04  -.19726991702385D-05  0.00000000000000D+00
  -.73121657058195D-05  -.64463971453099D-05  0.26131448683797D-05
$end
