$hessian (projected)
 1  1   0.3344357250  -0.0636609102   0.0000000000  -0.1062696025  -0.0024625225
 1  2   0.0000000000  -0.0094658938  -0.0062556214   0.0083425017  -0.0094658938
 1  3  -0.0062556214  -0.0083425017  -0.0858351767   0.0460522600   0.0947202674
 1  4  -0.0375639816  -0.0134698445   0.0000000000  -0.0858351767   0.0460522600
 1  5  -0.0947202674
 2  1  -0.0636609102   0.5422493371   0.0000000000  -0.0480075550  -0.0543646229
 2  2   0.0000000000   0.0182744904   0.0081462506  -0.0060827935   0.0182744904
 2  3   0.0081462506   0.0060827935   0.0476908309  -0.0889371028  -0.0941340224
 2  4  -0.0202621775  -0.3263030097   0.0000000000   0.0476908309  -0.0889371028
 2  5   0.0941340224
 3  1   0.0000000000   0.0000000000   0.5930965398   0.0000000000   0.0000000000
 3  2  -0.0421604839   0.0264780947   0.0025839338  -0.0080828888  -0.0264780947
 3  3  -0.0025839338  -0.0080828888   0.0947284375  -0.0933782581  -0.2453228234
 3  4   0.0000000000   0.0000000000  -0.0441246316  -0.0947284375   0.0933782581
 3  5  -0.2453228234
 4  1  -0.1062696025  -0.0480075550   0.0000000000   0.4036970772  -0.1044990364
 4  2   0.0000000000  -0.1307529702   0.0800347015   0.1528262586  -0.1307529702
 4  3   0.0800347015  -0.1528262586  -0.0098668132  -0.0020651746  -0.0000373841
 4  4  -0.0161879080  -0.0034324623   0.0000000000  -0.0098668132  -0.0020651746
 4  5   0.0000373841
 5  1  -0.0024625225  -0.0543646229   0.0000000000  -0.1044990364   0.2782599582
 5  2   0.0000000000   0.0603006727  -0.1076844920  -0.1213684876   0.0603006727
 5  3  -0.1076844920   0.1213684876   0.0096915709  -0.0003708079   0.0014137221
 5  4  -0.0330229282  -0.0077847356   0.0000000000   0.0096915709  -0.0003708079
 5  5  -0.0014137221
 6  1   0.0000000000   0.0000000000  -0.0421604839   0.0000000000   0.0000000000
 6  2   0.8889506261   0.1641539389  -0.1583185446  -0.4216948343  -0.1641539389
 6  3   0.1583185446  -0.4216948343   0.0210313739   0.0058355616  -0.0009293813
 6  4   0.0000000000   0.0000000000  -0.0015417109  -0.0210313739  -0.0058355616
 6  5  -0.0009293813
 7  1  -0.0094658938   0.0182744904   0.0264780947  -0.1307529702   0.0603006727
 7  2   0.1641539389   0.1272797282  -0.0702521159  -0.1772922645   0.0154508406
 7  3  -0.0059338668  -0.0133045121  -0.0077096837  -0.0031586026  -0.0009377382
 7  4   0.0034787094   0.0006031871  -0.0000426941   0.0017192694   0.0001662351
 7  5   0.0009451753
 8  1  -0.0062556214   0.0081462506   0.0025839338   0.0800347015  -0.1076844920
 8  2  -0.1583185446  -0.0702521159   0.0776495785   0.1407636634  -0.0059338668
 8  3   0.0187514325   0.0151019697  -0.0013510615   0.0014064298   0.0000988612
 8  4   0.0040270121   0.0017664346  -0.0002024326  -0.0002690481  -0.0000356339
 8  5  -0.0000274508
 9  1   0.0083425017  -0.0060827935  -0.0080828888   0.1528262586  -0.1213684876
 9  2  -0.4216948343  -0.1772922645   0.1407636634   0.4443945217   0.0133045121
 9  3  -0.0151019697  -0.0167156533   0.0027036636   0.0011100745   0.0017221673
 9  4  -0.0015241929   0.0009642514   0.0001287727   0.0016395215  -0.0002847385
 9  5   0.0002479148
10  1  -0.0094658938   0.0182744904  -0.0264780947  -0.1307529702   0.0603006727
10  2  -0.1641539389   0.0154508406  -0.0059338668   0.0133045121   0.1272797282
10  3  -0.0702521159   0.1772922645   0.0017192694   0.0001662351  -0.0009451753
10  4   0.0034787094   0.0006031871   0.0000426941  -0.0077096837  -0.0031586026
10  5   0.0009377382
11  1  -0.0062556214   0.0081462506  -0.0025839338   0.0800347015  -0.1076844920
11  2   0.1583185446  -0.0059338668   0.0187514325  -0.0151019697  -0.0702521159
11  3   0.0776495785  -0.1407636634  -0.0002690481  -0.0000356339   0.0000274508
11  4   0.0040270121   0.0017664346   0.0002024326  -0.0013510615   0.0014064298
11  5  -0.0000988612
12  1  -0.0083425017   0.0060827935  -0.0080828888  -0.1528262586   0.1213684876
12  2  -0.4216948343  -0.0133045121   0.0151019697  -0.0167156533   0.1772922645
12  3  -0.1407636634   0.4443945217  -0.0016395215   0.0002847385   0.0002479148
12  4   0.0015241929  -0.0009642514   0.0001287727  -0.0027036636  -0.0011100745
12  5   0.0017221673
13  1  -0.0858351767   0.0476908309   0.0947284375  -0.0098668132   0.0096915709
13  2   0.0210313739  -0.0077096837  -0.0013510615   0.0027036636   0.0017192694
13  3  -0.0002690481  -0.0016395215   0.0925364260  -0.0478611756  -0.1021158405
13  4   0.0016987591  -0.0011755360  -0.0036566410   0.0074572190  -0.0067255806
13  5  -0.0110514720
14  1   0.0460522600  -0.0889371028  -0.0933782581  -0.0020651746  -0.0003708079
14  2   0.0058355616  -0.0031586026   0.0014064298   0.0011100745   0.0001662351
14  3  -0.0000356339   0.0002847385  -0.0478611756   0.0913999582   0.1008801215
14  4   0.0135920385  -0.0080727548  -0.0250321081  -0.0067255806   0.0046099114
14  5   0.0102998701
15  1   0.0947202674  -0.0941340224  -0.2453228234  -0.0000373841   0.0014137221
15  2  -0.0009293813  -0.0009377382   0.0000988612   0.0017221673  -0.0009451753
15  3   0.0000274508   0.0002479148  -0.1021158405   0.1008801215   0.2582742729
15  4  -0.0017356013   0.0020137368   0.0017678648   0.0110514720  -0.0102998701
15  5  -0.0157600150
16  1  -0.0375639816  -0.0202621775   0.0000000000  -0.0161879080  -0.0330229282
16  2   0.0000000000   0.0034787094   0.0040270121  -0.0015241929   0.0034787094
16  3   0.0040270121   0.0015241929   0.0016987591   0.0135920385  -0.0017356013
16  4   0.0433969525   0.0180470045   0.0000000000   0.0016987591   0.0135920385
16  5   0.0017356013
17  1  -0.0134698445  -0.3263030097   0.0000000000  -0.0034324623  -0.0077847356
17  2   0.0000000000   0.0006031871   0.0017664346   0.0009642514   0.0006031871
17  3   0.0017664346  -0.0009642514  -0.0011755360  -0.0080727548   0.0020137368
17  4   0.0180470045   0.3467003856   0.0000000000  -0.0011755360  -0.0080727548
17  5  -0.0020137368
18  1   0.0000000000   0.0000000000  -0.0441246316   0.0000000000   0.0000000000
18  2  -0.0015417109  -0.0000426941  -0.0002024326   0.0001287727   0.0000426941
18  3   0.0002024326   0.0001287727  -0.0036566410  -0.0250321081   0.0017678648
18  4   0.0000000000   0.0000000000   0.0418730674   0.0036566410   0.0250321081
18  5   0.0017678648
19  1  -0.0858351767   0.0476908309  -0.0947284375  -0.0098668132   0.0096915709
19  2  -0.0210313739   0.0017192694  -0.0002690481   0.0016395215  -0.0077096837
19  3  -0.0013510615  -0.0027036636   0.0074572190  -0.0067255806   0.0110514720
19  4   0.0016987591  -0.0011755360   0.0036566410   0.0925364260  -0.0478611756
19  5   0.1021158405
20  1   0.0460522600  -0.0889371028   0.0933782581  -0.0020651746  -0.0003708079
20  2  -0.0058355616   0.0001662351  -0.0000356339  -0.0002847385  -0.0031586026
20  3   0.0014064298  -0.0011100745  -0.0067255806   0.0046099114  -0.0102998701
20  4   0.0135920385  -0.0080727548   0.0250321081  -0.0478611756   0.0913999582
20  5  -0.1008801215
21  1  -0.0947202674   0.0941340224  -0.2453228234   0.0000373841  -0.0014137221
21  2  -0.0009293813   0.0009451753  -0.0000274508   0.0002479148   0.0009377382
21  3  -0.0000988612   0.0017221673  -0.0110514720   0.0102998701  -0.0157600150
21  4   0.0017356013  -0.0020137368   0.0017678648   0.1021158405  -0.1008801215
21  5   0.2582742729
$end
