$hessapprox internal
  0.434587020933D+00 -0.103495175141D-02  0.283481684184D+00  0.874890229507D-03
  0.640815571329D-01  0.122854217598D+00  0.274175606025D-03  0.144227744198D-01
 -0.180548867468D-01  0.433206867167D+00  0.892269927898D-02 -0.613043431419D-01
 -0.136054212542D-01 -0.257438226600D-01  0.602358087803D+00 -0.570487832481D-03
  0.321626061931D-01 -0.596511620793D-01 -0.568176873449D-02  0.290905163224D-01
  0.303645699631D+00 -0.175275841446D-02 -0.261268007301D-01  0.276515784098D-01
  0.491149556694D-02 -0.194743760887D-01  0.147857983137D-01  0.552690162664D+00
  0.395446113791D-02  0.166410011685D-01  0.262126162418D-01 -0.722150562286D-02
 -0.381416373487D-01  0.206242472619D-02  0.302627441672D-01  0.229454489098D+00
 -0.119935326081D-01  0.981468264682D-01 -0.141349395076D-01  0.759966777803D-02
  0.327639899109D-01  0.106393877766D-01  0.110382129482D+00 -0.225453805114D+00
  0.769938089385D+00
$end
