$vibrational normal modes
 1  1   0.2193776631   0.2350480706  -0.1207670994  -0.0452448831  -0.0761688305
 1  2   0.0000000000  -0.0000000000   0.0000000000   0.2408813248   0.2144816529
 1  3  -0.5040657665  -0.0283517147  -0.0000000000  -0.0304544622  -0.0000000000
 1  4   0.1194000566  -0.0000000000  -0.0176212942  -0.0367291886  -0.0277979085
 1  5  -0.0000000000
 2  1  -0.0775297806   0.0819918917  -0.3092108790   0.3714796316   0.3738991963
 2  2   0.0000000000  -0.0000000000   0.0000000000  -0.0872883683   0.0566867222
 2  3  -0.1027769954   0.1325220388   0.0000000000  -0.0179557555  -0.0000000000
 2  4   0.0320152945  -0.0000000000   0.0592469983  -0.0208858782   0.0899645638
 2  5   0.0000000000
 3  1   0.1166609661  -0.0708620314   0.0716090259   0.0311125409   0.0275371745
 3  2  -0.4096679393  -0.0131997399  -0.2587919807   0.0000000000   0.0000000000
 3  3  -0.0000000000   0.0000000000  -0.1452208788   0.0000000000   0.0559353374
 3  4   0.0000000000   0.0601440461  -0.0000000000   0.0000000000  -0.0000000000
 3  5   0.0957624873
 4  1   0.1943739271   0.2607012695  -0.1548688239   0.0529711863  -0.0618737996
 4  2  -0.0000000000   0.0000000000  -0.0000000000   0.1163643273   0.0977946101
 4  3   0.2392579577  -0.0119649796   0.0000000000   0.2911551387  -0.0000000000
 4  4   0.0015892298   0.0000000000  -0.0000293119  -0.0000880478  -0.0001049431
 4  5  -0.0000000000
 5  1   0.0346455954  -0.0330971985  -0.1562187917  -0.0691515001   0.3097667617
 5  2  -0.0000000000   0.0000000000   0.0000000000   0.1773742106  -0.2964409737
 5  3   0.0558215280  -0.0479808715  -0.0000000000  -0.2044142304   0.0000000000
 5  4   0.0042650303  -0.0000000000   0.0066185486  -0.0002023805   0.0004354188
 5  5   0.0000000000
 6  1  -0.0046778596   0.1870704638   0.2575610923   0.0064384366   0.1448451541
 6  2  -0.1133556844  -0.0027349303   0.1122147570   0.0000000000   0.0000000000
 6  3  -0.0000000000  -0.0000000000   0.0139563446  -0.0000000000  -0.4872909460
 6  4  -0.0000000000   0.0111231463  -0.0000000000   0.0000000000  -0.0000000000
 6  5   0.0005191583
 7  1   0.2165527916   0.3431074339   0.0342450258  -0.0615348245   0.0051346998
 7  2   0.2279034402  -0.0058798709  -0.2254487629  -0.2340694729  -0.1917016694
 7  3  -0.0097501888   0.0169008154  -0.0294967004  -0.2714084842  -0.2050867005
 7  4   0.0028446975   0.0013357451  -0.0004622569   0.0001248460   0.0002597040
 7  5   0.0001598514
 8  1  -0.2894990919   0.2599519728  -0.1725645785  -0.2969477238   0.2928620713
 8  2  -0.0625746985  -0.0419216092  -0.0324455274  -0.1220128490   0.2599465556
 8  3  -0.0047702825   0.0156825266   0.0048222685   0.2154747751   0.1776243195
 8  4  -0.0033979203  -0.0017485871  -0.0019960749   0.0001285912  -0.0002118028
 8  5  -0.0001072793
 9  1   0.1240479225   0.1147110069   0.3448186175   0.0410118332   0.1798495514
 9  2   0.0075662490   0.0104263523   0.0231944873  -0.0552853056  -0.3542507795
 9  3  -0.1291476397  -0.0060741881   0.0235392693   0.5459406797   0.4810090866
 9  4  -0.0036993333  -0.0062374461   0.0006489566   0.0000921952  -0.0002592357
 9  5  -0.0003929531
10  1   0.2317652951   0.1171775575  -0.2627369088  -0.0665179982  -0.1629395421
10  2  -0.2279034402   0.0058798709   0.2254487629  -0.2340694729  -0.1917016694
10  3  -0.0097501888   0.0169008154   0.0294967004  -0.2714084842   0.2050867005
10  4   0.0028446975  -0.0013357451  -0.0004622569   0.0001248460   0.0002597040
10  5  -0.0001598514
11  1   0.4283862487  -0.3975500653  -0.0449534916  -0.1147321113   0.2868823389
11  2   0.0625746985   0.0419216092   0.0324455274  -0.1220128490   0.2599465556
11  3  -0.0047702825   0.0156825266  -0.0048222685   0.2154747751  -0.1776243195
11  4  -0.0033979203   0.0017485871  -0.0019960749   0.0001285912  -0.0002118028
11  5   0.0001072793
12  1   0.1240479225   0.1147110069   0.3448186175   0.0410118332   0.1798495514
12  2   0.0075662490   0.0104263523   0.0231944873   0.0552853056   0.3542507795
12  3   0.1291476397   0.0060741881   0.0235392693  -0.5459406797   0.4810090866
12  4   0.0036993333  -0.0062374461  -0.0006489566  -0.0000921952   0.0002592357
12  5  -0.0003929531
13  1   0.1978555860   0.1826663210  -0.2626099079   0.0586867491  -0.1202904380
13  2  -0.1613746723   0.1045560100  -0.3917212734   0.0634752365   0.3398083940
13  3  -0.4996480234  -0.2946402779   0.6540820388  -0.0702660866  -0.1426701768
13  4  -0.5041492579   0.1856422253   0.2853282175   0.2018276007   0.1874568108
13  5   0.2815813950
14  1   0.1491331271  -0.1225785421  -0.3015354504   0.5440071514   0.3875034397
14  2   0.0443081134  -0.4818239614   0.0032948860  -0.3048170566   0.2092873215
14  3  -0.1436623900  -0.3111426094   0.0811218538  -0.0508009403   0.0971824025
14  4  -0.2361652524   0.4449873030  -0.4586044292  -0.2092140033  -0.1748780801
14  5  -0.2805861817
15  1   0.0000000000  -0.0000000000  -0.0000000000   0.0000000000   0.0000000000
15  2  -0.5078284404   0.2618849030  -0.4498524865   0.0122052656  -0.0115081715
15  3   0.0209814616   0.0739082123   0.1387533245  -0.0080780994  -0.0785993024
15  4  -0.1618000168  -0.0757923483   0.3804543066  -0.4357042336  -0.4032974396
15  5  -0.5807447635
16  1   0.2884888901   0.1641417049  -0.0265087047  -0.3167176362  -0.1156808108
16  2   0.0000000000  -0.0000000000   0.0000000000   0.7317801782  -0.2605907323
16  3  -0.2955473328   0.7712065974   0.0000000000  -0.1422733176   0.0000000000
16  4  -0.5553551259   0.0000000000  -0.3450708207   0.0328538587  -0.0485750121
16  5  -0.0000000000
17  1  -0.0818333948   0.0864072907  -0.3150804285   0.3883844682   0.3763596406
17  2   0.0000000000  -0.0000000000   0.0000000000  -0.1191854456   0.0836553960
17  3  -0.1122389466   0.0715689721   0.0000000000  -0.0223374003  -0.0000000000
17  4   0.0630275868  -0.0000000000   0.0640388975   0.6696634403  -0.7294046304
17  5  -0.0000000000
18  1   0.4233334153  -0.3573714033   0.1181614677   0.1087180126   0.0205209500
18  2  -0.3683851149  -0.6104726842  -0.3224151561   0.0000000000   0.0000000000
18  3  -0.0000000000  -0.0000000000   0.2617407032  -0.0000000000  -0.2783941164
18  4  -0.0000000000  -0.7209223557   0.0000000000  -0.0000000000  -0.0000000000
18  5   0.0163266117
19  1   0.1870838628   0.3426435453  -0.0523218914   0.0622152523  -0.0012798356
19  2   0.1613746723  -0.1045560100   0.3917212734   0.0634752365   0.3398083940
19  3  -0.4996480234  -0.2946402779  -0.6540820388  -0.0702660866   0.1426701768
19  4  -0.5041492579  -0.1856422253   0.2853282175   0.2018276007   0.1874568108
19  5  -0.2815813950
20  1  -0.3591896586   0.3429878217  -0.3918947592   0.4149832774   0.3917375897
20  2  -0.0443081134   0.4818239614  -0.0032948860  -0.3048170566   0.2092873215
20  3  -0.1436623900  -0.3111426094  -0.0811218538  -0.0508009403  -0.0971824025
20  4  -0.2361652524  -0.4449873030  -0.4586044292  -0.2092140033  -0.1748780801
20  5   0.2805861817
21  1   0.0000000000   0.0000000000   0.0000000000   0.0000000000   0.0000000000
21  2  -0.5078284404   0.2618849030  -0.4498524865  -0.0122052656   0.0115081715
21  3  -0.0209814616  -0.0739082123   0.1387533245   0.0080780994  -0.0785993024
21  4   0.1618000168  -0.0757923483  -0.3804543066   0.4357042336   0.4032974396
21  5  -0.5807447635
$end
