$hessapprox internal
  0.140512172352D+00 -0.869359073311D-02  0.616364197069D+00 -0.271546780371D-01
 -0.203298130152D-03  0.402053934306D+00  0.702414603427D-02 -0.174127935848D-02
  0.971548619068D-03  0.111606210179D+01 -0.975573620920D-01 -0.499894895608D-02
  0.125623238326D-01  0.874850861513D-02  0.670117546387D+00 -0.220152250570D-01
  0.132184800631D-02 -0.112167376712D-01 -0.390370212358D-02 -0.209624017893D-01
  0.484308602833D+00  0.240268783326D-02 -0.394199677599D-04 -0.103519517090D-02
  0.217008568801D-03  0.109437134882D-02 -0.237302868214D-02  0.443327396232D+00
 -0.121821698001D-01  0.284754839280D-02  0.333201551370D-02 -0.375894302990D-03
  0.102234146985D-01  0.668242859064D-02  0.287705712463D-03  0.372858893875D+00
 -0.283849868280D-01 -0.913142915947D-02 -0.130163645150D-01  0.176208506784D-01
  0.301795380581D-01 -0.167985690684D-01 -0.437346001624D-02 -0.465309980229D-02
  0.189843044286D+00  0.143556108913D-02 -0.348545421573D-03 -0.193513235734D-03
  0.157533072532D-03 -0.269731281574D-02 -0.409327775100D-03  0.490930097520D-04
  0.232089726797D-03 -0.125509085241D-02  0.443874342063D+00 -0.131359963442D-01
  0.111302475485D-02  0.495762474521D-02  0.909637120556D-03  0.145707640243D-01
  0.326273482408D-02 -0.287009876256D-04 -0.148959120464D-03 -0.151394018384D-02
  0.230731619206D-03  0.371834954777D+00  0.260929269148D-01 -0.825226614551D-02
 -0.194786614358D-01  0.101243171233D-01  0.147383308497D-01 -0.100347847803D-01
 -0.165843490598D-02 -0.240589965033D-02  0.813364921732D-01 -0.137462328897D-02
 -0.273913965175D-02  0.208807933926D+00  0.288476225394D-02  0.214348498085D-04
 -0.626525162512D-03 -0.522852740619D-04 -0.368596507747D-02  0.331398892389D-03
  0.391637323530D-04 -0.271296262108D-03 -0.740130505175D-03  0.143496178984D-04
 -0.254914000515D-03 -0.187507077337D-03  0.443732055648D+00 -0.158546747770D-01
  0.212735895759D-03  0.374118002535D-02  0.780396655760D-03  0.129097303117D-01
  0.558089067034D-03 -0.383083249769D-03  0.687776169278D-03  0.177155680153D-02
 -0.891516429128D-04  0.987790029206D-03 -0.386205069368D-02 -0.308610424077D-03
  0.373479064536D+00  0.741347350271D-02  0.981143928015D-02  0.335339078156D-02
 -0.587843495456D-02  0.211780837203D-01  0.209052928255D-01  0.282694237817D-02
  0.525472518477D-02  0.756525089970D-02  0.698239348703D-03  0.298205340241D-02
  0.775757344397D-01 -0.127484803108D-02  0.468570945349D-03  0.172116559120D+00
 -0.583719845893D-02 -0.874991033439D-03  0.202997396373D-02  0.859298257804D-03
  0.512909145862D-02 -0.568841030641D-03 -0.249016556882D-03 -0.269750139976D-03
  0.427559360766D-02 -0.132885817205D-03  0.741636317543D-03 -0.110337868333D-02
 -0.186003084974D-03  0.110478812478D-02 -0.408071083219D-02  0.445073162717D+00
  0.161590429198D-01  0.503623934539D-03 -0.154043352142D-02  0.396999417780D-03
 -0.497538521671D-02  0.699937799833D-03  0.592162841452D-03 -0.190888176522D-02
 -0.627770052094D-02  0.567982159098D-03 -0.269068639227D-02  0.370065912365D-02
  0.341786223078D-03 -0.232877924982D-02  0.372100994132D-02 -0.113106823825D-02
  0.373327851641D+00 -0.136475539232D-03  0.333624783557D-01 -0.118286290159D-02
 -0.296919486877D-01  0.160568703263D-01  0.734267798249D-01  0.552477451996D-02
  0.157304308198D-01 -0.431611447998D-01  0.146147222438D-02  0.125751545734D-02
  0.387450227415D-01 -0.106808512244D-02 -0.261901786385D-02  0.142182475040D+00
 -0.151107958195D-01  0.664933686950D-02  0.390404300094D+00  0.203237406363D-02
 -0.138606456974D-02  0.109843472348D-02  0.930925363078D-03  0.754427319672D-02
 -0.247213669748D-02 -0.241367009534D-03 -0.171109860899D-02  0.916418670853D-02
  0.220811444797D-03  0.379766511014D-04  0.484683137805D-02 -0.124646575510D-03
  0.707668166903D-03 -0.973700208385D-02  0.129249828641D-02 -0.971472094011D-03
 -0.329182717519D-01  0.445354313503D+00  0.469467585447D-02 -0.674616494432D-05
 -0.562683378868D-02 -0.365740443147D-02 -0.614276823396D-02 -0.417956830477D-02
 -0.399430009730D-03  0.218064257661D-02  0.131885255721D-01 -0.234162457080D-03
  0.254666226615D-02  0.558897503115D-02 -0.179947215403D-04  0.726452637493D-03
 -0.739782415473D-02 -0.520742226740D-03  0.224645890961D-02 -0.665686451194D-02
 -0.136128815323D-02  0.366073259196D+00 -0.910744413965D-01  0.266457872366D-01
  0.640028887358D-02 -0.135758794971D-01  0.132227658762D+00  0.384268533291D-01
  0.230172529444D-02  0.162123525899D-01  0.418371201205D-01  0.864381200758D-03
  0.986250449185D-02 -0.117504939767D-01 -0.369246088393D-02  0.921099278820D-02
  0.896127251817D-01 -0.580178561760D-02 -0.471842425587D-02  0.242531498212D+00
 -0.226057919229D-01 -0.631899172109D-02  0.392810298553D+00  0.377221982775D-01
  0.157199055098D-01 -0.792523588788D-03 -0.184352133424D-01 -0.163214452337D+00
  0.639804614982D-01  0.722611846720D-03 -0.166147930613D-02 -0.206501825704D-01
  0.122202476436D-02 -0.122140507377D-01 -0.279688928935D-01  0.319035466296D-02
 -0.924371155472D-02 -0.299308320132D-02 -0.775568541792D-02 -0.667222419699D-03
  0.849062147001D-01 -0.146890510189D-01  0.149025837530D-01 -0.225366833889D-01
  0.220199074084D+00 -0.147164235663D-01  0.251910554551D-02  0.727824647787D-03
 -0.164823525634D-02  0.852717549460D-02 -0.545704493648D-03 -0.170429325523D-03
  0.266631373340D-02 -0.751240293834D-02  0.118726570027D-03  0.253467560053D-02
 -0.624143621135D-02 -0.370663090826D-03  0.175843547839D-02  0.698228171845D-02
 -0.350601635409D-04 -0.585802399709D-03  0.173092677371D-01 -0.194845141846D-02
 -0.314556227046D-02  0.146140661223D-01  0.632606994439D-02  0.551021980330D+00
  0.364237157415D-01  0.110721014727D-02 -0.243170675232D-01 -0.384772776399D-02
 -0.403784235854D-02  0.253198898501D-02  0.159404398611D-02  0.187837588179D-02
  0.250711107866D-01 -0.725464170400D-03 -0.395394746785D-02  0.459020520403D-01
  0.688253246366D-03 -0.656495471176D-02  0.120887601732D-01 -0.680253294395D-02
  0.869204003056D-02  0.916095396783D-01 -0.538406269042D-02  0.378375958676D-02
  0.713601162594D-01  0.143357295672D-01 -0.444513119352D-02  0.517980651036D+00
  0.384587115222D-02  0.530750931972D-03  0.483944798513D-03  0.142476012625D-02
  0.216367906058D-01 -0.189299968495D-02 -0.178404041420D-03 -0.197761673537D-02
  0.505550456918D-02  0.880980124101D-03 -0.260646740809D-02  0.870400684507D-02
  0.520225091925D-04 -0.111765420150D-02  0.381443045925D-02  0.605444862343D-04
 -0.142184441994D-02 -0.661060349102D-03 -0.519430709438D-03  0.326708616215D-02
  0.750898351548D-02 -0.224591819681D-01 -0.171372426790D-03  0.113219865736D-01
  0.378023014715D+00  0.222076921994D+00  0.168902432523D-02 -0.179878846019D-01
  0.108263746265D-01 -0.129379445817D+00  0.291585846619D-01  0.102584782992D-01
 -0.254191181445D-01 -0.926005247149D-01  0.410383747661D-02 -0.347948177747D-01
  0.410523728009D-01  0.472919447715D-02 -0.318981001498D-01  0.467183110870D-01
 -0.163673333808D-01  0.210183278755D-01  0.972644159486D-01 -0.684767335125D-02
  0.363699184771D-01 -0.695367192784D-01  0.188799289963D-01 -0.376743237478D-02
  0.103629641362D+00 -0.511393809444D-02  0.674994287147D+00 -0.326657750837D-01
  0.194426981341D-01 -0.490986334704D-01 -0.135885300560D-01  0.691211041486D-01
  0.442181068503D-01 -0.236428020063D-02  0.107631269613D-01  0.855960181180D-01
 -0.154587806207D-02 -0.830748517492D-02  0.107964340292D+00 -0.157218880971D-03
 -0.780802288220D-02  0.335546927569D-01 -0.147425418960D-01  0.141734159052D-02
  0.302875840621D+00 -0.227732470033D-01  0.209967855421D-01  0.284622314458D+00
  0.687677548328D-01 -0.994909094584D-03  0.237943497977D+00  0.664275460623D-02
  0.307169317894D-01  0.782189641314D+00 -0.181060100564D-01  0.569164457204D-03
  0.352287415883D-02 -0.850538923207D-03  0.151694895069D-01  0.191116081109D-03
 -0.430156840045D-03  0.242177993281D-02  0.545808658352D-02 -0.299168636203D-03
  0.247912526944D-02 -0.285685694981D-02 -0.436981719046D-03  0.234589862236D-02
  0.314508986466D-02  0.838851216518D-03 -0.165210398530D-02  0.305412866457D-02
 -0.569736337636D-05 -0.153395506297D-02  0.177620339046D-01 -0.736244515072D-02
  0.224668429837D-02 -0.651988441759D-02  0.452224540451D-03 -0.240275761026D-01
  0.378157381790D-04  0.634248106364D+00 -0.392988891909D-01 -0.974191075588D-04
  0.825539904904D-02  0.734256754224D-03  0.244930037971D-01  0.239541003738D-02
 -0.885623959146D-03  0.284837095837D-02  0.989330871815D-02 -0.796317270288D-03
  0.418755318011D-02 -0.844580680879D-02 -0.856413554790D-03  0.488765280586D-02
 -0.363277300753D-02  0.268316721184D-02 -0.466904277249D-02 -0.130185666716D-01
  0.206506391115D-02 -0.851687028905D-03  0.173630918251D-01 -0.159458683419D-01
  0.376877509758D-02 -0.188723897479D-01  0.333170961332D-03 -0.720354499793D-01
 -0.131762550171D-01  0.527113870894D-02  0.641696613460D+00 -0.283607966130D-01
 -0.826921593051D-03  0.109034836623D-01  0.297787669879D-02  0.207713532029D-01
  0.590616675963D-02 -0.140245088654D-03 -0.420933431211D-03  0.807517628796D-02
 -0.407820100227D-03  0.999811802044D-03 -0.695374880234D-02 -0.552702245113D-03
  0.317741410758D-02 -0.525347090568D-02  0.271456876258D-02 -0.521080650657D-02
 -0.243517058685D-01  0.317929912928D-02  0.390256723109D-02  0.606727506485D-02
 -0.267765269322D-01  0.422743733211D-02 -0.182138352106D-01 -0.172694617337D-02
 -0.820675364261D-01 -0.292598424901D-01  0.458622509309D-02  0.927331160390D-02
  0.643852998538D+00  0.297868913000D-01 -0.991527034734D-04 -0.528556699268D-02
 -0.110706226628D-02 -0.253661005241D-01  0.269955475276D-02  0.131284272627D-02
 -0.197611029104D-02 -0.119685455217D-02  0.147213986190D-03 -0.206252268251D-02
  0.815013577715D-02  0.477286766625D-03 -0.292450245548D-02 -0.259319710954D-02
 -0.205448133302D-02  0.408309144349D-02 -0.553823852978D-03 -0.120801189270D-02
 -0.578002455400D-03 -0.200057435480D-01  0.140980576796D-01 -0.281667855448D-02
  0.107670833135D-01  0.272420256351D-02  0.504720444382D-01  0.119935595630D-01
 -0.393530431737D-02 -0.908484264064D-02 -0.683530687834D-02  0.634304569142D+00
  0.442817233623D-01 -0.831555531654D-03 -0.881065249014D-02  0.506157429721D-03
 -0.207637036988D-01 -0.424633986726D-02  0.824192443036D-03 -0.453481007357D-02
 -0.642082743691D-02  0.981819319395D-03 -0.440916472651D-02  0.130170897341D-01
  0.752591095757D-03 -0.477549255391D-02 -0.248662982425D-02 -0.200446414319D-02
  0.455953414244D-02 -0.840817813692D-02 -0.112399712214D-02 -0.285856187381D-03
 -0.362539437441D-01  0.614089040030D-02 -0.592444637110D-02  0.174448332943D-01
 -0.141136057993D-03  0.741238317472D-01 -0.168300201941D-02 -0.564700392654D-02
 -0.114940571206D-01 -0.771005804860D-02  0.873500689361D-02  0.648168239377D+00
  0.216154113162D-01  0.500237212266D-03 -0.441334786689D-02 -0.794902777823D-03
 -0.125978236720D-01 -0.279620311470D-03  0.634263635324D-03 -0.121791308063D-02
 -0.543031434129D-02  0.408004527353D-03 -0.194809804422D-02  0.455452476966D-02
  0.399659250224D-03 -0.253837254304D-02  0.249276907978D-02 -0.170047799245D-02
  0.284933611563D-02  0.905504364907D-02 -0.157128762760D-02 -0.833046365904D-04
 -0.731743290164D-02  0.870465314328D-02 -0.190622834406D-02  0.110947303997D-01
  0.445967027364D-03  0.417833221363D-01  0.993577007940D-02 -0.277371658681D-02
 -0.661815704319D-02 -0.511580207913D-02  0.453014019067D-02  0.605361511848D-02
  0.629248682889D+00 -0.164958792530D-01 -0.866727045402D-03 -0.384535783333D-02
 -0.112872100493D-02  0.501031517641D-02 -0.100401383403D-01 -0.105363570372D-02
  0.383260330352D-02  0.774768677030D-04 -0.577833247085D-03  0.439614012335D-02
 -0.423902835867D-02 -0.367151051980D-03  0.244978389132D-02  0.489626343668D-02
  0.889848318112D-03  0.520330524346D-03  0.136943787046D-01  0.399889545381D-03
 -0.633140505058D-02  0.162106756684D-01  0.867568409353D-02 -0.134060216135D-02
 -0.637363925865D-02  0.316889705211D-02  0.885510759255D-02  0.748098499260D-02
  0.102188160085D-02  0.399469168469D-02  0.795538825001D-02 -0.297483601561D-02
 -0.419537887753D-02 -0.229873900590D-02  0.431163725010D+00 -0.303452937913D-01
  0.144858589331D-02  0.294599905307D-02 -0.158447420789D-02  0.172832658383D-01
 -0.478641896155D-03 -0.817039928675D-03  0.458306838576D-02  0.253005768756D-04
 -0.606133536331D-03  0.416022824596D-02 -0.789399057963D-02 -0.631895009425D-03
  0.339960790247D-02  0.668131192461D-02  0.787983178705D-03 -0.197160504875D-02
  0.198257426268D-01 -0.636813220151D-03 -0.268668991357D-02  0.317046850091D-01
  0.941350765892D-03  0.321712398320D-02 -0.757647767872D-02  0.103861253490D-02
 -0.299365395159D-01  0.124208876968D-01  0.362695975286D-02  0.741838069468D-02
  0.680969634742D-02 -0.557263369420D-02 -0.865197289367D-02 -0.381598250948D-02
 -0.699352910936D-04  0.442531899678D+00 -0.700240844892D-02 -0.115588685653D-02
  0.375244923755D-02  0.126576284874D-02  0.913471926055D-02  0.216028594745D-03
 -0.178388081216D-03 -0.621135300692D-03  0.810115543280D-02 -0.852834975575D-04
  0.367761188922D-04 -0.467231688059D-03 -0.106380953866D-03  0.952959288784D-03
 -0.465052743790D-02  0.122407975988D-02 -0.184079865471D-02 -0.178005812571D-01
  0.171675133774D-02  0.146709849542D-02 -0.174241908443D-02 -0.143915783430D-01
  0.938295126830D-03 -0.617988329631D-02 -0.753771830293D-03 -0.269294735372D-01
 -0.136783853175D-01  0.118186140724D-02  0.309098241782D-02  0.161769897123D-02
 -0.177407661828D-02 -0.187313338792D-02 -0.170303971615D-02  0.262635054287D-02
  0.159213656240D-02  0.437858774704D+00 -0.456950446324D-01  0.512264653986D-01
  0.208571848809D-01 -0.481372386663D-01  0.315192016774D-01  0.964311438963D-01
  0.827172187591D-02  0.244801126844D-01 -0.136684592930D+00  0.337355071007D-02
  0.713835194462D-02 -0.127425051463D+00 -0.165663363382D-02  0.305766994800D-02
  0.943414607366D-01 -0.170373877940D-01  0.341276452849D-02  0.383869232172D+00
 -0.466306846951D-01 -0.174249871772D-01  0.336749502230D+00  0.116683268538D+00
  0.288793665918D-01  0.652928969964D-01 -0.866595018125D-02  0.670670953405D-01
  0.267236078810D+00  0.915283212072D-02 -0.248039061903D-02 -0.173854880770D-01
 -0.126435477300D-01 -0.298544250112D-01  0.395198496553D-02  0.207681526428D-01
  0.360043196041D-01 -0.197931468684D-01  0.646171022417D+00  0.703702998013D-01
  0.327904138165D-02  0.226979917037D-01 -0.975653002434D-02 -0.707978165254D-01
  0.162142694212D-01  0.577350041876D-02  0.469564378563D-03 -0.963281747245D-01
  0.150752202667D-02  0.287545497608D-02  0.445981280302D-01  0.391594923787D-03
 -0.203979002628D-02  0.114399488877D+00 -0.209658900495D-02  0.957995659679D-02
  0.321557941366D-01 -0.376250941893D-02 -0.189799919436D-01 -0.126972216212D+00
  0.135251308481D-01  0.843220739308D-02 -0.902045958766D-01 -0.342053612279D-02
  0.126706939581D+00 -0.305970697270D+00 -0.591420183993D-02 -0.138223256240D-01
 -0.728059756031D-02  0.178950418649D-02  0.142539782178D-01  0.641293288490D-02
 -0.138981838985D-02 -0.620851967088D-02 -0.696493840300D-02 -0.212427989753D-01
  0.356372091915D+00 -0.375221045458D-01  0.222795802260D-01 -0.209454253106D-01
 -0.995323483490D-02  0.942569217110D-01  0.451782746430D-01  0.671702698755D-03
  0.129166529723D-01  0.103551891297D+00 -0.266047359151D-03  0.136007982022D-02
  0.146981759766D+00 -0.245388646979D-02 -0.203481490863D-03  0.159493483483D+00
 -0.109584694255D-01  0.137308574119D-02  0.320061888075D+00 -0.228398929233D-01
  0.472500714413D-02  0.314477129985D+00  0.173367314647D-01  0.795091517469D-02
  0.144282803978D+00  0.101621737325D-01  0.159800623630D-01  0.463176527221D+00
  0.915049979931D-02 -0.229125201554D-02 -0.143267412530D-01 -0.222394080765D-02
 -0.143288172702D-01  0.352518355073D-02  0.119817095585D-01  0.199843646047D-01
 -0.870596471396D-02  0.250213027514D+00 -0.892904352936D-01  0.495175932071D+00
$end
