$vibrational normal modes
 1  1  -0.0662671480   0.2262646014  -0.0265699957   0.0847261381   0.2195782417
 1  2   0.1940474929   0.0038411188  -0.0399014890  -0.1240612725   0.0114140291
 1  3  -0.0197519724  -0.0316944772   0.0009301277   0.0353323636  -0.0097478803
 1  4   0.0019044693  -0.1460924920  -0.0149264634  -0.0508410962   0.0126198764
 1  5  -0.0035270410  -0.0002199936   0.0005661869  -0.0001196707  -0.0029470479
 1  6   0.0789605268  -0.0389326648   0.0677067599  -0.0482625211  -0.0004392625
 1  7   0.0655178753   0.0002715073   0.0034860852   0.0219623855   0.2898719486
 1  8   0.1469022384   0.0283140165   0.0683873932   0.3651159117  -0.0106612754
 1  9  -0.0081349083  -0.0067353042  -0.0090415963  -0.0090665092   0.0000374832
 2  1   0.3088607480  -0.1074564650   0.0377293871  -0.0279775614   0.0152412453
 2  2   0.2005094906  -0.0156720669  -0.2552918506   0.0653710184  -0.1402077408
 2  3  -0.0020334613  -0.0722762211  -0.0345931793  -0.0548011250   0.1870406002
 2  4  -0.1632671144   0.0076785433  -0.1067646259   0.0204338572  -0.0306301840
 2  5   0.0942833402   0.0182920725  -0.0995051652  -0.0572459168  -0.0937882676
 2  6  -0.0282122163   0.0017107994   0.0010207410   0.0003953285   0.0008903388
 2  7   0.0007259859  -0.0001604451  -0.0001210295   0.0001090676   0.0031723776
 2  8   0.0019137566  -0.0017840782  -0.0026255519   0.0047376802   0.0008869201
 2  9   0.0004722202   0.0007486923   0.0004755104   0.0008217280   0.0000021189
 3  1  -0.0012860979   0.0467910376  -0.0846599927   0.0632083018  -0.2068130496
 3  2   0.0417004998  -0.0054444217  -0.0416313990   0.0535445116   0.1118216821
 3  3  -0.0684947373  -0.0706833292   0.0164967731   0.1492377131   0.0819344113
 3  4   0.0836888876   0.0197254238  -0.0655657848  -0.2218309649   0.0493456228
 3  5  -0.0102731024   0.0014732167   0.0017193443   0.0005852834  -0.0231315759
 3  6   0.3583245890  -0.1515100087  -0.0175144462  -0.0178183077  -0.0027556546
 3  7  -0.0179661327  -0.0102922181  -0.0062948473  -0.0018466399  -0.0692810470
 3  8  -0.0357047613   0.0936675178   0.1448799428  -0.1041393890  -0.0477452147
 3  9  -0.0266806830  -0.0406542984  -0.0273882300  -0.0429146353  -0.0000172587
 4  1  -0.0663080286   0.1903377774   0.0256635968   0.0419647678   0.1458942565
 4  2   0.1740532260  -0.0057875261  -0.0228342342  -0.0093365171   0.0153443046
 4  3   0.0067529573   0.0300572072   0.0035366758  -0.0146103809   0.0199628779
 4  4  -0.0371416125  -0.2840202548   0.0556140462   0.2138010693  -0.0624938156
 4  5   0.0141954502  -0.0004186433   0.0004377979   0.0011471164   0.0053450127
 4  6  -0.0898321024  -0.2092527194  -0.0230410336   0.1169315598   0.0091213546
 4  7  -0.0210688739  -0.0092540186   0.0118525968   0.0416295097  -0.0849125904
 4  8  -0.0511297344   0.0804665094  -0.0024880235  -0.1946908313   0.0329100821
 4  9   0.0444923577  -0.0385687143   0.0138163049  -0.0471276997  -0.0000244319
 5  1   0.3763446727   0.0488232111   0.1012663300   0.0879373616   0.0255374623
 5  2   0.0426297473  -0.2045794218  -0.0554668843  -0.0026365453   0.0485469579
 5  3  -0.0102283625   0.0732542230  -0.1720909395   0.1206088709  -0.1324899045
 5  4   0.1254525241  -0.0029598496   0.1611874322  -0.0675725433  -0.0297400857
 5  5   0.0185599548   0.0780442655   0.0200952526  -0.0485881579   0.1135473806
 5  6   0.0264045746  -0.0016685617  -0.0021881130  -0.0035581908  -0.0012683158
 5  7  -0.0005250525  -0.0007788489   0.0008119011   0.0008316505  -0.0065798534
 5  8   0.0029671289   0.0029560620   0.0071937727  -0.0048845885   0.0000037912
 5  9   0.0000321237  -0.0001200221  -0.0001405230   0.0000462270  -0.0000084587
 6  1   0.0006813545   0.0124751539  -0.0261008114   0.0202746983  -0.2864413747
 6  2   0.0153032946  -0.0226089317  -0.0173290708   0.1705578206   0.1196463096
 6  3  -0.0418418725  -0.0079084289   0.0148781372   0.1034800589   0.0935460148
 6  4   0.0472565590  -0.1949867390   0.0058440195   0.0209742802  -0.0202033762
 6  5   0.0040534636   0.0015246066   0.0006878311  -0.0013475819   0.0039008104
 6  6  -0.0132361626  -0.0002763936  -0.0253305593   0.0888932559   0.0047456845
 6  7   0.0433736083   0.0494968844  -0.0491535805  -0.0380248822   0.2530374093
 6  8  -0.1346244194  -0.1146579221  -0.2968165077   0.1575557337   0.0109623994
 6  9   0.0140709567  -0.0089989295   0.0079149401  -0.0147134230   0.0000904249
 7  1  -0.0653005296   0.1394005150   0.1017446602  -0.0183167763   0.0398802718
 7  2   0.1443940830  -0.0217332959   0.0030330170   0.1731875675   0.0434977320
 7  3   0.0337756308   0.1003080084   0.0110583524  -0.0230936841   0.0993976037
 7  4   0.0088544879   0.1648504803   0.0578374770   0.1901230704  -0.0395557838
 7  5   0.0121526714  -0.0016612930   0.0010985912  -0.0021794597  -0.0136792196
 7  6   0.2879761410   0.0591285671   0.0184920514   0.0735866131   0.0048027301
 7  7  -0.0125463118  -0.0227145472   0.0331950435  -0.0066581321  -0.2019119708
 7  8  -0.0373490118  -0.1276101397   0.1687891180   0.2152407401  -0.0104469640
 7  9  -0.0140050159   0.0298204292   0.0400053355  -0.0332504967  -0.0000830773
 8  1   0.2922626413   0.1349391828   0.0508129834   0.0306738485   0.0178202230
 8  2  -0.0392628497  -0.1839580570   0.1992510238  -0.0831143255   0.1472612517
 8  3   0.0102335533   0.0262939847   0.2165635231  -0.0931530384  -0.0403861743
 8  4  -0.0692613086   0.0138357028  -0.1275406622   0.0355996282  -0.0122379873
 8  5   0.0613743361   0.0612750192   0.0841872956   0.0862826612  -0.0758808605
 8  6  -0.0128113146   0.0016585457   0.0031023908   0.0074776929  -0.0030237841
 8  7  -0.0005420465   0.0022809332   0.0011499840   0.0025292982   0.0039515212
 8  8  -0.0035425119   0.0004961465  -0.0052266928   0.0018394704  -0.0003029975
 8  9  -0.0004716296   0.0009477639   0.0014021164  -0.0011898598   0.0000622878
 9  1  -0.0014033894   0.0257658996  -0.0442233574   0.0324832742  -0.2629142744
 9  2   0.0201220210  -0.0181534292  -0.0180113460   0.1169515647   0.1041183100
 9  3  -0.0420800587  -0.0202983302   0.0181653282   0.0786999217   0.0554883014
 9  4   0.0100962554  -0.2794422303   0.0014693866   0.0292943129  -0.0166506895
 9  5   0.0032366744   0.0019185756   0.0000439827   0.0019709517   0.0125953506
 9  6  -0.2597406558   0.0475196616   0.0795448004  -0.0914001620  -0.0015873384
 9  7   0.0071301960  -0.0002449565   0.0411882865  -0.0520012227  -0.2271137016
 9  8   0.1016241901  -0.0605768732   0.2708563410   0.0332636733   0.0086969131
 9  9   0.0123980973  -0.0264463901  -0.0394409727   0.0345546964  -0.0002280427
10  1  -0.0629111425   0.1263914038   0.1252255033  -0.0330204355   0.0097143811
10  2   0.1341955607  -0.0292549537   0.0097233949   0.2125130300   0.0502705265
10  3   0.0320228556   0.0893098164   0.0156132129  -0.0045331096   0.0892630799
10  4   0.0252164710   0.1352830204   0.0149981113   0.0519522684  -0.0097456887
10  5   0.0043393131   0.0000207096   0.0014202335   0.0007672097  -0.0025738890
10  6   0.0238159924   0.0124899606   0.0095108476  -0.0841465471  -0.0090432321
10  7   0.0054408097  -0.0027921284   0.0029419261  -0.1455600837   0.2499246215
10  8   0.1575200223   0.0355120299  -0.0772310406  -0.3280167748  -0.0003803299
10  9   0.0011515344   0.0005593981  -0.0024611015   0.0008675110  -0.0001217487
11  1   0.1411720418   0.0623062188  -0.0630947391  -0.1427961215  -0.0001856854
11  2   0.0391539396   0.0127442835   0.2605131664  -0.0893746641   0.0594458708
11  3  -0.0012750460  -0.0500852684  -0.0291963326  -0.0649881801   0.2821070567
11  4  -0.2632473237   0.0085060170   0.1665727013  -0.0821283734   0.0001605075
11  5  -0.1550247250   0.0008186889  -0.0506614071  -0.0088960983   0.0063467782
11  6  -0.0044131133  -0.0030511096   0.0022059222   0.0034997224   0.0224381384
11  7   0.0002424588  -0.0077338024  -0.0043647046  -0.0025388818   0.0055523190
11  8   0.0024092598  -0.0013886156   0.0017430228  -0.0054314306  -0.0000068595
11  9  -0.0000099470  -0.0000547459  -0.0000370695   0.0000501993   0.0001063774
12  1  -0.0049276572   0.0724322598  -0.1209338741   0.0880329687  -0.1593198414
12  2   0.0525516317   0.0063648469  -0.0333237944  -0.0254875811   0.0336500690
12  3  -0.0291446447  -0.0134433240  -0.0088240027  -0.0551787729  -0.0467016255
12  4  -0.0954252858  -0.0172175789   0.0708359982   0.2194638780  -0.0419403248
12  5   0.0072094109   0.0015096235   0.0021762836   0.0021449015  -0.0112775845
12  6   0.1018037702   0.0655427253  -0.1239650019  -0.2709270903  -0.0307089374
12  7  -0.0065440668  -0.0846856810   0.0277482008   0.0360459762  -0.0467890369
12  8  -0.0428733085   0.1185113361  -0.1457213030   0.0905327851   0.0011232314
12  9  -0.0012056352  -0.0014977189   0.0005593108   0.0009368201   0.0001564592
13  1  -0.0638876177   0.1610848020   0.0728552510   0.0079431565   0.0823413116
13  2   0.1547536220  -0.0181218648  -0.0087738655   0.1137622485   0.0614387954
13  3   0.0088045394   0.0441319629   0.0192990531   0.0677838887   0.1262689736
13  4   0.1075179315   0.2508493745  -0.0450065263  -0.1561732792   0.0256768083
13  5  -0.0092606459   0.0013812376  -0.0017866253   0.0034087581   0.0172705163
13  6  -0.3638730661  -0.0313275623  -0.0974762282  -0.0331232430  -0.0030998453
13  7  -0.0120703048   0.0015433676  -0.0117262320   0.0189136477  -0.0758715482
13  8  -0.0851200429   0.0846928152   0.0097163675   0.1785505427   0.0335830049
13  9  -0.0541202697  -0.0405599083   0.0306765908   0.0148634193   0.0000720075
14  1   0.0720369242  -0.0939193610  -0.1277898408  -0.2603436611  -0.0106632480
14  2   0.1970495270   0.2038655508   0.1680503845  -0.0776822975   0.1591386217
14  3  -0.0047783629   0.0923522560  -0.1712377027   0.1184020863  -0.0518077120
14  4  -0.0605040710   0.0032480193  -0.1176302979   0.0197104889  -0.0174651272
14  5   0.0850071661  -0.0825316179   0.1011845934  -0.0846880961  -0.0059757550
14  6  -0.0050187739  -0.0018641999   0.0005030502  -0.0008559216  -0.0039162802
14  7   0.0001742055   0.0037354013  -0.0002888255  -0.0014903594  -0.0071977867
14  8   0.0012334287   0.0032296735  -0.0066227534   0.0045952760   0.0001423496
14  9  -0.0001917298  -0.0001220624   0.0000418818   0.0000270300   0.0000202345
15  1  -0.0073335479   0.1079988109  -0.1803636311   0.1313058979  -0.0788170728
15  2   0.0784123307   0.0207243717  -0.0582737606  -0.1392336290   0.0566566619
15  3  -0.0712209783  -0.0945592814  -0.0070869328   0.0474375417  -0.0494459316
15  4  -0.0279213514   0.1867725541   0.0236136876   0.0938558950  -0.0065827625
15  5   0.0075032691  -0.0029777013   0.0010690666  -0.0030074045   0.0058833180
15  6  -0.0977964642   0.0641004319  -0.0744919000   0.0642551284   0.0016317731
15  7  -0.0061262370  -0.0650517038   0.0478116438   0.0383186359   0.2981210788
15  8  -0.0585437137  -0.1162296318   0.2886424240  -0.1874627097   0.0093546538
15  9  -0.0160506867  -0.0134052518   0.0118413353   0.0059800862  -0.0001216018
16  1  -0.0650612187   0.2117034708  -0.0030774549   0.0677917109   0.1879421193
16  2   0.1844394177  -0.0029607934  -0.0342339281  -0.0740841062   0.0265925779
16  3  -0.0181305110  -0.0211915624   0.0056823799   0.0660456709   0.0352879597
16  4   0.0406158801  -0.1868869503  -0.0506115407  -0.1734976787   0.0330563494
16  5  -0.0110124791   0.0015208562   0.0006659057  -0.0010959036  -0.0064137999
16  6   0.0766428882   0.1937890380  -0.0572564863  -0.0248998243  -0.0061415451
16  7  -0.0283876701   0.0183866116  -0.0345138138   0.0516789646  -0.1782533447
16  8   0.0203904712  -0.1263837617  -0.1718787162  -0.2046826161  -0.0329909926
16  9   0.0225045613  -0.0202715321   0.0367648338   0.0270722145   0.0000010550
17  1   0.1569327471  -0.1788544363  -0.0766422407  -0.2019007260  -0.0028346539
17  2   0.2777363452   0.1961690523  -0.0989792350   0.0026466381   0.0277400349
17  3   0.0137883986   0.0035775192   0.2091105207  -0.0647931813  -0.1122375992
17  4   0.1163511217  -0.0163806311   0.1599881540  -0.0724472397  -0.0215700084
17  5   0.0214885593  -0.0688347984  -0.0333223553   0.1178389744   0.0476471375
17  6   0.0148621102   0.0041673630  -0.0027213930  -0.0020016416  -0.0008611897
17  7   0.0001379573  -0.0003620320   0.0010102555   0.0002089586   0.0034966736
17  8  -0.0030079720   0.0002089924   0.0051469767  -0.0017910930  -0.0009441703
17  9   0.0005446516  -0.0006980563   0.0010865518   0.0007443192  -0.0000099636
18  1  -0.0052885503   0.0944974876  -0.1617031844   0.1186607097  -0.1031193187
18  2   0.0732198705   0.0174300434  -0.0599394990  -0.1031280170   0.0691283285
18  3  -0.0738123921  -0.0965317971   0.0048445053   0.0691420284  -0.0267387747
18  4  -0.0017699410   0.3008727161   0.0295088095   0.0904322728  -0.0030205215
18  5   0.0069488836  -0.0024274647  -0.0016727082   0.0021993185   0.0070695162
18  6  -0.0677944830  -0.0880797498   0.1009964112   0.0408464312   0.0072919354
18  7  -0.0222560496   0.0677142183  -0.0440918863   0.0184655295  -0.2001125409
18  8   0.1420872032  -0.0601427575  -0.2812082081   0.0071212180   0.0309073054
18  9  -0.0174867196   0.0230881200  -0.0345413657  -0.0235438196   0.0000000032
19  1  -0.0695188623   0.0543998092   0.2174967042  -0.1208252135  -0.1284772808
19  2   0.1021609006  -0.0736192217   0.0017877225  -0.0017696623  -0.0338319409
19  3  -0.0078735133  -0.0380321680  -0.0029073640   0.0182917161  -0.1412280867
19  4  -0.1221076840   0.0110244652   0.0011105738  -0.0348680161   0.1236066511
19  5  -0.0023339972   0.0005241631  -0.0007509305  -0.0000055347   0.0007952875
19  6  -0.0129936934  -0.0033420729   0.0135719246   0.0154174212   0.0095623389
19  7  -0.0029311620  -0.1820371418  -0.0477510595   0.0008120798  -0.0093239860
19  8  -0.0057535399  -0.0030270425   0.0011193569   0.0084800138   0.0000483874
19  9  -0.0001502731   0.0000099736   0.0002011761  -0.0000834520   0.0002406868
20  1   0.0348424957   0.1756724779  -0.1264412494  -0.2138254923  -0.0098635925
20  2  -0.0688360215  -0.0242606662   0.0072048230   0.0165377062  -0.0691968685
20  3  -0.0332272720  -0.0283396728  -0.0249372222  -0.1340443053   0.0392271922
20  4   0.1207078154  -0.0143478008   0.0154468524   0.0337143946   0.3281704066
20  5   0.0363659401   0.0027556021   0.0054069248   0.0012715278  -0.0016132253
20  6  -0.0005104295   0.0000637875  -0.0027267968  -0.0016522396  -0.0045067621
20  7   0.0003375505   0.0199619693   0.0048994139  -0.0004693744   0.0003151250
20  8   0.0006353403   0.0004343652   0.0001480047  -0.0005647185   0.0000190611
20  9  -0.0000341668  -0.0000362087   0.0000003218   0.0000391808  -0.0002460142
21  1  -0.0105848157   0.0950325759  -0.1444726078   0.1017354745  -0.1309911227
21  2   0.0521148582   0.0131921314  -0.0464725132   0.0354755004  -0.0267008554
21  3   0.0383217188   0.1088879663  -0.0197877387  -0.2397545728  -0.1016397089
21  4  -0.1272665861   0.0028876667  -0.0143122921  -0.0992411423   0.0575599187
21  5  -0.0156732550  -0.0000847316  -0.0029905284  -0.0006713708   0.0010589007
21  6  -0.0042667825  -0.0091258299   0.0008349655   0.0212834850   0.0324209647
21  7   0.0010499031   0.0998458640   0.0186890223   0.0033139919  -0.0012059310
21  8  -0.0011674637  -0.0029573083   0.0005624263   0.0005321233  -0.0000139347
21  9   0.0000215579  -0.0000819480  -0.0000693657   0.0001224821   0.0002412411
22  1   0.0810976003   0.1688106052   0.3370229142   0.0641885425  -0.1119585928
22  2  -0.0193545994   0.2496969636   0.0698902859  -0.0188532965   0.0022741728
22  3  -0.0214420132  -0.0975960209  -0.0721402951  -0.3681790457  -0.0070452576
22  4   0.1449654956  -0.0022314822  -0.0241649049  -0.0090997949  -0.2439179694
22  5  -0.0021091110  -0.0018020580   0.0026725465  -0.0001668276  -0.0005658943
22  6   0.0028533772   0.0001696815   0.0023086447   0.0032538556  -0.0085997330
22  7  -0.0001630863   0.0112495551   0.0034899848   0.0016008016  -0.0006850656
22  8  -0.0006733146  -0.0011351157   0.0010191416   0.0001490998  -0.0000824282
22  9   0.0001268928   0.0001237629  -0.0000431102  -0.0000706565   0.0345184214
23  1  -0.0460268571   0.1168058337  -0.1894526799  -0.3128775907  -0.0198648776
23  2  -0.0070323797  -0.1965728825  -0.0418552974   0.0147239726  -0.0743895824
23  3  -0.0373022398  -0.0116768959  -0.0035580906  -0.0468107129  -0.0487046120
23  4   0.0523811529   0.0126115467  -0.0363820977  -0.0238723650  -0.5662456016
23  5  -0.0271398897  -0.0041124397   0.0026594391  -0.0008902097  -0.0011682149
23  6   0.0061944989   0.0019107892  -0.0011825712  -0.0096091801   0.0515827389
23  7  -0.0001862318  -0.0039323439  -0.0009287626   0.0003702107   0.0001022862
23  8   0.0002194646  -0.0005053311   0.0001019412  -0.0006117766  -0.0000092275
23  9   0.0000374445   0.0000521210  -0.0000102972  -0.0000738118   0.0025240278
24  1   0.0447645306   0.0036470795  -0.1611897887   0.1548401463  -0.0659889126
24  2   0.1865800116  -0.0111789857   0.3001805737   0.1436385479  -0.2743762484
24  3   0.0224738367  -0.0551905535   0.0078179917   0.1503955768  -0.0646725604
24  4   0.0584140986  -0.0019270467  -0.0110796169   0.0018512811  -0.0388521946
24  5   0.0063523557   0.0001223343   0.0003592550   0.0001872867   0.0004161870
24  6  -0.0010632001  -0.0016835987   0.0044876643   0.0129595877  -0.0546008185
24  7  -0.0002175592   0.0076863631   0.0026946689   0.0015667738  -0.0032447236
24  8  -0.0013163963  -0.0012728211   0.0016720765   0.0025843137   0.0000248161
24  9  -0.0000636047  -0.0000024494   0.0000564721  -0.0000068722   0.0519955004
25  1   0.0858570872   0.1415447990   0.3857645063   0.0332905072  -0.1748232023
25  2  -0.0404239709   0.2666247314   0.1189236174  -0.2207171002  -0.5556336606
25  3  -0.7486197424   0.6228331915   0.1782712532   0.1065937390   0.1151652637
25  4  -0.1214615261   0.0197274145  -0.0061713077  -0.0735008950  -0.2596674176
25  5  -0.0456101738  -0.0037216048  -0.0162349852  -0.0050300352   0.0073219788
25  6  -0.0199030112  -0.0082831307   0.0272950274   0.0641060401  -0.3268717390
25  7   0.0011821269   0.0311698119   0.0132288950  -0.0021636131   0.0068505933
25  8   0.0019900970  -0.0005421111   0.0021896716  -0.0014574148   0.0001375257
25  9  -0.0002354029  -0.0000644203   0.0002669183  -0.0003300788  -0.5482194571
26  1  -0.1313562413   0.1414079187  -0.2470739549  -0.3904789738  -0.0288394562
26  2  -0.0278469872  -0.3076953371  -0.2912116878   0.0603119977   0.3931435731
26  3   0.3444046812  -0.2211071252  -0.1099565846  -0.3777417257  -0.1699922579
26  4  -0.2187488774   0.0183916587  -0.0128278145  -0.1348086867  -0.2656014122
26  5  -0.0905627786  -0.0025497792  -0.0461508899  -0.0095826971   0.0187483414
26  6  -0.0271466493  -0.0198615794   0.0625550208   0.1781520021  -0.9162670338
26  7  -0.0007828517   0.1410210854   0.0523257512   0.0149943485  -0.0090552162
26  8  -0.0107757967  -0.0035073617   0.0040162563   0.0131008670  -0.0001407201
26  9   0.0001959448   0.0002817916   0.0000634420  -0.0001758071  -0.0337966839
27  1   0.0440811320   0.0205905329  -0.1910958289   0.1770010338  -0.0250799403
27  2   0.2007905905  -0.0193607628   0.2749620748   0.2731281486   0.0759682125
27  3   0.4855100416  -0.5189823619  -0.1526962677  -0.1528924040  -0.1418449669
27  4   0.2408385118  -0.0164246429  -0.0243225629   0.0462540882  -0.0461824184
27  5   0.0366411630   0.0012871656   0.0148330872   0.0036604277  -0.0056237039
27  6   0.0155561075   0.0048837146  -0.0144332917  -0.0346474322   0.1952736721
27  7  -0.0011089975  -0.0153149083  -0.0066544693   0.0037976282  -0.0075371221
27  8  -0.0033022076  -0.0008682788  -0.0017949097   0.0044696019   0.0003295605
27  9  -0.0002895117  -0.0001976497   0.0001805131  -0.0004061901  -0.8333130023
28  1  -0.0550449300   0.0386986889   0.2678532906  -0.1348101498  -0.1816854743
28  2   0.0755892024  -0.0610732372  -0.0037570536  -0.1809655561  -0.0651101159
28  3   0.0525697693  -0.0279808705   0.0220093740   0.2205742849  -0.0018197597
28  4  -0.0094369571   0.0158853437   0.0077350260   0.0258917840   0.0419647736
28  5   0.0030014538   0.0011408842  -0.0016333297   0.0003252707  -0.0006588078
28  6   0.0189048787   0.0010146905  -0.0336633246  -0.0168183890   0.0120110049
28  7   0.0036458257   0.3486609000   0.0875911282   0.0080389889   0.0089259135
28  8  -0.0006913324   0.0043560970  -0.0007658730  -0.0030344361   0.0000423100
28  9   0.0000059564  -0.0001889415  -0.0001253191   0.0001885005  -0.0003296507
29  1   0.1391314193   0.3336842441  -0.0367886556  -0.0606078124   0.0045282811
29  2  -0.2299834958   0.2555451248  -0.0933520446   0.0860326308  -0.0503960006
29  3   0.0774162864   0.0097438622   0.0442584127   0.3545162931  -0.0655742983
29  4  -0.1123023559   0.0073866169   0.0035419018  -0.0103424222  -0.0682597371
29  5  -0.0098161805  -0.0001756204   0.0000320376   0.0006663489  -0.0007114182
29  6  -0.0018050361   0.0003283490   0.0024702389   0.0013175366   0.0018741403
29  7  -0.0005608761  -0.0403679366  -0.0098518729   0.0001362840  -0.0017196202
29  8  -0.0011607999  -0.0002359018  -0.0001402679   0.0019705104   0.0000042668
29  9  -0.0000173199   0.0000146291   0.0000426603  -0.0000336816  -0.0000196460
30  1  -0.0019727905   0.0390105382  -0.0674795480   0.0496887748  -0.2311304428
30  2   0.0310865821  -0.0119527757  -0.0402154925  -0.2947598561  -0.0791893527
30  3   0.1349446269   0.1165375614   0.0091234050   0.0130750087   0.1854974935
30  4   0.1593351895  -0.0102086121  -0.0073269582   0.0084038934  -0.0442197223
30  5   0.0102721075  -0.0000219268   0.0035693770   0.0003775439  -0.0003403775
30  6  -0.0066990180  -0.0003411920   0.0229845701   0.0091187837  -0.0131173733
30  7  -0.0008333315  -0.1869174668  -0.0464798136  -0.0095784588   0.0049440973
30  8   0.0060493529  -0.0021701093  -0.0011941213  -0.0078311552   0.0000078701
30  9   0.0001917146  -0.0000798855  -0.0003007278   0.0000948451   0.0001224003
31  1  -0.0623131598   0.1497961323   0.0922829896  -0.0049778807   0.0568880414
31  2   0.1465178329  -0.0253194638  -0.0017490463   0.1586927009   0.0571654184
31  3   0.0216036877   0.0701576906   0.0232966630   0.0395281584   0.1352442763
31  4   0.0907519607   0.3029186475  -0.0208657173  -0.1006563642   0.0159660817
31  5  -0.0019831489  -0.0067693164   0.0082643997  -0.0034695423   0.0156444257
31  6  -0.3861357366  -0.1265436327  -0.0428681985  -0.2309092984  -0.0174493678
31  7  -0.0483366014   0.1008423202  -0.1334001852   0.1972111369   0.1427317209
31  8  -0.1557525006  -0.0928170348   0.2018094700   0.0307405174  -0.3930207215
31  9   0.6259529553   0.4580246141  -0.3477447915  -0.1622575339  -0.0005614644
32  1  -0.0464977660  -0.1484190550  -0.2168997187  -0.3956649845  -0.0247441838
32  2   0.2561065027   0.3709927547   0.2286366426  -0.0966134783   0.2546374386
32  3  -0.0162319366   0.2183680125  -0.4007071475   0.2992428245  -0.2815700190
32  4   0.1987799945   0.0056829242  -0.5254295317   0.3347197085   0.1699421300
32  5  -0.2256292728   0.5383061428  -0.5710800730   0.4534898648   0.0811958054
32  6   0.0462952080  -0.0067273117   0.0080341705  -0.0214984795   0.0159210158
32  7  -0.0027163577  -0.0055692996  -0.0176171067   0.0158643217   0.0160765973
32  8  -0.0049607645  -0.0151127263   0.0105595332  -0.0116746027  -0.0024118357
32  9   0.0038261302   0.0026406151  -0.0020574712  -0.0008162295  -0.0001145001
33  1  -0.0102134422   0.1445939723  -0.2401186130   0.1744789503   0.0017778349
33  2   0.1033683551   0.0364427611  -0.0799798897  -0.2804361183   0.0629076246
33  3  -0.1108824124  -0.1783769944  -0.0133134238   0.1329409332  -0.0762312336
33  4   0.0162878661   0.0148228679  -0.0467147975  -0.1005443806   0.0306477785
33  5  -0.0110132562   0.0118939137  -0.0197740587   0.0101751879   0.0110918538
33  6  -0.0656939946   0.3893515034  -0.2890598447   0.6753212553   0.0451328919
33  7   0.1075625364  -0.3993271148   0.4442295504  -0.5215771652  -0.3873747052
33  8   0.1057328817   0.4859934910  -0.2803434471   0.3208365921  -0.1209055451
33  9   0.1934491520   0.1433794842  -0.1107555355  -0.0522988298   0.0000938426
34  1  -0.0649154639   0.2399683920  -0.0439557130   0.1014704796   0.2457472996
34  2   0.2000298378   0.0053273623  -0.0466322694  -0.1701183401  -0.0031299354
34  3  -0.0221218989  -0.0406112684  -0.0070462882   0.0193121269  -0.0332446370
34  4  -0.0341199502  -0.2985367693   0.0040446285   0.0176208224  -0.0106547708
34  5   0.0059060218  -0.0035413203  -0.0034034836   0.0006166297   0.0004908713
34  6   0.0758238132   0.4636599315   0.1517455127   0.0010809515  -0.0031184810
34  7  -0.2812679300   0.4022018371  -0.3769349249  -0.2387989065   0.0952455818
34  8  -0.3568190838   0.2647548442   0.3147360940  -0.0356133551   0.3945098311
34  9  -0.2455547985   0.2525163599  -0.4105719849  -0.2891464272   0.0001204429
35  1   0.1046915899  -0.3008991813  -0.1259367455  -0.2919639897  -0.0108246101
35  2   0.4010112953   0.3603759040  -0.2193825451   0.0344644193   0.0200735852
35  3   0.0289739081   0.0133234097   0.4641646553  -0.1189951894  -0.3416510973
35  4   0.4645490289  -0.0291092834  -0.0086266336   0.1844895208   0.2655936095
35  5  -0.5863713678   0.4394261656   0.2206897885  -0.6253664890  -0.2835433596
35  6  -0.0735071454  -0.0043020240  -0.0041295836   0.0056338281   0.0018702034
35  7   0.0047810196  -0.0099893645   0.0071356680   0.0039390135  -0.0011575582
35  8   0.0033640286  -0.0059835158  -0.0031697641  -0.0029548924   0.0113760775
35  9  -0.0069377540   0.0075539178  -0.0119716135  -0.0084096566   0.0000111578
36  1  -0.0067678757   0.1210806800  -0.2072210382   0.1520693615  -0.0411867128
36  2   0.0938517681   0.0314009200  -0.0771408542  -0.2058807133   0.0371805498
36  3  -0.0782171754  -0.1185324916  -0.0007632484   0.0184755674  -0.1080590428
36  4  -0.0712057516   0.1795342571   0.0836902513   0.3069305969  -0.0422166495
36  5   0.0065055766   0.0079041170   0.0021299755  -0.0191581839   0.0033418966
36  6  -0.0517306822   0.1819780786   0.3394365342   0.0714630216   0.0113497056
36  7  -0.2927326405   0.4831006582  -0.4134147367  -0.2990852642   0.0928705793
36  8  -0.2377184848   0.3775313656   0.2290658419   0.2219739511  -0.3673627936
36  9   0.2248458712  -0.2396654779   0.3816089673   0.2664326303  -0.0002640203
37  1  -0.0674837093   0.2656633887  -0.0862476021   0.1312105960   0.3022114412
37  2   0.2175262715   0.0179183137  -0.0563944441  -0.2453841395  -0.0073561357
37  3  -0.0369132807  -0.0764736651  -0.0050353050   0.0288404561  -0.0667934337
37  4  -0.0086548785   0.2702894786  -0.0121924801  -0.0695231198   0.0448015279
37  5  -0.0013839388  -0.0012887321  -0.0067532386  -0.0056021883  -0.0041934093
37  6   0.0594812015  -0.0494611331   0.4402436270  -0.3070894658  -0.0019131611
37  7   0.7009172592   0.0189501627   0.0543152384  -0.2097063567  -0.3832781057
37  8  -0.6621433337   0.0024825401   0.0036925915  -0.4611095626   0.1283750538
37  9   0.0739352568   0.1009833802   0.0741604742   0.1053506842  -0.0000315368
38  1   0.3748450059  -0.1743141315   0.0773970710   0.0171848992   0.0213105845
38  2   0.2640585579  -0.0256133542  -0.5252365673   0.1592455078  -0.3503951314
38  3  -0.0062065761  -0.1672489330  -0.0935627497  -0.1072442215   0.3865392888
38  4  -0.2249351489   0.0130096893  -0.5541188479   0.3630900450   0.2860755527
38  5  -0.5046097112  -0.1008491172   0.5407124779   0.3088276540   0.5201146568
38  6   0.1089524744   0.0101624964   0.0032423546  -0.0068687653  -0.0001078156
38  7   0.0091758726  -0.0010760084   0.0002872376  -0.0018756963  -0.0039031986
38  8  -0.0082274250  -0.0024691859  -0.0047653234  -0.0046843118  -0.0103670413
38  9  -0.0057761996  -0.0082247745  -0.0055505708  -0.0086559726   0.0000090423
39  1   0.0001866887   0.0366248053  -0.0703779840   0.0534626564  -0.2254829211
39  2   0.0375166676  -0.0087941324  -0.0427843745   0.0827382130   0.1123718863
39  3  -0.0647458642  -0.0622878555   0.0167854184   0.1500593037   0.0988313280
39  4   0.0850424706  -0.0749026527  -0.0736977560  -0.2090426905   0.0470862706
39  5  -0.0215655320  -0.0004716558   0.0152241213   0.0086166501  -0.0122251634
39  6   0.3768724661  -0.1677088749  -0.0998799203   0.0448012926  -0.0019351751
39  7  -0.1625849223  -0.0142266437  -0.0183472869   0.0511810657   0.0828147025
39  8   0.1472754269   0.1214133133   0.1819488028   0.0801747264   0.5650820354
39  9   0.3142578825   0.4583841646   0.3118920629   0.4659149238  -0.0001792785
40  1  -0.0673057152   0.2018053914   0.0070709526   0.0552859069   0.1708787899
40  2   0.1816790790  -0.0010011261  -0.0289578766  -0.0518461444   0.0130779421
40  3  -0.0027480447   0.0068923781   0.0046552679   0.0026784412   0.0113217807
40  4  -0.0316107328  -0.3394059836   0.0327749208   0.1283577566  -0.0450436942
40  5   0.0129397169   0.0050658569   0.0011108205  -0.0007312890   0.0114365472
40  6  -0.0879695514  -0.3313758999   0.0267317056   0.0194267937   0.0073941508
40  7  -0.1589304283  -0.0942776827   0.1356842354  -0.0962304239   0.0332672245
40  8  -0.2166346950  -0.0897845400  -0.1940617295  -0.0859960927  -0.3937802630
40  9  -0.5198759596   0.4307587173  -0.1643222958   0.5171356239  -0.0002964997
41  1   0.4947816872   0.1040148256   0.1903781085   0.2233758642   0.0396202059
41  2  -0.0171095433  -0.3624788423  -0.1416530579   0.0220611010   0.0587026863
41  3  -0.0238116098   0.1648011582  -0.4028844781   0.3027982075  -0.3726003327
41  4   0.4755845127  -0.0311284248   0.0063796056   0.1690087710   0.2812210717
41  5  -0.5194281337  -0.5438466635  -0.0817102506   0.2418449034  -0.6248728367
41  6  -0.1475295114  -0.0074984045   0.0199583362   0.0028435148   0.0000488781
41  7  -0.0151062945  -0.0089016235   0.0160116275  -0.0096425733   0.0069704352
41  8  -0.0111784484  -0.0116545971  -0.0090728122   0.0048317271  -0.0001636883
41  9  -0.0000924112   0.0002822971   0.0001613997  -0.0000243241  -0.0000704935
42  1   0.0037794338  -0.0246214519   0.0338571327  -0.0228927364  -0.3671524699
42  2  -0.0092643766  -0.0377289597   0.0024127091   0.3084965836   0.1283817108
42  3  -0.0116393966   0.0667449391   0.0117029291   0.0508269728   0.1258296107
42  4   0.0325651017  -0.0145251342   0.0819394482   0.3046196034  -0.0817688912
42  5   0.0095128342  -0.0155695654  -0.0005167611   0.0048445611  -0.0179022814
42  6   0.0280916846   0.3480557209  -0.1968963014   0.4373777141   0.0122972083
42  7   0.4844639338   0.3204584344  -0.4517788177   0.4207823819  -0.1336443365
42  8   0.3374852638   0.4684565253   0.2860758809  -0.2649533105  -0.1229565421
42  9  -0.1618028373   0.1305153681  -0.0545987755   0.1595190456  -0.0002505631
43  1  -0.0653992073   0.1102756260   0.1439645030  -0.0530035132  -0.0197583135
43  2   0.1282659300  -0.0336884632   0.0162669030   0.2780730971   0.0842606828
43  3   0.0271339376   0.1069197372   0.0253322229   0.0516356579   0.1765729004
43  4   0.0868756034   0.2642557088   0.0145113833   0.0422772913   0.0101111167
43  5   0.0081430881  -0.0033462872  -0.0042151700  -0.0110974533  -0.0008295244
43  6   0.2635353129   0.3075995973   0.4407027985   0.1772327077   0.0408246190
43  7  -0.1384912865  -0.2075293575   0.3179812377   0.3857370403   0.2847152386
43  8  -0.2078490448   0.2590777563  -0.3119290275  -0.0460805422   0.1197208350
43  9   0.1651104498  -0.3387837462  -0.4634384449   0.3858209967   0.0000720484
44  1   0.3413057763   0.2571412535   0.0978697446   0.1175913791   0.0254599064
44  2  -0.1625592481  -0.3020118036   0.2671504302  -0.1028479128   0.2079389916
44  3   0.0251184387   0.0527754865   0.4690639310  -0.1567763905  -0.2302558467
44  4   0.1634749909  -0.0038311452  -0.4938478373   0.2986958449   0.2233992799
44  5  -0.1413447680  -0.4342513011  -0.5390757076  -0.4621539673   0.4660738466
44  6   0.1489937365  -0.0206980650  -0.0462686439  -0.0331595836   0.0234699694
44  7   0.0032255286  -0.0113383242  -0.0213980212  -0.0122140929  -0.0218258044
44  8   0.0029979539  -0.0076309679   0.0029942832   0.0089160180   0.0038126785
44  9   0.0050749377  -0.0108015765  -0.0148736481   0.0125880166  -0.0000211690
45  1   0.0000000000   0.0000000000   0.0000000000   0.0000000000  -0.3231111625
45  2   0.0000000000  -0.0343309633  -0.0026027007   0.2198740051   0.1459030748
45  3  -0.0459831318  -0.0104369125   0.0403721433   0.1516492012   0.1289109601
45  4   0.0988040214  -0.1751064399  -0.0564140234  -0.1209025692   0.0453686665
45  5  -0.0079630099  -0.0161070862  -0.0270733235  -0.0260797755   0.0455361643
45  6  -0.3010782373   0.3130601731   0.5222436104  -0.0035957373   0.0362372939
45  7  -0.1238531866  -0.1927663858   0.3414046741   0.3552418212   0.2705712206
45  8  -0.0533932441   0.3576490328  -0.2096454216  -0.2588640905  -0.1127389603
45  9  -0.1566537210   0.3207787099   0.4436219663  -0.3713786292   0.0004072947
$end
