$hessian (projected)
 1  1   0.5240175589   0.0000000000  -0.2711180972  -0.4933840890   0.0000000000
 1  2   0.2470025282  -0.0306334698   0.0000000000   0.0241155690
 2  1   0.0000000000   0.0000000000   0.0000000000   0.0000000000   0.0000000000
 2  2   0.0000000000   0.0000000000   0.0000000000   0.0000000000
 3  1  -0.2711180972   0.0000000000   0.2086451114   0.2952336662   0.0000000000
 3  2  -0.2406268086  -0.0241155690   0.0000000000   0.0319816972
 4  1  -0.4933840890   0.0000000000   0.2952336662   0.9867681781   0.0000000000
 4  2   0.0000000000  -0.4933840890   0.0000000000  -0.2952336662
 5  1   0.0000000000   0.0000000000   0.0000000000   0.0000000000   0.0000000000
 5  2   0.0000000000   0.0000000000   0.0000000000   0.0000000000
 6  1   0.2470025282   0.0000000000  -0.2406268086   0.0000000000   0.0000000000
 6  2   0.4812536172  -0.2470025282   0.0000000000  -0.2406268086
 7  1  -0.0306334698   0.0000000000  -0.0241155690  -0.4933840890   0.0000000000
 7  2  -0.2470025282   0.5240175589   0.0000000000   0.2711180972
 8  1   0.0000000000   0.0000000000   0.0000000000   0.0000000000   0.0000000000
 8  2   0.0000000000   0.0000000000   0.0000000000   0.0000000000
 9  1   0.0241155690   0.0000000000   0.0319816972  -0.2952336662   0.0000000000
 9  2  -0.2406268086   0.2711180972   0.0000000000   0.2086451114
$end
