$vibrational normal modes
 1  1   0.3065308549   0.4005235952   0.2282776242   0.0000000000   0.0000000000
 1  2  -0.1646304080  -0.5095032328  -0.5578010347  -0.5190295914
 2  1   0.0000000000   0.0000000000   0.0000000000   1.0000000000   0.0000000000
 2  2   0.0000000000   0.0000000000   0.0000000000   0.0000000000
 3  1  -0.3057508214   0.0474312283   0.7968888399   0.0000000000   0.0000000000
 3  2  -0.2259184733  -0.4006099235   0.3550719292   0.3105795516
 4  1   0.3980092163   0.3863325261  -0.0101455627   0.0000000000   0.0000000000
 4  2   0.1642956431   0.0000000000  -0.0000000000   0.5179741795
 5  1   0.0000000000   0.0000000000   0.0000000000   0.0000000000   1.0000000000
 5  2   0.0000000000   0.0000000000   0.0000000000   0.0000000000
 6  1  -0.1528754107   0.0237156141   0.3984444200   0.0000000000   0.0000000000
 6  2   0.3237711409   0.3997953100  -0.3543499142  -0.0000000000
 7  1   0.3065308549   0.4005235952   0.2282776242   0.0000000000   0.0000000000
 7  2  -0.1646304080   0.5095032328   0.5578010347  -0.5190295914
 8  1  -0.7326744692   0.7260142746  -0.3191957724   0.0000000000   0.0000000000
 8  2  -0.0000000000  -0.0000000000  -0.0000000000  -0.0000000000
 9  1   0.0000000000   0.0000000000   0.0000000000   0.0000000000   0.0000000000
 9  2   0.8734607552  -0.4006099235   0.3550719292  -0.3105795516
$end
