$coord
    0.10404943654332      1.48007152018302      0.24937810210532  c
   -0.66071832805523      0.75349668650869      2.01752827129954  h
    2.16185491148865      1.59544548239998      0.36998735892397  h
   -0.68125630026328      3.33725699421343     -0.14757636486009  h
   -0.62894763421068     -0.08629072581422     -1.82642243671508  o
    0.04913701462774     -3.08792445393211     -1.63827809988363  s
   -0.34411910013048     -3.99205550355876      0.97538316912994  o
$user-defined bonds
$redundant
     number_of_atoms             7
     degrees_of_freedom         15
     internal_coordinates       15
     frozen_coordinates          0
# definitions of redundant internals
   1 k  0.5773502691896 tors   4    1    5    6 val=  65.86871
        0.5773502691896 tors   2    1    5    6
        0.5773502691896 tors   3    1    5    6
   2 k  1.0000000000000 stre   1    4           val=   2.05510
   3 k  1.0000000000000 stre   1    2           val=   2.05892
   4 k  1.0000000000000 stre   1    3           val=   2.06456
   5 k -0.3783219813442 bend   2    4    1      val=   0.62754
       -0.3665505889096 bend   3    4    1
       -0.4631524119452 bend   3    2    1
        0.4291299624549 bend   5    4    1
        0.4015023104466 bend   5    2    1
        0.4032943807451 bend   5    3    1
   6 k  0.2845427043197 bend   2    4    1      val=   1.68919
        0.4827626845080 bend   3    4    1
       -0.6494411323233 bend   3    2    1
        0.3902932264590 bend   5    4    1
       -0.2899154484680 bend   5    2    1
       -0.1667995372640 bend   5    3    1
   7 k  0.7011923055345 bend   2    4    1      val=   0.20334
       -0.5717421353378 bend   3    4    1
       -0.1215293058832 bend   3    2    1
        0.0514716362740 bend   5    4    1
        0.2575139004591 bend   5    2    1
       -0.3125830623687 bend   5    3    1
   8 k  0.1709130587760 bend   2    4    1      val=   1.72685
        0.2611412565933 bend   3    4    1
       -0.4063454248692 bend   3    2    1
       -0.7048208107585 bend   5    4    1
        0.4030636052889 bend   5    2    1
        0.2797225785414 bend   5    3    1
   9 k -0.3017652460594 bend   2    4    1      val=  -0.06473
        0.2744830039133 bend   3    4    1
        0.0296859677340 bend   3    2    1
        0.0825807366392 bend   5    4    1
        0.5988513275978 bend   5    2    1
       -0.6835737484160 bend   5    3    1
  10 k  1.0000000000000 tors   7    6    5    1 val=  39.01542
  11 k  1.0000000000000 stre   6    7           val=   2.79344
  12 k  1.0000000000000 bend   5    7    6      val= 109.95325
  13 k  1.0000000000000 stre   5    6           val=   3.08302
  14 k  1.0000000000000 stre   5    1           val=   2.70180
  15 k  1.0000000000000 bend   1    6    5      val= 117.25085
        15 non zero eigenvalues  of BmBt
           1           4.081278181    1    0
         1
           2           3.461875839    2    0
         2
           3           3.326829740    3    0
         3
           4           2.485712122    4    0
         4
           5           2.179235305    5    0
         5
           6           1.660727076    6    0
         6
           7           1.061029816    7    0
         7
           8           0.838907455    8    0
         8
           9           0.713013499    9    0
         9
          10           0.709838605   10    0
        10
          11           0.502047500   11    0
        11
          12           0.373045065   12    0
        12
          13           0.304379534   13    0
        13
          14           0.208266481   14    0
        14
          15           0.063445517   15    0
        15
$end
