$dipgrad          cartesian dipole gradients
  0.23110274668199D+00  0.91898763061725D-01  0.41353467011359D-01
  0.92674332591271D-01  0.46280541725087D+00  0.19038450796208D+00
  0.83860915353102D-01  0.58912862128273D+00  0.41082548331309D+00
  0.22692304897028D-01  -.39314215427080D-01  0.35766576533431D-01
  -.42472846685806D-01  0.35198398315450D-01  0.68280320213019D-01
  0.20361359543980D-01  -.52536182603101D-01  -.44926157221800D-01
  -.12627103830880D+00  -.81192228181708D-01  -.40186095784677D-01
  0.30744196082749D-01  0.31193142699259D-01  -.22110577667033D-01
  0.35373796579890D-01  -.69363252521255D-01  0.44598379644421D-01
  0.60608805614813D-01  0.35607502927944D-01  -.29233773610951D-01
  0.36062161129686D-01  -.89982564840336D-01  -.11968177031976D-01
  -.33160818766172D-01  0.27904475218830D-02  0.59309860950432D-01
  -.20093362133717D+00  0.14911950541866D+00  -.54333754891745D-01
  0.35294796569846D-01  -.14675326823274D+01  -.12978336379208D+00
  -.83611246387084D-01  -.31892456893694D+00  -.60166305289286D+00
  0.46916203491165D+00  -.24049660361540D+00  0.24660851132060D-03
  -.18284981596855D+00  0.16551492546412D+01  -.12628890911390D+00
  -.55387919025011D-01  -.47147830510449D+00  0.77494846862211D+00
  -.45636123253638D+00  0.84377275815833D-01  0.46386972231258D-01
  0.30547176280810D-01  -.62683096581631D+00  0.31486199429722D-01
  0.32563912701304D-01  0.32038324036078D+00  -.64309298249260D+00
$end
