$energy      SCF               SCFKIN            SCFPOT
     1 -588.2488061416      586.1501005985     -1174.398906740
     2 -588.2488111821      586.1498522566     -1174.398663439
     3 -588.2488083481      586.1498438568     -1174.398652205
     4 -588.2488112403      586.1502740249     -1174.399085265
     5 -588.2488099242      586.1503274156     -1174.399137340
     6 -588.2488114182      586.1501637530     -1174.398975171
     7 -588.2488117749      586.1498880743     -1174.398699849
     8 -588.2488117883      586.1498683000     -1174.398680088
$end
