$grad          cartesian gradients
  cycle =      1    SCF energy =     -588.2488061416   |dE/dxyz| =  0.000378
    0.10669065696676      1.48298071930353      0.24943804236871      c
   -0.64626668202415      0.75328250752699      2.02145865710394      h
    2.16415158952145      1.61219430631154      0.36076300548499      h
   -0.69225960412848      3.33479399225104     -0.14563095265235      h
   -0.62453217710083     -0.08972571212086     -1.82245145524129      o
    0.06286248227750     -3.08862016505039     -1.63326156288524      s
   -0.37064626551224     -4.00490564822186      0.96968426582125      o
  -.79495416089870D-05  0.50003780295071D-04  0.38503083687580D-04
  0.30573803100176D-04  0.33499531635228D-04  0.15570742738280D-04
  -.30338997469515D-04  0.14286252492168D-04  -.32262850027345D-04
  0.98844812502774D-05  -.38349855135955D-05  -.29748358748999D-04
  0.72066590733222D-04  -.10456108344314D-03  -.31987582449489D-05
  -.57781213385510D-04  0.43962555153598D-04  0.22121637950789D-03
  -.60275088953121D-04  -.46558268717689D-04  -.23908268473427D-03
  cycle =      2    SCF energy =     -588.2488111821   |dE/dxyz| =  0.000911
    0.10321489779013      1.47853742632195      0.24943828979337      c
   -0.66783773198639      0.75281773827436      2.01532023928692      h
    2.16105026717514      1.58908930345853      0.37451218573342      h
   -0.67676163148070      3.33794226552925     -0.14786928278948      h
   -0.62869085972274     -0.08499538124973     -1.82897558526531      o
    0.03999506785458     -3.08821160841702     -1.64095309565637      s
   -0.33097000963000     -3.98517974391734      0.97852724889745      o
  0.39221318972799D-04  0.23889478818262D-04  0.21161686642568D-04
  -.10427702434335D-03  -.22161258395048D-05  0.24001645956062D-04
  0.13729923169947D-04  -.45907635692899D-06  -.48335611553263D-04
  0.36243642361766D-04  0.35060418484889D-04  0.59045671850555D-04
  0.24901504315356D-03  -.31804490414267D-03  -.26341284658615D-04
  -.65073556467166D-03  0.10836472132425D-03  -.16573750484916D-03
  0.37426203648960D-03  0.13823806115365D-03  0.14449970949748D-03
  cycle =      3    SCF energy =     -588.2488083481   |dE/dxyz| =  0.000704
    0.10576475421730      1.48174458321319      0.24922266269132      c
   -0.65088740706565      0.75247876156860      2.01982706678564      h
    2.16345330765101      1.60620830327197      0.36325453091464      h
   -0.68876345586406      3.33548972163624     -0.14566384312939      h
   -0.62637188502005     -0.08850137125847     -1.82398408165918      o
    0.05940092283027     -3.08787403237486     -1.63465662574629      s
   -0.36259623674879     -3.99954596605667      0.97200029014326      o
  0.79136263675395D-06  -.27785519267631D-04  -.44281010363356D-04
  0.17811230123788D-04  0.12127120569971D-04  0.10130202225289D-04
  0.14015738789563D-04  0.83746513059868D-05  -.44529111592029D-04
  -.13291151128136D-04  0.27590985882675D-05  -.60884685403328D-05
  -.13373473572420D-03  -.67355284789627D-04  0.46676037184668D-04
  0.48527730167347D-03  0.18774979504599D-03  0.51612097077935D-04
  -.41682044317204D-03  -.12997328827691D-03  -.35818461549653D-04
  cycle =      4    SCF energy =     -588.2488112403   |dE/dxyz| =  0.000584
    0.10387419878193      1.47978047755742      0.24944936785381      c
   -0.66249743413297      0.75358316752397      2.01703842426901      h
    2.16168846701378      1.59401889813689      0.37105317816562      h
   -0.68016598694740      3.33746946332872     -0.14772726923833      h
   -0.62883111659973     -0.08601090023762     -1.82688471523612      o
    0.04686321195819     -3.08805684315080     -1.63896728662063      s
   -0.34093134007377     -3.99078426315857      0.97603830080663      o
  0.81299664375922D-05  -.32845533848302D-06  0.28778241642158D-04
  -.43528934792647D-04  0.22068772700390D-04  -.19831200321896D-04
  0.79788703954975D-05  -.18383998620530D-04  -.26601205591503D-04
  0.26572879826992D-04  0.15551094634247D-04  0.97583107767640D-05
  0.14021886036630D-03  -.64185753474888D-04  0.15681497535391D-04
  -.45874784445665D-03  -.28203287529394D-04  -.10870916389116D-03
  0.27315461180399D-03  0.57757004363168D-04  0.99305772778280D-04
  cycle =      5    SCF energy =     -588.2488099242   |dE/dxyz| =  0.000891
    0.10454311397848      1.48040659145296      0.24931587410093      c
   -0.65824407981195      0.75284640966450      2.01793054343406      h
    2.16230297408873      1.59832325150226      0.36831354845841      h
   -0.68330777598954      3.33668753536679     -0.14688089747611      h
   -0.62792526933503     -0.08680892558198     -1.82605480218155      o
    0.05133127409597     -3.08796732719629     -1.63740489779751      s
   -0.34870023702663     -3.99348753520824      0.97478063146175      o
  -.52047998444493D-06  -.10762105395745D-04  -.47442747712623D-05
  0.34662585948420D-04  -.65446004271497D-06  0.38472311447713D-05
  0.19043498994620D-04  0.40002349009693D-04  -.65381052668068D-04
  -.45513347864734D-04  -.44676033250646D-05  0.10567832706143D-04
  -.10522122550516D-03  -.98203366233562D-04  0.19880784960957D-04
  0.60994432120509D-03  0.19041668094655D-03  0.12228072294107D-03
  -.55957120183847D-03  -.13160618147623D-03  -.95486247175813D-04
  cycle =      6    SCF energy =     -588.2488114182   |dE/dxyz| =  0.000320
    0.10383885874498      1.48000499239131      0.24942009219377      c
   -0.66159147383612      0.75401803825455      2.01752944818611      h
    2.16167853682988      1.59432874171647      0.37025911853507      h
   -0.68044775035740      3.33755533725025     -0.14781668198999      h
   -0.62959710917755     -0.08625504878328     -1.82628710564311      o
    0.04898506587718     -3.08773233990425     -1.63848875276198      s
   -0.34286612808094     -3.99191972092504      0.97538388148010      o
  0.16967846326738D-04  -.73699228075874D-05  -.53519784559697D-06
  -.36680822108170D-04  0.27074575336128D-04  -.64934727963539D-05
  0.89984041773405D-06  -.46718159158132D-04  -.15442729310200D-04
  0.44088905345463D-04  0.14902684095652D-04  -.52437746234091D-05
  -.62029507443828D-05  -.31717997454273D-04  0.25546874327542D-04
  -.23679112191211D-03  0.12617460447117D-04  -.65019027150726D-04
  0.17087447409514D-03  0.15356285294921D-04  0.63079414015732D-04
  cycle =      7    SCF energy =     -588.2488117749   |dE/dxyz| =  0.000124
    0.10404992790687      1.47998166513587      0.24934630363488      c
   -0.66079203458677      0.75323811501350      2.01740075874073      h
    2.16184114315870      1.59536038304217      0.37000784434746      h
   -0.68125571016551      3.33719692020274     -0.14743664044890      h
   -0.62883817438963     -0.08625081650018     -1.82658814555999      o
    0.04896535157567     -3.08788529097728     -1.63829096837938      s
   -0.34397050349929     -3.99164097591680      0.97556084766517      o
  0.12648030658369D-04  0.13385788797393D-05  -.39208793616297D-05
  -.36835266636892D-05  -.44121844577916D-05  -.23665074930790D-05
  -.92239271634043D-05  -.63663903038247D-08  -.23224084419682D-04
  0.61663419019808D-05  -.52201518458972D-05  0.11431051821997D-04
  0.30243964051380D-04  -.72192151954198D-04  -.13664260898771D-04
  -.28165501793964D-04  0.40943908647506D-04  -.15490480670621D-04
  -.54765583723970D-04  0.23975879299698D-04  0.42494833778051D-04
$end
