$hessian (projected)
 1  1   0.5690684278  -0.0359987686  -0.0287450578  -0.0932798253  -0.0406348009
 1  2   0.0875317628  -0.3124076243  -0.0038808552  -0.0005030912  -0.0935626830
 1  3   0.0965791802  -0.0247951692  -0.0715562504  -0.0202245212  -0.0399941244
 1  4   0.0010921146   0.0033609878   0.0090958414   0.0006458407   0.0007987778
 1  5  -0.0025901616
 2  1  -0.0359987686   0.5510338461  -0.0789832149  -0.0396166901  -0.0888954258
 2  2   0.0847394263  -0.0077589558  -0.0508550926   0.0019407652   0.1022349579
 2  3  -0.2670776652   0.0642639782  -0.0204199459  -0.0955387583  -0.0468820347
 2  4   0.0023208029  -0.0549362470  -0.0214553513  -0.0007614004   0.0062693427
 2  5  -0.0036235689
 3  1  -0.0287450578  -0.0789832149   0.5002076605   0.0907426958   0.0941706828
 3  2  -0.2372217299  -0.0049167534   0.0032523599  -0.0482906759  -0.0224234376
 3  3   0.0547371749  -0.0589978330  -0.0380607208  -0.0573868192  -0.1585484428
 3  4   0.0011102696  -0.0177370052   0.0102079096   0.0022930041   0.0019468216
 3  5  -0.0073568886
 4  1  -0.0932798253  -0.0396166901   0.0907426958   0.0921048017   0.0444131493
 4  2  -0.0926725241  -0.0103478063  -0.0124560525   0.0267052912   0.0056153424
 4  3   0.0048403460  -0.0120156052   0.0061105021   0.0036330136  -0.0133223739
 4  4   0.0005166284   0.0000455389   0.0010676075  -0.0007196429  -0.0008593053
 4  5  -0.0005050913
 5  1  -0.0406348009  -0.0888954258   0.0941706828   0.0444131493   0.0920919905
 5  2  -0.0869586799   0.0016813094   0.0008502821  -0.0001342594  -0.0124157653
 5  3  -0.0078936013   0.0229618188   0.0078738810   0.0011129132  -0.0284445175
 5  4  -0.0007263145   0.0036099325  -0.0030810622  -0.0001914591  -0.0008760913
 5  5   0.0014860174
 6  1   0.0875317628   0.0847394263  -0.2372217299  -0.0926725241  -0.0869586799
 6  2   0.2679318556  -0.0005485432   0.0005832983   0.0038993751   0.0027089918
 6  3   0.0026136484  -0.0027010518   0.0039496203  -0.0081041214  -0.0314107195
 6  4  -0.0004350351   0.0066831576  -0.0031848186  -0.0005342724   0.0004432708
 6  5   0.0026870891
 7  1  -0.3124076243  -0.0077589558  -0.0049167534  -0.0103478063   0.0016813094
 7  2  -0.0005485432   0.3355523676   0.0139681637   0.0131552510  -0.0097186366
 7  3  -0.0009375249   0.0014868191  -0.0026482686  -0.0080473408  -0.0090676111
 7  4  -0.0005244212   0.0015458675  -0.0010946305   0.0000943893  -0.0004515191
 7  5   0.0009854681
 8  1  -0.0038808552  -0.0508550926   0.0032523599  -0.0124560525   0.0008502821
 8  2   0.0005832983   0.0139681637   0.0512614666   0.0070890412   0.0282203142
 8  3   0.0039158891   0.0002010600  -0.0240348674  -0.0097483218  -0.0115756736
 8  4  -0.0019046717   0.0052972567  -0.0006561203   0.0000879689  -0.0007214802
 8  5   0.0011060345
 9  1  -0.0005030912   0.0019407652  -0.0482906759   0.0267052912  -0.0001342594
 9  2   0.0038993751   0.0131552510   0.0070890412   0.0546119463  -0.0070397639
 9  3   0.0005278679   0.0005009542  -0.0311138435  -0.0130363325  -0.0111223583
 9  4  -0.0006083589   0.0040709539  -0.0001933484  -0.0005954847  -0.0004580362
 9  5   0.0005941070
10  1  -0.0935626830   0.1022349579  -0.0224234376   0.0056153424  -0.0124157653
10  2   0.0027089918  -0.0097186366   0.0282203142  -0.0070397639   0.0926807695
10  3  -0.1037617955   0.0276399079   0.0044301079  -0.0114816637   0.0000963565
10  4   0.0006658086  -0.0029791561  -0.0017091967  -0.0001107088   0.0001831084
10  5   0.0007271420
11  1   0.0965791802  -0.2670776652   0.0547371749   0.0048403460  -0.0078936013
11  2   0.0026136484  -0.0009375249   0.0039158891   0.0005278679  -0.1037617955
11  3   0.2949077584  -0.0506096899   0.0039817899  -0.0252544699  -0.0052927083
11  4  -0.0006389097   0.0007924906  -0.0027153177  -0.0000630861   0.0006095982
11  5   0.0007390247
12  1  -0.0247951692   0.0642639782  -0.0589978330  -0.0120156052   0.0229618188
12  2  -0.0027010518   0.0014868191   0.0002010600   0.0005009542   0.0276399079
12  3  -0.0506096899   0.0664973097   0.0077259700  -0.0359557460  -0.0022320381
12  4   0.0001342967  -0.0021754519  -0.0059591138  -0.0001762193   0.0013140307
12  5   0.0028917728
13  1  -0.0715562504  -0.0204199459  -0.0380607208   0.0061105021   0.0078738810
13  2   0.0039496203  -0.0026482686  -0.0240348674  -0.0311138435   0.0044301079
13  3   0.0039817899   0.0077259700   0.0813967568  -0.0174213592   0.0624900374
13  4  -0.0213763356   0.0558169036  -0.0014202833   0.0036434877  -0.0057964020
13  5  -0.0035707801
14  1  -0.0202245212  -0.0955387583  -0.0573868192   0.0036330136   0.0011129132
14  2  -0.0081041214  -0.0080473408  -0.0097483218  -0.0130363325  -0.0114816637
14  3  -0.0252544699  -0.0359557460  -0.0174213592   0.3473686642   0.0889017818
14  4   0.0581142428  -0.2034893188   0.0055345158  -0.0045723715  -0.0144507087
14  5   0.0200467215
15  1  -0.0399941244  -0.0468820347  -0.1585484428  -0.0133223739  -0.0284445175
15  2  -0.0314107195  -0.0090676111  -0.0115756736  -0.0111223583   0.0000963565
15  3  -0.0052927083  -0.0022320381   0.0624900374   0.0889017818   0.2568723982
15  4   0.0111388433  -0.0339228666  -0.0566258979  -0.0113411278   0.0372160189
15  5   0.0030670583
16  1   0.0010921146   0.0023208029   0.0011102696   0.0005166284  -0.0007263145
16  2  -0.0004350351  -0.0005244212  -0.0019046717  -0.0006083589   0.0006658086
16  3  -0.0006389097   0.0001342967  -0.0213763356   0.0581142428   0.0111388433
16  4   0.0379434997  -0.0482313147  -0.0911788561  -0.0183172945  -0.0089338351
16  5   0.0798388405
17  1   0.0033609878  -0.0549362470  -0.0177370052   0.0000455389   0.0036099325
17  2   0.0066831576   0.0015458675   0.0052972567   0.0040709539  -0.0029791561
17  3   0.0007924906  -0.0021754519   0.0558169036  -0.2034893188  -0.0339228666
17  4  -0.0482313147   0.3422881865  -0.1038587816  -0.0095588271  -0.0935623006
17  5   0.1469399937
18  1   0.0090958414  -0.0214553513   0.0102079096   0.0010676075  -0.0030810622
18  2  -0.0031848186  -0.0010946305  -0.0006561203  -0.0001933484  -0.0017091967
18  3  -0.0027153177  -0.0059591138  -0.0014202833   0.0055345158  -0.0566258979
18  4  -0.0911788561  -0.1038587816   0.5496282284   0.0852395177   0.1262321173
18  5  -0.4938729591
19  1   0.0006458407  -0.0007614004   0.0022930041  -0.0007196429  -0.0001914591
19  2  -0.0005342724   0.0000943893   0.0000879689  -0.0005954847  -0.0001107088
19  3  -0.0000630861  -0.0001762193   0.0036434877  -0.0045723715  -0.0113411278
19  4  -0.0183172945  -0.0095588271   0.0852395177   0.0147639286   0.0150591753
19  5  -0.0748854176
20  1   0.0007987778   0.0062693427   0.0019468216  -0.0008593053  -0.0008760913
20  2   0.0004432708  -0.0004515191  -0.0007214802  -0.0004580362   0.0001831084
20  3   0.0006095982   0.0013140307  -0.0057964020  -0.0144507087   0.0372160189
20  4  -0.0089338351  -0.0935623006   0.1262321173   0.0150591753   0.1027316399
20  5  -0.1666942231
21  1  -0.0025901616  -0.0036235689  -0.0073568886  -0.0005050913   0.0014860174
21  2   0.0026870891   0.0009854681   0.0011060345   0.0005941070   0.0007271420
21  3   0.0007390247   0.0028917728  -0.0035707801   0.0200467215   0.0030670583
21  4   0.0798388405   0.1469399937  -0.4938729591  -0.0748854176  -0.1666942231
21  5   0.4919898204
$end
