$hessapprox internal
  0.194645177642D+00 -0.578980481718D-02  0.436822667500D+00 -0.814527710912D-03
 -0.238470022310D-05  0.433480634561D+00 -0.131298703830D-02  0.637115471641D-04
 -0.124215874078D-04  0.428681637417D+00  0.384707945434D-02 -0.167417736696D-03
  0.589928582639D-04 -0.744884745666D-04  0.334671827856D+00  0.102955726184D-01
 -0.258984156185D-03  0.115701202365D-03 -0.426880842731D-03  0.324479327330D-03
  0.325361234418D+00  0.504618791466D-01 -0.134525518987D-02 -0.798001820696D-03
  0.191186874995D-03  0.532739783605D-03  0.245103595314D-02  0.339494574663D+00
 -0.122282849284D-01  0.359777124953D-03 -0.486553633646D-04  0.115931955845D-03
 -0.692885694848D-03 -0.838797263129D-03 -0.295463666306D-02  0.342007480868D+00
  0.629067094353D-01 -0.165737710925D-02 -0.105319842388D-02  0.345661074126D-03
  0.799443779807D-03  0.336262375564D-02  0.211542837632D-01 -0.270322794888D-02
  0.372040784720D+00  0.326241619499D+00 -0.926829881990D-02 -0.375362636323D-02
 -0.395226015116D-03  0.508151707247D-02  0.160558319155D-01  0.102525492940D+00
 -0.183928217585D-01  0.128539011873D+00  0.643239694361D+00  0.114193155557D-01
 -0.234902877300D-03 -0.111350109878D-04 -0.564678604424D-03  0.689873855050D-03
 -0.833671133641D-03  0.401890417876D-02  0.145474405970D-02  0.419919841165D-02
  0.204358568775D-01  0.108719622499D+01 -0.893057249310D-01  0.299475689035D-02
 -0.681122727165D-03  0.207770056224D-02 -0.306341011896D-02 -0.307863805243D-02
 -0.206506812133D-01  0.569457315385D-02 -0.252732552068D-01 -0.139562293787D+00
  0.195882951611D-03  0.576664657309D+00 -0.320461745636D-01  0.110085650469D-02
 -0.482499684442D-05 -0.732344181356D-04 -0.132385220398D-02 -0.353589844897D-02
 -0.714182046918D-02  0.131836008621D-03 -0.719787340762D-02 -0.491564433977D-01
 -0.873353321560D-03  0.201108832698D-01  0.623686774606D+00  0.174780791232D-02
 -0.195091846171D-03  0.165359554537D-03  0.649324992524D-04  0.824227748929D-04
  0.104178851609D-02 -0.764931868767D-03 -0.926424336860D-03 -0.928965555665D-03
 -0.930806017886D-03  0.169713438674D-02 -0.495475358352D-02 -0.814233007760D-03
  0.483202419451D+00 -0.450969601445D-01  0.112495923634D-02 -0.318562741495D-03
  0.143696211637D-02 -0.169244838895D-02  0.134716568818D-02 -0.114218154158D-01
  0.147542849421D-02 -0.141703129865D-01 -0.719370428457D-01  0.462196100849D-02
  0.139764942398D-01  0.108645333291D-01 -0.421450245158D-02  0.429115436205D+00
$end
