$vibrational normal modes
 1  1  -0.1101607397  -0.0426305301   0.0163209857   0.0913304299  -0.0326053054
 1  2   0.4206872225  -0.0879442336   0.0423818774  -0.0659303341  -0.0041156609
 1  3  -0.0481353254   0.1697899759  -0.1244253300   0.0177563921  -0.0595094931
 1  4  -0.0143110734   0.0366208864   0.0441032920  -0.0341983998   0.0816570381
 1  5   0.0240270686
 2  1   0.2430141551  -0.1255697300  -0.0264787598  -0.1955965235   0.0494635110
 2  2   0.0335834147  -0.0689667710   0.0251386675   0.3223030828   0.1703940821
 2  3  -0.2241546830   0.3665330083  -0.0037926153   0.0988371029   0.1095014814
 2  4  -0.0681463827   0.0277875002  -0.0210930407  -0.0175094067   0.0009460886
 2  5  -0.0777317667
 3  1  -0.2819280390   0.0856378596  -0.3010849736  -0.0969721791   0.3468892349
 3  2  -0.0376689319   0.0777139525  -0.0413851692  -0.0641847268   0.0932412348
 3  3  -0.1747028056   0.4822788926   0.0518491925  -0.0797115078  -0.0742658807
 3  4  -0.0651428450  -0.0294097154   0.0305905198  -0.0286781666  -0.0438419814
 3  5   0.0478906586
 4  1   0.0407274967  -0.1142393546  -0.2757864135   0.4166387707  -0.0989905287
 4  2   0.4865493562  -0.5872372109  -0.3313237065  -0.1585819269   0.0208088579
 4  3  -0.0524205164   0.0522176542   0.3645332840  -0.1059938780   0.0804295107
 4  4   0.1132882818   0.0190289536  -0.6627029026  -0.1933082831  -0.2629036663
 4  5   0.1912662724
 5  1   0.2804485354  -0.3438530360   0.1016867775  -0.2309047057  -0.1018998126
 5  2   0.0926334722   0.0741468874   0.4023250983   0.5086678228   0.5402118739
 5  3  -0.0398985525   0.0516522134   0.2517966342  -0.4375981251  -0.4420542979
 5  4   0.5280015966   0.3751106786   0.1975946879  -0.1745681973  -0.2730391390
 5  5   0.1644955840
 6  1  -0.2012825484  -0.0350324778  -0.3747622387   0.0292225864   0.2559772392
 6  2   0.0150831047  -0.0803571026  -0.0480174739  -0.0239995290   0.2520197288
 6  3  -0.1075845226   0.2646328780   0.3696395666  -0.3485759900  -0.2419193589
 6  4   0.2458402956   0.1325888756  -0.1957072714   0.4154605623   0.6243413978
 6  5  -0.4025876208
 7  1  -0.1095279089  -0.0475757816  -0.0019776391   0.1041660882  -0.0475904966
 7  2   0.4374045007  -0.0972043983   0.0571750455  -0.0850732236  -0.0122345429
 7  3  -0.0619023407   0.1563717852  -0.0660157432   0.0114246268  -0.0311851581
 7  4  -0.0536720442   0.0447874200   0.0462674400   0.7684029357  -0.6013512488
 7  5  -0.1387649401
 8  1   0.3691400117  -0.1396832570  -0.0385454642  -0.0783377505   0.1729112423
 8  2  -0.1187757881  -0.3906129173  -0.4672347358   0.4943738857   0.3296515397
 8  3  -0.0192521451   0.1426261272  -0.3655887364  -0.1405049963  -0.4255540259
 8  4   0.3752286664  -0.5830484222   0.1260388669   0.0372369843  -0.0231585957
 8  5  -0.0207529933
 9  1  -0.4133763439   0.1835134254   0.0226645854  -0.4281399360   0.4844736541
 9  2  -0.1771492846   0.5444238956   0.1831051321   0.0818972327   0.0451785807
 9  3  -0.1448957298   0.2472629972  -0.6135792980   0.3196529793  -0.0433555900
 9  4   0.3270046341   0.1058266498  -0.5911718341   0.0318988420  -0.0302975668
 9  5   0.0054002330
10  1  -0.2432501206  -0.0271772268   0.0986072601  -0.0777813342  -0.1251057826
10  2   0.5314620776   0.2927992540   0.5474195038  -0.1671254164  -0.1036076488
10  3  -0.2285379443   0.0036496216   0.3109803874   0.0418319950   0.2066258648
10  4   0.1995097195  -0.6288846726  -0.0491219536  -0.1614282806  -0.1019859572
10  5  -0.3375110774
11  1   0.1785625890  -0.0769165205  -0.0458140779  -0.2419459657   0.0227711538
11  2   0.0912574137   0.0477876035   0.1765082211   0.2176768739   0.0319366132
11  3  -0.3930781247   0.1852907201   0.1714824872   0.2499954401   0.3593179157
11  4   0.1699837056  -0.2081395659   0.0241417037   0.3632679114   0.2815946483
11  5   0.7757983298
12  1  -0.3201758967   0.2826943805  -0.5543360735   0.0207363532   0.4050029461
12  2   0.0130149269  -0.1287076859  -0.3324436985  -0.3680778839  -0.3733411666
12  3  -0.5567039324   0.1053649735   0.0104956038   0.5837292399   0.5784512981
12  4   0.5638210522   0.2151034088   0.3308767159  -0.0798355342  -0.0718557396
12  5  -0.1728465297
13  1  -0.1456110219   0.0423277446   0.3353933906  -0.1533660643   0.1987183194
13  2   0.1640471278   0.1227836435  -0.1237372070   0.1830813669   0.0101537239
13  3   0.2030923488  -0.1029380839   0.0552437301  -0.0073783751   0.0314773609
13  4  -0.0023123884   0.0077802114   0.0086684172  -0.0001535696  -0.0003838322
13  5  -0.0000211964
14  1   0.1035552868   0.1300941010  -0.1608608155  -0.2466375822   0.1237684479
14  2   0.0851330248   0.0249885051  -0.0172948575   0.0373168113  -0.2168012636
14  3  -0.4195125123  -0.4317058213  -0.0009878756  -0.0600576063  -0.0543804064
14  4  -0.0301747465   0.0059181289  -0.0065296120  -0.0022589171  -0.0006256544
14  5  -0.0000012475
15  1  -0.1641768126  -0.1372816023  -0.3123520289   0.0279485905   0.2091361214
15  2   0.0140562086  -0.0626479987   0.0466718323   0.0792279292   0.3470855617
15  3   0.1677676857  -0.4145837966  -0.0237827694   0.0297236068   0.0509812614
15  4  -0.0220570472  -0.0059915157   0.0069069840  -0.0015840659  -0.0000110483
15  5  -0.0003156918
16  1   0.0417100521   0.0357835848   0.2754705016   0.0471022411   0.3770568237
16  2  -0.0456897822  -0.0879998297   0.0461505881  -0.0882675520   0.0351591055
16  3  -0.0848400755  -0.0220121023  -0.0046751154  -0.0238732548   0.0082775556
16  4  -0.0009318942   0.0003090845  -0.0002281989  -0.0001090534  -0.0000061385
16  5  -0.0000529471
17  1   0.1520171284   0.1071464593  -0.1547130764  -0.2073217107   0.1558122480
17  2   0.0351265288  -0.0269857637   0.0259328361  -0.0397528915  -0.1511721385
17  3   0.3154296786   0.0813065943  -0.0090464069  -0.0495846080   0.0198195763
17  4   0.0086590868  -0.0001220580  -0.0001399341   0.0005992305   0.0003285384
17  5   0.0002587250
18  1  -0.0661395610  -0.4798001284   0.0016943746  -0.0673114363   0.0776155496
18  2  -0.0278361289  -0.0317026361   0.0120299523   0.0163812969  -0.1824000428
18  3   0.0408027967  -0.0044319741   0.0281932155   0.1471269480  -0.0678215287
18  4  -0.0058143680  -0.0008249536  -0.0010113878  -0.0002348331  -0.0000640803
18  5   0.0002700223
19  1   0.2548020530  -0.0701303208  -0.1546441828   0.5183346578   0.2681561806
19  2   0.0642584485   0.1442702252  -0.0177853722   0.0691883688  -0.0715383376
19  3   0.0246703294   0.0062152425   0.0091360952   0.0452144767  -0.0195108870
19  4  -0.0014014062  -0.0002922776   0.0006099071  -0.0000154677  -0.0000322020
19  5   0.0000453376
20  1   0.2505279325  -0.2152465185   0.0274692616  -0.2177026563  -0.0211918622
20  2   0.0677726790   0.0977949463  -0.0605794870  -0.2765158856   0.3350286469
20  3  -0.0158631023  -0.0303172427   0.0183302437   0.1059003444  -0.0355224731
20  4  -0.0036325225  -0.0003212140   0.0007351132  -0.0000313583   0.0001769879
20  5  -0.0000936006
21  1   0.0000000000  -0.6072599474   0.0000000000   0.0000000000   0.0000000000
21  2   0.0000000000   0.0467128675  -0.0272783517  -0.0443306960  -0.0467436595
21  3  -0.0674067902   0.0225192365  -0.0569359459  -0.2996887066   0.1222211814
21  4   0.0110033306   0.0011514802   0.0008832171   0.0004299235   0.0001546384
21  5  -0.0002657544
$end
