$jbas
*
c aug-cc-pVTZ
# c     (12s5p4d2f1g) / [6s4p3d1f1g]     {711111/2111/211/2/1}
*
   7  s
  1861.0916331      0.74417100000E-01
  642.99397640      0.16539570000
  235.11057250      0.55764840000
  90.702889400       1.3108298000
  36.779455200       2.1694681000
  15.604627300       1.7668846000
  6.8907294000      0.29307690000
   1  s
  3.1478850000     -0.17087020000
   1  s
  1.4777287000      0.16415530000
   1  s
 0.70764660000      0.41499410000
   1  s
 0.34301220000      0.16243660000
   1  s
 0.16694530000      0.20767500000E-01
   2  p
  13.547289200     -0.20647700000E-01
  5.4669419000     -0.11528200000E-01
   1  p
  2.1751721000      0.45591400000E-01
   1  p
 0.85821940000      0.28360000000E-02
   1  p
 0.33767200000      0.18187500000E-01
   2  d
  5.9287253000     -0.22594800000E-01
  1.9809209000     -0.47682700000E-01
   1  d
 0.80554170000     -0.36537200000E-01
   1  d
 0.35312440000     -0.14541700000E-01
   2  f
  1.6755626000      0.88798000000E-02
 0.59975360000      0.69903000000E-02
   1  g
  1.0024600000     -0.22192000000E-02
*
s aug-cc-pVTZ
# s     (14s5p5d2f1g) / [8s4p3d1f1g]     {71111111/2111/311/2/1}
*
   7  s
  7399.0303145      0.72279330000
  2710.1675859       1.3706745000
  1034.3279062       4.3217500000
  410.46454110       8.7624644000
  168.97625020       10.528990900
  71.968788900       3.0836598000
  31.617268300      -1.5821203000
   1  s
  14.279683600       4.4920092000
   1  s
  6.6060948000       5.6247567000
   1  s
  3.1181477000      0.23311330000
   1  s
  1.4954039000     -0.45274010000
   1  s
 0.72547790000      0.67316170000
   1  s
 0.35442160000      0.40156530000
   1  s
 0.17355250000      0.61036900000E-01
   2  p
  12.699879900      0.45797100000E-01
  4.4295784000     -0.39496800000E-01
   1  p
  1.5232889000      0.35733800000E-01
   1  p
 0.51946670000     -0.40859000000E-02
   1  p
 0.17665470000     -0.36880000000E-02
   3  d
  16.854646100      0.26323600000E-01
  5.0810461000     -0.19077300000E-01
  1.5102323000      0.21366800000E-01
   1  d
 0.44513310000      0.21936900000E-01
   1  d
 0.13083620000      0.16925000000E-02
   2  f
  1.0809860000       1.0000000000
 0.41614740000       1.0000000000
   1  g
 0.67071000000     -0.44361000000E-02
*
o aug-cc-pVTZ
# o     (12s5p4d2f1g) / [6s4p3d1f1g]     {711111/2111/211/2/1}
*
   7  s
  2876.8216605      0.14435580000
  1004.7443032      0.29200410000
  369.75799540       1.0258517000
  142.94424040       2.2875516000
  57.836642500       3.6080237000
  24.386498300       2.3737865000
  10.662266200      0.48941400000E-01
   1  s
  4.8070437000     -0.12951860000
   1  s
  2.2210770000      0.77471580000
   1  s
  1.0447795000      0.76478160000
   1  s
 0.49684250000      0.23698030000
   1  s
 0.23713840000      0.20809900000E-01
   2  p
  64.261338200     -0.12665900000E-01
  16.300607600     -0.37874400000E-01
   1  p
  4.3550542000      0.63807800000E-01
   1  p
  1.2019554000      0.16951600000E-01
   1  p
 0.33541960000      0.65743000000E-02
   2  d
  9.2146611000     -0.59791400000E-01
  2.8435251000     -0.84672400000E-01
   1  d
 0.99557590000     -0.46606600000E-01
   1  d
 0.36494410000     -0.96978000000E-02
   2  f
  2.6420115000       1.0000000000
 0.73456130000       1.0000000000
   1  g
  1.3931000000     -0.16533000000E-02
*
h aug-cc-pVTZ
# h     (5s2p1d) / [3s1p1d]     {311/2/1}
*
   3  s
  15.675292700      0.18688600000E-01
  3.6063578000      0.63167000000E-01
  1.2080016000      0.12046090000
   1  s
 0.47267940000      0.59248500000E-01
   1  s
 0.20181000000      0.51272000000E-02
   2  p
  2.0281365000       1.0000000000
 0.53587300000       1.0000000000
   1  d
  2.2165124000      0.33116000000E-02
*
np def-TZVPP
# np    (18s7p7d6f6g3h5i) / [14s7p7d6f5g2h2i]
# {51111111111111/1111111/1111111/111111/21111/21/41}
*
   5  s
  17373.635659      0.89190000000E-02
  4289.6801859     -0.20219600000E-01
  2187.9513375      0.77033200000E-01
  1102.1598816     -0.67313300000E-01
  542.92611440      0.85572500000E-01
   1  s
  254.41877180     -0.11623700000E-01
   1  s
  127.20938590     -0.15789860000
   1  s
  63.604692900      0.84820880000
   1  s
  31.802346500      -4.0440681000
   1  s
  16.924128700       13.541425700
   1  s
  8.4620643000      -26.870139200
   1  s
  4.2310322000       18.909058600
   1  s
  2.1155161000       1.1825375000
   1  s
  1.0577580000       2.3562677000
   1  s
 0.52887900000       1.2720239000
   1  s
 0.26443950000      0.25200800000E-01
   1  s
 0.13091070000      0.16005200000
   1  s
 0.66771000000E-01  0.23449100000E-01
   1  p
  8.0632439000      0.25972200000E-01
   1  p
  3.6575555000     -0.56323800000E-01
   1  p
  1.6382073000      0.22219100000E-01
   1  p
 0.73488860000     -0.11829000000E-01
   1  p
 0.33003260000     -0.13311300000E-01
   1  p
 0.16633760000      0.28493500000E-01
   1  p
 0.83834700000E-01 -0.23949000000E-02
   1  d
  21.377936600     -0.51968000000E-02
   1  d
  6.2478007000      0.10681100000E-01
   1  d
  2.9458380000      0.70468000000E-02
   1  d
  1.1118712000     -0.23009200000E-01
   1  d
 0.44343500000      0.94363000000E-02
   1  d
 0.19280990000      0.14568400000E-01
   1  d
 0.75560300000E-01  0.14300000000E-03
   1  f
  4.7843378000      0.18732000000E-02
   1  f
  2.3031409000      0.13789000000E-02
   1  f
  1.1310398000     -0.26802000000E-02
   1  f
 0.48322280000      0.31930000000E-03
   1  f
 0.23731380000     -0.32541000000E-02
   1  f
 0.11425050000      0.48030000000E-03
   2  g
  6.8852993000      0.39046000000E-02
  2.9398047000      0.15011500000E-01
   1  g
  1.2555614000      0.35467000000E-02
   1  g
 0.53634700000     -0.12506000000E-02
   1  g
 0.22914310000     -0.17293000000E-02
   1  g
 0.97900600000E-01  0.15000000000E-04
   2  h
  6.8031467000     -0.56100000000E-02
 0.88335140000      0.59632000000E-02
   1  h
 0.27708120000      0.55180000000E-03
   4  i
  10.081703200      0.39809000000E-02
  4.5058793000      0.14105500000E-01
  1.9254964000      0.77186000000E-02
 0.82282340000      0.13513000000E-02
   1  i
 0.35161780000      0.22880000000E-03
*
$end
