$coord
   -3.12375344112910      2.09710198074808      2.39187671748569  c
   -2.10875952372844     -1.18255479452340      2.38964244785168  s
   -2.34258899876909     -1.85123588847525     -0.41917523309053  o
    2.27138049250637     -1.30473329548804     -1.57694622545174  np
    5.89759934527518     -0.96196084118531     -4.15339268229448  o
    0.71533676620275     -0.91019069127934      2.96459256818971  o
    2.81700722741047     -4.58906610997634     -1.16714032736798  o
    1.78694103275434      2.00713073005141     -1.91080108202003  o
   -2.88030481544363      2.84990638031927      4.29478376801693  h
   -1.92314769787616      3.08101603989041      1.03518170589394  h
   -5.10518208161784      2.16193422877530      1.82903108791080  h
    3.99547169441509     -1.39734773885680     -5.67765274512409  o
$user-defined bonds
$redundant
     number_of_atoms            12
     degrees_of_freedom         30
     internal_coordinates       30
     frozen_coordinates          0
# definitions of redundant internals
   1 k  1.0000000000000 stre   4    7           val=   3.35447
   2 k  1.0000000000000 stre   4    8           val=   3.36372
   3 k  0.3774129406341 bend  12    7    4      val=   4.51064
        0.3633059632036 bend  12    8    4
        0.3773566878079 bend   5    7    4
        0.3632533983502 bend   5    8    4
       -0.3421094336175 bend   6    7    4
       -0.3293442157219 bend   6    8    4
       -0.3422613090079 bend   3    7    4
       -0.3294963845826 bend   3    8    4
   4 k -0.3633326245490 bend  12    7    4      val=  -0.00054
        0.3774137612937 bend  12    8    4
       -0.3632510436263 bend   5    7    4
        0.3773305638119 bend   5    8    4
        0.3293584338673 bend   6    7    4
       -0.3421459653633 bend   6    8    4
        0.3294553679520 bend   3    7    4
       -0.3422526882230 bend   3    8    4
   5 k -0.2487160756104 bend  12    7    4      val=   0.22376
        0.2371215767983 bend  12    8    4
        0.2492042009198 bend   5    7    4
       -0.2375926517538 bend   5    8    4
        0.4475073704876 bend   6    7    4
       -0.4265479406875 bend   6    8    4
       -0.4468954865446 bend   3    7    4
        0.4259566895669 bend   3    8    4
   6 k -0.2370999173549 bend  12    7    4      val=  -0.28556
       -0.2487824930141 bend  12    8    4
        0.2375234873541 bend   5    7    4
        0.2492330735145 bend   5    8    4
        0.4265881415983 bend   6    7    4
        0.4475048059447 bend   6    8    4
       -0.4259670609811 bend   3    7    4
       -0.4468449814476 bend   3    8    4
   7 k  0.4082482904639 tors  11    1    2    3 val=  59.94182
        0.4082482904639 tors  11    1    2    6
        0.4082482904639 tors   9    1    2    3
        0.4082482904639 tors   9    1    2    6
        0.4082482904639 tors  10    1    2    3
        0.4082482904639 tors  10    1    2    6
   8 k  1.0000000000000 stre   1   11           val=   2.06084
   9 k  1.0000000000000 stre   1    9           val=   2.06083
  10 k  1.0000000000000 stre   1   10           val=   2.06159
  11 k -0.4049478523508 bend   9   11    1      val=   2.10204
       -0.3885510018360 bend  10   11    1
       -0.3874394108483 bend  10    9    1
        0.4218770881782 bend   2   11    1
        0.4221212918162 bend   2    9    1
        0.4228113009794 bend   2   10    1
  12 k -0.0644743651184 bend   9   11    1      val=   0.07314
       -0.6177657970549 bend  10   11    1
        0.6853540898065 bend  10    9    1
       -0.2820517952477 bend   2   11    1
        0.2534096894633 bend   2    9    1
        0.0269918858321 bend   2   10    1
  13 k -0.7429367740028 bend   9   11    1      val=   0.65100
        0.4397333515826 bend  10   11    1
        0.3257959328453 bend  10    9    1
       -0.1365899448368 bend   2   11    1
       -0.1832425440631 bend   2    9    1
        0.3103254686557 bend   2   10    1
  14 k -0.3121973428136 bend   9   11    1      val=   0.92591
        0.1601340778569 bend  10   11    1
        0.1595016249789 bend  10    9    1
        0.3741590279963 bend   2   11    1
        0.3764179930964 bend   2    9    1
       -0.7548268967918 bend   2   10    1
  15 k  0.0005388184889 bend   9   11    1      val=   0.01553
        0.2683868165273 bend  10   11    1
       -0.2691028548431 bend  10    9    1
       -0.6545867968953 bend   2   11    1
        0.6535031706835 bend   2    9    1
        0.0012693073982 bend   2   10    1
  16 k  1.0000000000000 stre   2    1           val=   3.43313
  17 k  0.7079309800486 bend   3    1    2      val= 101.41107
        0.7062816205222 bend   6    1    2
  18 k -0.7062816205222 bend   3    1    2      val=   0.15120
        0.7079309800486 bend   6    1    2
  19 k  1.0000000000000 stre   4   12           val=   4.44937
  20 k  1.0000000000000 stre  12    5           val=   2.47609
  21 k  1.0000000000000 stre   5    4           val=   4.46151
  22 k  1.0000000000000 stre   4    6           val=   4.81690
  23 k  1.0000000000000 stre   6    2           val=   2.89487
  24 k  1.0000000000000 stre   2    3           val=   2.89677
  25 k  1.0000000000000 stre   3    4           val=   4.78830
  26 k -0.5000000000000 bend   4    2    6      val=  -7.33721
        0.5000000000000 bend   6    3    2
       -0.5000000000000 bend   2    4    3
        0.5000000000000 bend   3    6    4
  27 k -0.5000000000000 tors   6    2    3    4 val=   5.82884
        0.5000000000000 tors   2    3    4    6
       -0.5000000000000 tors   3    4    6    2
        0.5000000000000 tors   4    6    2    3
  28 k -0.7071057987935 bend   6    5    4      val=  -8.38467
        0.7071077635783 bend   3   12    4
  29 k -0.3933905507449 outp  12    6    5    4 val=  -1.97576
       -0.3940167517603 outp   5   12    3    4
       -0.5874146180487 outp  12    3    6    4
       -0.5873148562906 outp   5    3    6    4
  30 k  0.5654935807116 outp  12    6    5    4 val=   0.71801
       -0.5648354034144 outp   5   12    3    4
        0.4250022226708 outp  12    3    6    4
       -0.4249130357479 outp   5    3    6    4
        30 non zero eigenvalues  of BmBt
           1           4.917661471    1    0
         1
           2           3.845236332    2    0
         2
           3           3.379684850    3    0
         3
           4           3.364101271    4    0
         4
           5           3.194132801    5    0
         5
           6           2.706463520    6    0
         6
           7           2.054856372    7    0
         7
           8           2.002399056    8    0
         8
           9           1.898998786    9    0
         9
          10           1.834124206   10    0
        10
          11           1.166914964   11    0
        11
          12           1.149263792   12    0
        12
          13           0.999991705   13    0
        13
          14           0.903322067   14    0
        14
          15           0.724513375   15    0
        15
          16           0.724371929   16    0
        16
          17           0.661235008   17    0
        17
          18           0.586353488   18    0
        18
          19           0.485236410   19    0
        19
          20           0.400478369   20    0
        20
          21           0.395417864   21    0
        21
          22           0.381989883   22    0
        22
          23           0.250536182   23    0
        23
          24           0.231031523   24    0
        24
          25           0.177011769   25    0
        25
          26           0.167944072   26    0
        26
          27           0.146886624   27    0
        27
          28           0.061647902   28    0
        28
          29           0.040104364   29    0
        29
          30           0.014059984   30    0
        30
$end
