$dipgrad          cartesian dipole gradients
  -.22434178623780D-01  0.50665932039720D-01  0.76364284051371D-01
  0.24255244765290D+00  -.51887692893547D+00  -.57004309267786D-01
  0.24033838891122D-01  0.12756182812398D+00  0.22129938416376D-01
  0.13941153131380D+01  -.24041984502814D+00  0.40343268582947D-01
  -.16102587516064D+00  0.93488354692355D+00  0.27410914179603D+00
  0.70552444341798D-02  0.34286501795486D+00  0.12814507379677D+01
  -.96283031557277D+00  0.25192412828209D-01  0.33106353096710D+00
  -.35443686737308D-01  -.50429777410556D+00  -.14018061409463D+00
  0.28175254622373D+00  -.46452657478929D+00  -.14343946242939D+01
  0.17974331725361D+01  -.48635146681472D+00  -.55636289190962D+00
  -.51450818821779D+00  0.35347391898026D+01  -.15228967361211D+00
  -.50827008939815D+00  -.21871649985959D+00  0.16328744196177D+01
  -.85963314493672D+00  -.16667008684720D-02  0.52129555200881D+00
  -.11383452941930D+00  -.19146979822442D+00  0.10731878948620D+00
  -.23800135053482D+00  0.25951168927942D-01  0.60952517753517D-01
  -.15702522770626D+01  0.21890857709329D+00  0.12086608602783D+00
  -.77330093096350D-01  -.41408925562623D+00  -.43706566519669D-01
  0.22647759000231D+00  -.42857986860029D-01  -.91640169434202D+00
  -.43724256859617D+00  0.27410636909071D+00  -.63956865924671D-01
  0.17210845186289D+00  -.18902343302640D+01  0.33970656789119D+00
  -.39096705155483D-01  0.16444832217477D+00  -.42937194203353D+00
  -.47909545728233D+00  0.18444308350073D+00  0.87573439965241D-02
  0.37642080398285D+00  -.17983608421657D+01  -.11891898689492D+00
  -.28156989555591D-01  0.13274576680807D+00  -.39747681861462D+00
  0.62318382021940D-01  0.36128688939406D-02  -.26732528348810D-01
  0.31989137552010D-01  0.15973930780896D-01  -.53805602415970D-01
  0.12884126310262D-01  -.92148033302587D-01  -.97944914468936D-01
  0.81161566629805D-01  -.37279591778620D-01  -.72789058148096D-02
  0.19285805402049D-01  -.22708435734183D-02  0.11112986449495D-02
  -.20989977229318D-01  0.52072058124505D-01  0.67245210646319D-01
  -.12170961105178D+00  0.50364456163739D-01  -.18091585395515D-01
  0.19288444182720D-02  0.39974675481891D-01  -.19404582623594D-01
  -.53652126836785D-01  0.23541952865922D-02  0.64260646607893D-01
  0.11816911877472D+00  -.41576095120598D-01  -.42626728824119D+00
  0.57856881760206D-01  -.20597157011967D+00  -.13693546238953D+00
  0.33596389284897D+00  -.29749262589189D-01  -.85332347728303D+00
$end
