$energy      SCF               SCFKIN            SCFPOT
     1 -1403.530697991      1050.494550534     -2454.025248525
     2 -1403.563250418      1050.583552387     -2454.146802805
     3 -1403.560988832      1050.197611780     -2453.758600612
     4 -1403.562010333      1050.261378477     -2453.823388810
     5 -1403.563397359      1050.417635797     -2453.981033156
     6 -1403.563178234      1050.439011514     -2454.002189747
     7 -1403.563340646      1050.453394008     -2454.016734653
     8 -1403.563517968      1050.456389902     -2454.019907870
     9 -1403.563490168      1050.523346322     -2454.086836489
    10 -1403.563545010      1050.477238893     -2454.040783903
    11 -1403.563546176      1050.476696978     -2454.040243154
    12 -1403.563547391      1050.477438745     -2454.040986135
    13 -1403.563548817      1050.477148048     -2454.040696865
    14 -1403.563550861      1050.476188476     -2454.039739337
    15 -1403.563553563      1050.475208571     -2454.038762134
    16 -1403.563554435      1050.475122692     -2454.038677127
    17 -1403.563554593      1050.476089259     -2454.039643852
    18 -1403.563556843      1050.475853402     -2454.039410244
    19 -1403.563558601      1050.475530982     -2454.039089583
    20 -1403.563559046      1050.475698295     -2454.039257341
    21 -1403.563560997      1050.475590540     -2454.039151536
    22 -1403.563567323      1050.475420865     -2454.038988188
    23 -1403.563570775      1050.475004009     -2454.038574784
    24 -1403.563573365      1050.474966337     -2454.038539701
    25 -1403.563572337      1050.476235577     -2454.039807914
    26 -1403.563585273      1050.474771456     -2454.038356730
    27 -1403.563590267      1050.474760970     -2454.038351237
    28 -1403.563602528      1050.475087379     -2454.038689907
    29 -1403.564457891      1050.424586606     -2453.989044497
    30 -1403.563361323      1050.541108413     -2454.104469736
    31 -1403.564910275      1050.423399403     -2453.988309678
    32 -1403.565025585      1050.428580849     -2453.993606434
    33 -1403.565124094      1050.428025786     -2453.993149880
    34 -1403.565148951      1050.417478745     -2453.982627696
    35 -1403.565156009      1050.415519719     -2453.980675728
    36 -1403.565162821      1050.413719486     -2453.978882306
    37 -1403.565166877      1050.415467869     -2453.980634746
    38 -1403.565167715      1050.416441488     -2453.981609203
    39 -1403.565168073      1050.416385244     -2453.981553316
    40 -1403.565168104      1050.415750418     -2453.980918522
    41 -1403.565168298      1050.415516380     -2453.980684678
    42 -1403.565168314      1050.415501951     -2453.980670265
    43 -1403.565168381      1050.415512921     -2453.980681302
    44 -1403.565168433      1050.415389801     -2453.980558235
    45 -1403.565168467      1050.415367320     -2453.980535787
    46 -1403.565168470      1050.415379908     -2453.980548377
$end
