$grad          cartesian gradients
  cycle =      1    SCF energy =    -1403.5306979910   |dE/dxyz| =  0.008507
   -3.09640564015270      2.10836313099580      2.43781478417898      c
   -2.07880345996156     -1.17150459794623      2.42548926888748      s
   -2.44306880066542     -1.87754232611509     -0.35834404700524      o
    2.10346797427826     -1.32723402397647     -1.68914661855802      np
    6.01839891609983     -0.90038659492539     -3.93258497263550      o
    0.76867800678700     -0.89075933455929      2.86688407849793      o
    2.70923209815293     -4.57950269358483     -1.28553000439302      o
    1.52675936285333      1.93890369619314     -2.12627904064019      o
   -2.76452957089079      2.88192239261429      4.31895097087241      h
   -1.96232068694273      3.07782946177783      1.01549846549274      h
   -5.10207005488156      2.16711551092653      1.96779143723460      h
    4.32066185532346     -1.42720462140028     -5.64054432193228      o
  -.10379890973777D-03  0.55187741647700D-04  0.93593544929771D-04
  0.85861536481890D-03  -.70761951479970D-03  -.63729395198386D-03
  0.36516023822131D-03  0.41641004242887D-03  0.13649533639359D-02
  0.23309014768538D-02  0.62789794411078D-03  -.25156190113442D-02
  0.19403520619363D-02  0.67296527546246D-03  0.25212529455061D-02
  -.14324481990151D-02  -.16559660344484D-03  -.39674336900752D-03
  -.13887965232362D-02  0.35962163693082D-02  0.23594872379806D-03
  0.98044166121802D-04  -.40880412665203D-02  0.11874307886384D-02
  0.22682093046678D-04  0.88357660364302D-04  -.29269386705000D-04
  -.15699966706617D-03  0.90060750909782D-04  0.15542835806526D-03
  0.14386825660573D-04  0.10437040592237D-03  -.45798844855227D-04
  -.24924439543810D-02  -.68344032496404D-03  -.19374799077490D-02
  cycle =      2    SCF energy =    -1403.5632504180   |dE/dxyz| =  0.015480
   -3.09295106771764      2.10830336417437      2.43434555890433      c
   -2.08192154999619     -1.17219965464829      2.42861179649077      s
   -2.44912148293843     -1.88103906537348     -0.35555996230047      o
    2.09760594183118     -1.32850246700066     -1.68305227850921      np
    6.01085986807585     -0.89595826463985     -3.93004916731736      o
    0.76656606608590     -0.89305714216929      2.87362190255611      o
    2.71906865509016     -4.58703893065196     -1.29260661366222      o
    1.52789445723198      1.94622777158833     -2.12902866899873      o
   -2.76041225093530      2.88392428802020      4.31450703912456      h
   -1.95571439533437      3.07207565683888      1.01023526939798      h
   -5.09837707842632      2.16909386791344      1.96362461594021      h
    4.31650283703322     -1.42182942405169     -5.63464949162608      o
  -.29859079937467D-05  0.81545418453288D-05  0.50891566099054D-05
  0.11117370557443D-02  -.16697049650727D-03  -.10364583542142D-02
  0.29157084672171D-03  -.67219512320804D-05  -.25065139287506D-03
  0.16271757724695D-03  0.24851174538743D-03  -.35831592639646D-03
  -.19453201682023D-02  -.41793285252534D-03  -.31323139386252D-03
  0.24107226765580D-03  -.84158646449950D-04  -.24206153107187D-03
  -.20149132990359D-02  0.10504805255575D-01  -.12156290121985D-02
  0.18789324044339D-02  -.10341048570162D-01  0.12143617966318D-02
  0.95544339147047D-05  -.10738487712381D-04  0.36029469333121D-04
  0.47181522454309D-04  -.25256325394851D-04  -.15178277187111D-04
  -.17255038207598D-04  0.18375656314351D-05  0.46638331863136D-06
  0.29919042209769D-03  0.33150885256727D-03  0.21731520313750D-02
  cycle =      3    SCF energy =    -1403.5609888320   |dE/dxyz| =  0.050144
   -3.12364493736801      2.11696771700506      2.45720859829677      c
   -2.08673062130418     -1.16155215714188      2.43547859854747      s
   -2.42126537443440     -1.86520884945895     -0.34423992699525      o
    2.13292571654696     -1.33519762122812     -1.71283528911674      np
    6.06511107123080     -0.91562798189668     -3.94984144160626      o
    0.75846087306043     -0.88707428548482      2.84669272179246      o
    2.72916950321055     -4.68742972383334     -1.27700619120921      o
    1.54026859562946      2.02605000891583     -2.13117156489883      o
   -2.79422511869903      2.89041682945387      4.33842130110283      h
   -2.00099402432277      3.10022342178772      1.03764574445324      h
   -5.12991936859998      2.16734428169472      1.98955915815437      h
    4.33084368505020     -1.44891163981341     -5.68991170852097      o
  -.41957344748034D-03  0.54392203155729D-03  0.10250745788265D-03
  0.56228889944876D-03  -.52132460881138D-03  -.69656254624295D-03
  0.21039747776053D-02  0.84283281730446D-03  0.49819443242640D-02
  0.29618841262646D-02  0.34523390780450D-02  -.47003969169230D-02
  0.16771202332638D-01  0.50197543895774D-02  0.15817598683784D-01
  -.43027408006537D-02  -.13897668894058D-02  -.20027819445385D-02
  0.35124249421470D-02  -.26580404325550D-01  0.47232383018092D-02
  -.49603782800873D-02  0.23143394111264D-01  -.16884360703391D-02
  0.33496017173951D-04  0.19699424882802D-03  -.24817442544478D-03
  -.67268423460892D-03  -.38709550013838D-04  0.65125549166012D-03
  0.11346260171052D-03  0.33259960613319D-03  -.13669038309055D-03
  -.15667816487388D-01  -.50598789487877D-02  -.16808377797609D-01
  cycle =      4    SCF energy =    -1403.5620103330   |dE/dxyz| =  0.038603
   -3.11930982954730      2.11576908427089      2.45379475906248      c
   -2.08715958761342     -1.16333398027398      2.43590889887014      s
   -2.42540070094300     -1.86780685117526     -0.34535426498074      o
    2.12870080701626     -1.33472530235748     -1.70837538665990      np
    6.05675151046817     -0.91321949815011     -3.95079903850668      o
    0.75919157429289     -0.88773429522758      2.85135985168961      o
    2.72673098981960     -4.67113673710037     -1.27957263751098      o
    1.53794529712919      2.01229602534742     -2.12829473000640      o
   -2.78964226117783      2.89029988878506      4.33461198917061      h
   -1.99403597294441      3.09562707196560      1.03324488930990      h
   -5.12538595665482      2.16790922360939      1.98533059658820      h
    4.33161413015469     -1.44394462969360     -5.68185492702635      o
  -.33846090715217D-03  0.43584830772669D-03  0.85617776331315D-04
  0.22954184876767D-03  -.54140665437252D-03  -.25258256786742D-03
  0.18576910142052D-02  0.69634529843388D-03  0.38603220214384D-02
  0.26537137017666D-02  0.26964864681323D-02  -.39851380221974D-02
  0.12651628826191D-01  0.38100309640376D-02  0.11987753467571D-01
  -.33666604175302D-02  -.11083780689356D-02  -.17826785121144D-02
  0.26584884913783D-02  -.20674472320216D-01  0.37667754164210D-02
  -.40499410420027D-02  0.17993765673911D-01  -.12066249951275D-02
  0.34013180073789D-04  0.16889093830552D-03  -.20230068552096D-03
  -.53438738144040D-03  0.30336955066712D-04  0.50020092367875D-03
  0.98392606682207D-04  0.27511690483328D-03  -.11977947336607D-03
  -.11854151506672D-01  -.38312601782700D-02  -.12656995171344D-01
  cycle =      5    SCF energy =    -1403.5633973590   |dE/dxyz| =  0.010420
   -3.11076593930101      2.11260040643831      2.44593720758610      c
   -2.08600514399061     -1.16571576769492      2.43566523767110      s
   -2.43687053277153     -1.87298728463473     -0.34852063918141      o
    2.11800156214522     -1.33343923705625     -1.69659200424053      np
    6.03591693901792     -0.91078011169006     -3.95400480438253      o
    0.76265722757933     -0.88664502168399      2.86453328030337      o
    2.72245793086543     -4.63257104227548     -1.28778070231162      o
    1.54256240403739      1.98208142736159     -2.12093570864773      o
   -2.78102540463158      2.88931946200317      4.32604799450463      h
   -1.98076889966537      3.08542674531237      1.02279403105104      h
   -5.11667091273999      2.16593267219726      1.97625608830513      h
    4.33051076945482     -1.43322224827729     -5.66339998065766      o
  -.20913430064162D-03  0.11815550765704D-03  0.10050292822039D-03
  -.80158367403271D-04  -.22093857284466D-03  0.11436047401681D-03
  0.90459564179923D-03  0.21627645814348D-03  0.13329462874339D-02
  0.14432816466279D-02  0.55192175954932D-03  -.20358203249211D-02
  0.24988261823404D-02  0.78065457464271D-03  0.24637507522725D-02
  -.10678033248048D-02  -.47789816722088D-03  -.87254708938111D-03
  0.51832480596881D-03  -.60558770164993D-02  0.13908297598753D-02
  -.14075112650884D-02  0.55662833268393D-02  -.73766283123611D-04
  0.13390948975178D-04  0.82635966750511D-04  -.66363794315349D-04
  -.20374955790403D-03  0.73325112967648D-04  0.15666801714548D-03
  0.16542881755233D-04  0.13201149878245D-03  -.65105870596660D-04
  -.23747535414358D-02  -.78268340034793D-03  -.24520058410147D-02
  cycle =      6    SCF energy =    -1403.5631782340   |dE/dxyz| =  0.018810
   -3.08869286548324      2.10981265080782      2.42686435235436      c
   -2.09577021241752     -1.17093463377354      2.44504067650588      s
   -2.46812246158759     -1.88948040451766     -0.34092005785803      o
    2.08798039478196     -1.33580271604747     -1.66294960012077      np
    5.99477731376452     -0.88889876328367     -3.93748636591569      o
    0.75603689820952     -0.89551724251158      2.90094708360759      o
    2.75595730065403     -4.62907556284130     -1.32168014820092      o
    1.54130348096264      1.98151122120158     -2.13578247298342      o
   -2.75884355665218      2.89369425486522      4.30405180950934      h
   -1.94057138090743      3.05672064930262      0.99850659237188      h
   -5.09265219393782      2.17358763472058      1.95041293600770      h
    4.30859728261312     -1.40561708792264     -5.62700480527804      o
  0.19156929645892D-03  -.20729895334703D-03  -.13276466801315D-03
  0.57505466855901D-03  -.14338195813579D-03  -.41341296939557D-03
  -.18942636048220D-02  -.20579023985778D-03  -.13407162615309D-02
  -.40502006714256D-02  -.14286875284291D-02  0.47101894203010D-02
  -.67790239961507D-02  -.21318150786933D-02  -.74884429187625D-02
  0.11606054550288D-02  0.73530845381931D-03  0.18194664471238D-02
  0.26495805738320D-02  -.51154199080230D-02  -.11429250416886D-02
  0.45987912524670D-03  0.67216917381732D-02  -.26989659220549D-02
  -.11876514778852D-04  -.17412146069395D-03  0.12028135661479D-03
  0.28974584924413D-03  0.63040485072108D-05  -.27268938889646D-03
  -.48697284699806D-04  -.19690859462829D-03  0.62881571567419D-04
  0.75208123330066D-02  0.22720813188675D-02  0.67980420148785D-02
  cycle =      7    SCF energy =    -1403.5633406460   |dE/dxyz| =  0.012903
   -3.09062485393500      2.11040961787661      2.42838664218534      c
   -2.09496405555513     -1.17016184345558      2.44393999742347      s
   -2.46450356025574     -1.88824858739721     -0.34170014731940      o
    2.09113113952411     -1.33603905048911     -1.66610642943269      np
    5.99926579635960     -0.88994404340581     -3.93764614174145      o
    0.75658433986367     -0.89525253490953      2.89704376424280      o
    2.75258769699111     -4.62465697148817     -1.31892250482347      o
    1.54182241909618      1.97537470134797     -2.13234005302481      o
   -2.76097671007977      2.89360225220020      4.30587267371844      h
   -1.94393201846701      3.05948271446624      1.00071970102842      h
   -5.09468829765193      2.17337387277294      1.95232023466347      h
    4.30829810410992     -1.40794012751857     -5.63156773692023      o
  0.15371206050752D-03  -.17745996805552D-03  -.10258420468379D-03
  0.42375818984652D-03  -.48015481430852D-04  -.31523223955965D-03
  -.14270911023484D-02  -.16767847367838D-03  -.11277438766548D-02
  -.32739717736163D-02  -.10547983828509D-02  0.36983214359481D-02
  -.45694382368620D-02  -.14348023073316D-02  -.49801547632846D-02
  0.99985142258419D-03  0.57491019795552D-03  0.13744734313388D-02
  0.18981335696955D-02  -.30745521906788D-02  -.10091240589972D-02
  0.64849016600643D-03  0.43217926612940D-02  -.20625976264990D-02
  -.13430568331585D-04  -.15165664478545D-03  0.99864097484748D-04
  0.23078559902556D-03  -.15288373645506D-04  -.21109763927285D-03
  -.38778276426399D-04  -.16955564664628D-03  0.55501931143564D-04
  0.50292364053499D-02  0.15186905522562D-02  0.45979312988642D-02
  cycle =      8    SCF energy =    -1403.5635179680   |dE/dxyz| =  0.003608
   -3.09380031047662      2.11284759678480      2.43052776080770      c
   -2.09502374939459     -1.16957186972977      2.44295651498387      s
   -2.45401070694665     -1.88743829219681     -0.34128867420624      o
    2.10006662323939     -1.33851622173516     -1.67480724980110      np
    6.01087636582126     -0.88850166863149     -3.94002014046768      o
    0.75585046609630     -0.89855808603068      2.88627865841669      o
    2.74597612233262     -4.62468205933190     -1.30867702099494      o
    1.53264345981240      1.96661949923413     -2.11707302333049      o
   -2.76428862782554      2.89618435936464      4.30790424101142      h
   -1.94918227538372      3.06508531398861      1.00439297861538      h
   -5.09776825495011      2.17675702167576      1.95435460273902      h
    4.30866088767526     -1.41022559339214     -5.64454864777373      o
  0.89173660324349D-04  -.12169441825804D-04  -.86838082777874D-04
  -.71245499615458D-04  -.17520494275480D-03  0.11391262006910D-03
  -.10169981506714D-03  0.10818309790217D-03  -.17211914995130D-03
  -.12113194434171D-02  0.58024759276298D-04  0.10640274809264D-02
  0.63963343581541D-03  0.20872009448558D-03  0.67487708184899D-03
  0.17912233016659D-03  0.16139796746151D-03  0.80556758064176D-04
  0.92476543737607D-03  -.18599728487629D-02  -.32220932750926D-03
  0.15723054052019D-03  0.18900641084691D-02  -.74769840717703D-03
  0.50269897206023D-06  -.56466647937903D-04  0.74883221294897D-05
  0.34818885844334D-04  -.12046835742296D-04  -.20577992474458D-04
  0.13542478875195D-04  -.50180295522395D-04  0.70440113217884D-05
  -.60244706025125D-03  -.18385799516207D-03  -.58893534263760D-03
  cycle =      9    SCF energy =    -1403.5634901680   |dE/dxyz| =  0.007320
   -3.09282438691091      2.11251072658556      2.42988486348781      c
   -2.09159650367895     -1.16977531539542      2.43924121077236      s
   -2.45035727959147     -1.88686306681369     -0.34526231401964      o
    2.10545271335238     -1.33794766042898     -1.67483731958286      np
    6.01259026910979     -0.88933801110704     -3.94640174232879      o
    0.75843679390700     -0.89744529435454      2.88605629059037      o
    2.73255234717849     -4.61100306045012     -1.30176456172178      o
    1.52292678483343      1.95005947919093     -2.10767808104771      o
   -2.76506691413339      2.89468567280023      4.30814513742234      h
   -1.94808332327412      3.06731856140666      1.00561972508266      h
   -5.09654258527215      2.17602018061543      1.95237911693149      h
    4.31251208447989     -1.40822221204902     -5.64538232558635      o
  0.66695539808315D-04  -.73964823248396D-04  -.19778334001241D-04
  0.99157943168393D-04  -.70032950056920D-04  0.38743758263848D-04
  0.43896619779105D-05  0.34326462561296D-04  -.47937391156694D-03
  0.35193078213247D-03  -.10178344771017D-03  0.20876474426412D-03
  -.18017954108522D-02  -.51284970606669D-03  -.13453314301959D-02
  0.30335105075530D-03  0.15035064436741D-03  -.19931754003721D-04
  -.96776359903128D-03  0.45613734762870D-02  -.66162431523120D-03
  0.52711766630775D-03  -.44129682208514D-02  0.47647312826982D-03
  -.29068108747810D-05  -.28346364193688D-05  0.16332122449114D-04
  0.61512785944462D-04  0.12882006477088D-05  -.29433355022146D-04
  -.10500297900062D-05  -.28291069989250D-04  0.40926569611077D-05
  0.14061548728495D-02  0.50893765721138D-03  0.18176340536300D-02
  cycle =     10    SCF energy =    -1403.5635450100   |dE/dxyz| =  0.000467
   -3.09774723206675      2.11239146542837      2.43362665702741      c
   -2.09172244041455     -1.16888557195468      2.43871496763151      s
   -2.44950995472665     -1.88340719766568     -0.34577153756289      o
    2.10604217495717     -1.33707688617380     -1.68037921384502      np
    6.01631523388799     -0.89513579187995     -3.94818471514815      o
    0.75823641935123     -0.89516135348606      2.88100732289458      o
    2.73688355829351     -4.61937962777545     -1.29785911999484      o
    1.53523902631288      1.96419823314373     -2.11043478871966      o
   -2.76835924189162      2.89340064579527      4.31204817584659      h
   -1.95700730204053      3.07078526495533      1.00865334117373      h
   -5.10225343545552      2.17347972169852      1.95914033801003      h
    4.31388319379284     -1.41520890208562     -5.65056142731339      o
  0.18347444353140D-04  -.15968072434092D-04  -.36267569072379D-05
  0.19742429111957D-04  -.14285424845539D-03  -.55278922026503D-05
  0.86162700728920D-04  0.84640378155143D-04  0.39400061012884D-04
  -.23830679991033D-03  0.10911226706600D-04  -.17991241279347D-03
  -.98469086659669D-04  -.46828359872020D-05  0.74872622430000D-04
  0.18667973591846D-04  0.47497832586618D-04  -.97514392024323D-04
  0.97207384412989D-04  -.22240577969512D-04  0.25727690498467D-04
  0.13602416131420D-03  0.77152892316690D-04  -.15192474160486D-04
  0.91986158690105D-07  -.46837940299582D-05  0.19991112472084D-05
  -.77999246408389D-05  0.14079987592730D-04  0.10308308171503D-05
  0.70477745168773D-05  -.62584324285186D-05  -.74129463887296D-05
  0.15162757517118D-04  -.37913826034242D-06  0.16600015899471D-03
  cycle =     11    SCF energy =    -1403.5635461760   |dE/dxyz| =  0.000328
   -3.09753691406121      2.11287684384916      2.43308809871087      c
   -2.09138927051448     -1.16846114769694      2.43881520371020      s
   -2.44804114143861     -1.88412939638805     -0.34547877290386      o
    2.10800180712657     -1.33760536388600     -1.67873460868522      np
    6.01706162276704     -0.89413823743194     -3.94893818676869      o
    0.75846205719500     -0.89575144096993      2.88229036060539      o
    2.73494425344346     -4.62101568515556     -1.29900931147153      o
    1.53202545782091      1.96272611450840     -2.10924227130632      o
   -2.76872603721874      2.89413265163378      4.31150951887429      h
   -1.95631729150306      3.07099832501700      1.00836151436803      h
   -5.10192012263622      2.17399180383980      1.95799512421219      h
    4.31343557901934     -1.41362446731971     -5.65065666934546      o
  -.26750248446561D-04  -.16184650518891D-04  0.25322854880994D-04
  0.80283965669281D-04  -.34843736799850D-04  -.45964673432763D-04
  0.87504307833441D-04  0.43322991484018D-04  0.27789455039340D-04
  0.16517808402661D-03  0.56724290866672D-04  -.46639827321115D-04
  -.24824860524575D-04  0.17919108718178D-04  0.12878969817187D-03
  -.98409388460396D-05  -.81249197254607D-05  -.77983347466670D-04
  -.47342252369909D-04  -.54988880659579D-04  -.49135949022672D-04
  -.10690953200765D-03  0.32206779536637D-04  -.30536462999997D-04
  -.28635469845328D-05  0.50393990860265D-05  -.87970165818518D-07
  -.26277031195399D-05  -.57716636066019D-05  0.10005172609961D-04
  -.45776535904096D-05  0.98662502485691D-05  -.82207731910700D-05
  -.57432275067271D-04  -.45232673817619D-05  0.68525368128292D-04
  cycle =     12    SCF energy =    -1403.5635473910   |dE/dxyz| =  0.000280
   -3.09723453589665      2.11293420825222      2.43217027894336      c
   -2.09207849147284     -1.16866815566682      2.43886082656955      s
   -2.44824575657974     -1.88470475975080     -0.34546097946910      o
    2.10816091774268     -1.33796386439931     -1.67792347663407      np
    6.01584786127918     -0.89380492415073     -3.95087467500560      o
    0.75778966796606     -0.89660542251801      2.88308183642602      o
    2.73662035313913     -4.62074409384325     -1.29746065537151      o
    1.53359440019177      1.96274442856755     -2.10547308526716      o
   -2.76880840504789      2.89437682253223      4.31057507568029      h
   -1.95525867856928      3.07042749775303      1.00761665147843      h
   -5.10145867040271      2.17447600126063      1.95647051816504      h
    4.31107133765030     -1.41246773803674     -5.65158231551535      o
  -.17712250531599D-04  -.13848335760791D-04  0.19946443021279D-04
  0.38765440287136D-04  -.45010522161881D-04  -.37025463271334D-04
  0.72275716012982D-04  0.44771866340554D-04  0.23446338985877D-04
  0.19669734090400D-04  -.12427664514814D-04  -.17069971389105D-03
  -.45552039598107D-04  0.98936533654559D-05  0.86730004101199D-04
  0.29481869923131D-04  0.99122244581196D-05  -.70740022268367D-04
  0.17524595885554D-05  0.66800017263446D-04  0.12606919819191D-05
  -.25689246356819D-04  -.42556840455177D-04  0.62625903627822D-04
  -.39997268656555D-05  0.90499512117592D-06  -.35473745896297D-06
  0.92615349167602D-06  -.56691498198091D-05  0.40570644264104D-05
  -.26264321375535D-05  0.74951404182011D-05  -.78237632037959D-05
  -.17329513609665D-04  0.16749398920490D-04  0.88858372305545D-04
  cycle =     13    SCF energy =    -1403.5635488170   |dE/dxyz| =  0.000200
   -3.09719876027635      2.11301181006416      2.43125242010912      c
   -2.09304386087775     -1.16877040675565      2.43896115552269      s
   -2.44793180306267     -1.88515796825908     -0.34555424570079      o
    2.10930073728420     -1.33803703478880     -1.67604509385143      np
    6.01478932896505     -0.89363387163486     -3.95369010598036      o
    0.75676841876291     -0.89747846038391      2.88473971727746      o
    2.73806142042861     -4.62081320616111     -1.29636026029310      o
    1.53619207128699      1.96305405063715     -2.10234207496786      o
   -2.76922125554139      2.89450446327709      4.30970666879585      h
   -1.95451309585353      3.06996715165636      1.00689788291218      h
   -5.10127703327685      2.17477520454274      1.95501550825759      h
    4.30807383216079     -1.41142173219409     -5.65258157208147      o
  -.95452332065094D-05  -.96548791934659D-05  0.11943537841841D-04
  -.15207084739899D-04  -.24335941237297D-04  -.66593242937785D-05
  0.46495080082920D-04  0.26950744071996D-04  -.76953878078712D-05
  -.11194271064330D-04  -.31358145984761D-04  -.67450335865971D-04
  -.66624770894919D-04  0.12814409975803D-04  0.27753270067876D-04
  0.70703295957486D-04  0.19829633601809D-04  -.51565344090676D-04
  -.50230679367047D-05  0.66529337694021D-04  -.14280945473066D-04
  -.37396316976412D-06  -.35644502005994D-04  0.23144726016611D-04
  -.53150464700072D-05  -.88344180091404D-05  0.13640861711295D-05
  0.37593730848329D-05  -.72563360675737D-05  -.15153403603030D-05
  0.32683196415917D-06  -.29567343025061D-05  -.16113345382429D-05
  0.40861867861786D-04  0.30992777311667D-04  0.86152426376884D-04
  cycle =     14    SCF energy =    -1403.5635508610   |dE/dxyz| =  0.000148
   -3.09727593351194      2.11322889391787      2.42984081731176      c
   -2.09445626143545     -1.16891062373898      2.43881066004104      s
   -2.44699713830047     -1.88581633487008     -0.34593966422399      o
    2.11164191833994     -1.33811027875805     -1.67309471172050      np
    6.01321326075379     -0.89386161136948     -3.95909454361769      o
    0.75510303897395     -0.89912648411565      2.88729518318212      o
    2.74085541356405     -4.62089028851255     -1.29368004769215      o
    1.53999661534551      1.96362418044101     -2.09639519936413      o
   -2.77086947054495      2.89449885940518      4.30866100156549      h
   -1.95292910317463      3.06978314864872      1.00658010788409      h
   -5.10092110517709      2.17546644217153      1.95183737391095      h
    4.30263876516730     -1.40988590321952     -5.65482097727710      o
  -.67134707384398D-05  -.56262595471424D-06  0.78753579382251D-05
  -.43287697291561D-04  0.17461553595055D-04  -.48377347283690D-05
  0.10277305348083D-04  -.27020153172685D-05  -.53882180921505D-05
  -.21955876482238D-04  -.39388365943860D-04  -.37757769379532D-04
  -.83978240734695D-05  0.32328451347929D-04  0.30264859347096D-04
  0.85935513517654D-04  0.11622019466140D-04  -.35766996738573D-04
  0.22144008950953D-05  0.22138524617077D-04  0.20229869453381D-04
  -.68263842352145D-05  -.11324018380776D-05  0.28949146610557D-04
  -.77231352165752D-05  -.14260917016173D-04  0.38954409005143D-05
  0.35968796368024D-05  -.12489347562372D-04  0.94452476284701D-06
  -.15974082892001D-05  -.93641575610315D-05  0.26849649800154D-05
  0.40960266945334D-04  0.31225799716594D-04  -.13165683201422D-04
  cycle =     15    SCF energy =    -1403.5635535630   |dE/dxyz| =  0.000258
   -3.09736044484030      2.11336971260152      2.42756702975332      c
   -2.09674687184006     -1.16935867513953      2.43871791614643      s
   -2.44560813200617     -1.88666389406943     -0.34651009742849      o
    2.11514222033249     -1.33784235686164     -1.66827869478798      np
    6.01066206460558     -0.89442066161364     -3.96708091786418      o
    0.75236110008751     -0.90167906177187      2.89150669878949      o
    2.74512305056364     -4.62063346502291     -1.29026320510971      o
    1.54639725961792      1.96485917364818     -2.08747792130572      o
   -2.77263891201997      2.89469271989654      4.30665431922645      h
   -1.95097788555118      3.06902688461869      1.00536336965945      h
   -5.10050103895813      2.17632359132494      1.94754723720847      h
    4.29414759000869     -1.40767396761085     -5.65774573428765      o
  0.10793424553235D-04  0.11810287899650D-04  -.13007415994526D-04
  -.87874059593318D-04  0.37433721340463D-04  0.20490858672062D-04
  -.46278870595273D-04  -.28639096263383D-04  -.75163011956647D-05
  -.84691069268672D-04  -.46074283048592D-04  0.73654178436300D-04
  0.40112050518459D-04  0.49135962746139D-04  -.42313288450835D-05
  0.10124229478237D-03  0.15080903694731D-04  -.14623259797730D-04
  0.23987080081334D-04  -.67157308194510D-05  0.29648504243251D-04
  0.17498563962659D-04  0.22896403184092D-04  0.13296370949156D-04
  -.77951219080163D-05  -.24119230851438D-04  0.61484756130881D-05
  0.11065329388882D-05  -.12296488402286D-04  -.18189177948824D-05
  -.16019615630691D-05  -.22090342330583D-04  0.93478848416373D-05
  0.75980343380522D-04  0.36731039830706D-04  -.11515141039098D-03
  cycle =     16    SCF energy =    -1403.5635544350   |dE/dxyz| =  0.000271
   -3.09767202563787      2.11330835691899      2.42722564623642      c
   -2.09712645175096     -1.16948100597796      2.43854973894559      s
   -2.44484293042414     -1.88651711868865     -0.34687407536978      o
    2.11642764745796     -1.33735920220144     -1.66696603996575      np
    6.01017821631421     -0.89530679255374     -3.96951395246903      o
    0.75173459166401     -0.90215374059868      2.89264996269545      o
    2.74617505563075     -4.62024444046884     -1.28953158470958      o
    1.54851673714562      1.96555083858812     -2.08552930646608      o
   -2.77375014523525      2.89452240631908      4.30650001560524      h
   -1.95074788491486      3.06915937594707      1.00559712429663      h
   -5.10061779287791      2.17628717519593      1.94637095833297      h
    4.29172498262843     -1.40776585247988     -5.65847848713220      o
  0.81844428492239D-05  0.10667913738160D-04  -.17529160385443D-04
  -.79810419329363D-04  0.39499030985990D-04  -.81387293882074D-05
  -.36160096447801D-04  -.30060804791177D-04  -.63891038593056D-06
  -.86778663038523D-04  -.24393209635099D-04  0.13260359413181D-03
  0.85318969018644D-04  0.13526221597004D-04  -.47073995630864D-04
  0.69011734208146D-04  -.55422815314898D-06  0.10515460667548D-04
  0.85264813565189D-05  -.17068965656009D-04  -.73671517331064D-05
  0.53796009874318D-04  0.31864805119852D-04  0.24158238979055D-04
  -.12188444346140D-04  -.21974320694174D-04  0.87346309061154D-05
  0.34476735477629D-05  -.77282072075135D-05  0.51406543981614D-05
  -.89902115818496D-06  -.21291801486245D-04  0.32532710987909D-05
  0.28643450559862D-04  0.60581086882339D-04  -.10751104226880D-03
  cycle =     17    SCF energy =    -1403.5635545930   |dE/dxyz| =  0.000151
   -3.09766393516285      2.11303110152909      2.43023793640649      c
   -2.09491044078760     -1.16924338245589      2.43809669623243      s
   -2.44641270325142     -1.88491536004997     -0.34705168859584      o
    2.11265658669159     -1.33710864949309     -1.67246811821547      np
    6.01329896174086     -0.89475341566520     -3.96042897797856      o
    0.75426449917428     -0.89957140034163      2.88779134703139      o
    2.74204515281711     -4.61984972502984     -1.29291957918005      o
    1.54087979986284      1.96444823318871     -2.09723596026807      o
   -2.77127460777744      2.89377264356876      4.30929520791233      h
   -1.95330077673229      3.07022727150146      1.00742395582375      h
   -5.10127282118211      2.17562178741086      1.95211413800776      h
    4.30169028460700     -1.41165910416326     -5.65485495717626      o
  -.16847957891031D-05  -.46051526592095D-05  0.98210972607760D-05
  0.38980536881894D-04  -.91883889670186D-05  -.44224671285065D-05
  0.13188111797291D-04  0.10158100158364D-04  -.11624292923784D-05
  -.41482492269651D-04  0.10572505458439D-04  0.19622209368464D-04
  0.16568881060053D-04  0.54421460571330D-04  0.33108835594930D-04
  -.21713923779032D-05  -.33226347118109D-05  -.39519330805149D-04
  0.20843747449817D-04  0.14399032650658D-05  0.19085417861442D-04
  -.51261830106952D-04  0.17120508175594D-05  -.70880515016469D-04
  -.19687394862133D-05  -.37084547219735D-05  0.33259099794236D-05
  -.32863400609706D-05  -.23024785420489D-05  0.60277979740953D-05
  -.17073753699748D-05  -.72483477644436D-05  0.17950876749495D-05
  0.59760351139193D-04  -.11966605111047D-04  0.21742456905116D-04
  cycle =     18    SCF energy =    -1403.5635568430   |dE/dxyz| =  0.000118
   -3.09780146871999      2.11307454077141      2.42901002259405      c
   -2.09584943707006     -1.16941771542098      2.43809150196175      s
   -2.44552939320750     -1.88536855899027     -0.34726077419806      o
    2.11451602942410     -1.33697931116721     -1.67007627346029      np
    6.01203887479771     -0.89516446074370     -3.96445579578996      o
    0.75310635009559     -0.90071967381113      2.88989109733521      o
    2.74374847663762     -4.61980830925811     -1.29145916938358      o
    1.54436009405469      1.96515487856430     -2.09203705550360      o
   -2.77203404080164      2.89409665619290      4.30805131265372      h
   -1.95271539391739      3.06974886265733      1.00643320279258      h
   -5.10123271600373      2.17584267999295      1.95014821671004      h
    4.29739262471058     -1.41045958878749     -5.65633628571196      o
  -.12114030667476D-06  0.21675294981094D-06  0.24804551967961D-05
  0.13147392541768D-04  0.10721810406622D-04  -.21550967588269D-05
  -.36095979716322D-05  -.42482408488809D-05  0.15934435850795D-05
  -.57467299555469D-04  -.99579221428669D-05  0.36257733647460D-04
  0.40753734241505D-04  0.40746954550697D-04  0.17040525985834D-05
  0.10744554899134D-04  -.83958740311196D-05  -.20449557822211D-04
  0.89297897025720D-05  0.23212041693199D-05  -.24539264125156D-05
  -.18408690204641D-04  0.10325866501404D-04  -.99391221505818D-05
  -.32091775256093D-05  -.80728922982054D-05  0.24699552438889D-05
  -.37656103830663D-05  -.42921022642695D-05  0.28086711516551D-05
  -.23349024989017D-05  -.94928746012801D-05  0.27132227311544D-05
  0.59027283223934D-04  0.14308200371849D-04  -.17432617299917D-04
  cycle =     19    SCF energy =    -1403.5635586010   |dE/dxyz| =  0.000195
   -3.09823168977972      2.11297336265478      2.42843752887884      c
   -2.09685032054777     -1.16970869318234      2.43766467797112      s
   -2.44406431847304     -1.88508585651805     -0.34815780094405      o
    2.11716235147847     -1.33600370816123     -1.66735054173599      np
    6.01032271461108     -0.89667097532130     -3.97042846199984      o
    0.75163717439618     -0.90168106603138      2.89226079031024      o
    2.74711489431082     -4.61863857154888     -1.28850968764015      o
    1.54842687560238      1.96643088043806     -2.08860710024536      o
   -2.77653299490326      2.89266145676221      4.30873943800156      h
   -1.94991162776377      3.07060373834807      1.00911865678647      h
   -5.10059885485811      2.17630751537262      1.94521101893506      h
    4.29152579592671     -1.41118808281257     -5.65837851831801      o
  -.17912482164206D-05  -.26082137303263D-05  -.90948893545217D-05
  0.16336522985938D-04  0.14494220820893D-04  -.17651085961745D-04
  -.14175838934705D-04  -.13759474130737D-04  0.62599726149415D-05
  -.83298697061807D-04  0.15852619748458D-04  0.11380275034867D-03
  0.70859106060972D-04  0.27263772987007D-04  -.44636639444207D-04
  -.22369477402862D-04  -.23305828732889D-04  0.37391537848208D-05
  0.39470327438451D-04  0.20301610170748D-05  0.54034749132903D-05
  0.11420610196211D-04  0.14418346568235D-04  -.41379972951283D-04
  -.15530666891417D-04  -.12183661202703D-04  0.89470556481341D-05
  0.12911964699658D-04  0.73671529654540D-05  0.24631490850080D-04
  0.20573353891606D-05  -.97373612143459D-05  -.11606914515183D-04
  0.25170931475138D-04  0.13592882548430D-04  -.41565532288956D-04
  cycle =     20    SCF energy =    -1403.5635590460   |dE/dxyz| =  0.000194
   -3.09829696300831      2.11292830617014      2.42844151245130      c
   -2.09676234361205     -1.16971254192148      2.43754550739285      s
   -2.44428921986786     -1.88497326462777     -0.34825604429854      o
    2.11679008209274     -1.33611106126988     -1.66782655613062      np
    6.01096673878871     -0.89654883661734     -3.96884113230249      o
    0.75178728201624     -0.90161605089513      2.89178655986925      o
    2.74600975929760     -4.61893360419578     -1.28942126857920      o
    1.54809445863357      1.96637621940719     -2.08871679937003      o
   -2.77380862230553      2.89347133791973      4.30790585626223      h
   -1.95213922410887      3.06994318078559      1.00695832582335      h
   -5.10138283988536      2.17600810046660      1.94816244625768      h
    4.29303089195908     -1.41083178522190     -5.65773840737588      o
  0.20280649209781D-04  0.31945536491662D-05  0.19744675204159D-04
  0.34539597276506D-04  0.40360113153781D-05  -.21138043422297D-05
  -.32050596393773D-04  -.52856564263237D-05  0.19371357552700D-04
  -.25589578375396D-04  0.19681628084633D-04  0.84853275322594D-04
  0.26474847299340D-04  0.32618352046043D-04  0.32546298653902D-04
  -.42916500149204D-05  -.14006137020406D-04  -.26544816069674D-04
  -.31902953776974D-04  -.13546664105135D-04  -.30276875791380D-04
  -.89483901282161D-05  0.13277587404659D-04  -.17220021814701D-04
  0.25352339402457D-04  -.14577747444733D-05  -.13667331785427D-04
  -.38417277695046D-04  -.83407963025195D-05  -.26361191717506D-04
  -.18754686733402D-04  -.13325062313996D-04  0.31012580860912D-04
  0.94883186580574D-04  0.16345560460040D-04  -.74281421671429D-04
  cycle =     21    SCF energy =    -1403.5635609970   |dE/dxyz| =  0.000167
   -3.09828928690918      2.11288176086180      2.42812245460449      c
   -2.09685626601846     -1.16978544349919      2.43766059312585      s
   -2.44378135326777     -1.88510340646185     -0.34821030781190      o
    2.11747501961817     -1.33590149235145     -1.66704423588406      np
    6.01019371144511     -0.89680190861693     -3.97068175351955      o
    0.75160215420100     -0.90172244538515      2.89252331701210      o
    2.74678531353373     -4.61868620702274     -1.28868684742730      o
    1.54907945507433      1.96671374919869     -2.08716490463189      o
   -2.77579384821529      2.89304773250911      4.30808967075573      h
   -1.95058068336833      3.07015040041308      1.00805529199486      h
   -5.10084909165357      2.17611970294363      1.94570209959990      h
    4.29101487556024     -1.41091244258903     -5.65836537781835      o
  0.23109807489874D-06  -.46051867332864D-05  -.67836789208187D-05
  0.25359699806771D-04  0.37094414473415D-05  0.58385895052027D-05
  -.28241730763767D-04  -.77907949087574D-05  0.16007533172768D-04
  -.47868776184679D-04  0.13462208865556D-04  0.82321130664198D-04
  0.45295304667903D-04  0.53491511911030D-04  -.65456306597156D-05
  -.60533429859788D-05  -.12091204205422D-04  -.17972237081665D-04
  0.15131853015049D-04  0.52993091053111D-05  0.27376010747204D-05
  -.32310455059026D-04  0.18630100200312D-05  -.42556598902621D-04
  -.36810940399756D-05  -.10119373322404D-04  0.28960279161439D-05
  -.24348318232725D-05  0.37533188219641D-05  0.66395854982915D-05
  -.14080148362794D-05  -.86478684109270D-05  -.77414622512428D-06
  0.76628397823519D-04  -.59875058728842D-05  -.45055160275531D-04
  cycle =     22    SCF energy =    -1403.5635673230   |dE/dxyz| =  0.000235
   -3.10008070389918      2.11223302838499      2.42518323535354      c
   -2.09948891065965     -1.17073347713800      2.43601586490384      s
   -2.43900458020912     -1.88413872435925     -0.35128132263808      o
    2.12541448518775     -1.33327890201851     -1.65918254830864      np
    6.00646581731588     -0.90176207600823     -3.98483279635967      o
    0.74769444819748     -0.90448868728115      2.89912601437442      o
    2.75243368601305     -4.61659821007592     -1.28326115933013      o
    1.56314848163376      1.97121361477958     -2.07136254437139      o
   -2.77846292441468      2.89287334783444      4.30511205277855      h
   -1.95158321149306      3.06910914064320      1.00547714926704      h
   -5.10235825944390      2.17575757087002      1.94163833958471      h
    4.27582167177164     -1.41018662563119     -5.66263228525431      o
  -.61603482510719D-05  -.16508670065196D-04  -.14538792499685D-04
  0.11848325158326D-04  0.19142243976589D-05  -.20582518684975D-04
  -.75450041975955D-04  -.26017313973004D-04  0.66765447477302D-04
  0.51427274581073D-04  0.60540640815954D-04  0.99451624583580D-04
  0.44109203776621D-04  0.42479954385666D-04  -.12401581835242D-04
  -.10420720886639D-04  -.20508632417315D-04  -.30587205417376D-05
  -.14197143789474D-04  0.37585654625971D-04  0.44467452640085D-05
  -.25696882538284D-04  -.31811344836541D-04  -.34587386883445D-05
  0.42477570970645D-05  -.59622666481740D-05  0.45106767552761D-05
  -.21951400945769D-04  0.78672065000340D-05  -.11382980779295D-04
  0.37414430238414D-05  -.36392252860118D-05  0.93122818181635D-06
  0.70821929263332D-04  -.20711133099649D-04  -.11546105864113D-03
  cycle =     23    SCF energy =    -1403.5635707750   |dE/dxyz| =  0.000208
   -3.10066973505333      2.11201275033225      2.42451420083798      c
   -2.09963005224217     -1.17079374544391      2.43592541689566      s
   -2.43756155806078     -1.88382782509476     -0.35172256702494      o
    2.12721734477466     -1.33267178970134     -1.65731957569089      np
    6.00527749777070     -0.90403987375425     -3.98831797345120      o
    0.74727395628679     -0.90449141587406      2.90078605900169      o
    2.75388606188779     -4.61624230834214     -1.28248660196974      o
    1.56735540964847      1.97255378894492     -2.06746073839317      o
   -2.78054811832257      2.89282176112319      4.30460303392314      h
   -1.95130440724741      3.06898674667614      1.00557636512569      h
   -5.10263033041473      2.17514269894248      1.93949857476534      h
    4.27133393097256     -1.40945078780852     -5.66359619401967      o
  -.46072448121048D-05  -.17245023848256D-04  -.11235140564780D-04
  0.56498544083183D-05  0.39160799270022D-05  -.18952143992390D-04
  -.84579925369255D-04  -.28520176459157D-04  0.59415732672985D-04
  0.14082125541215D-04  0.52641629408434D-04  0.10813674342103D-03
  0.51070717196566D-04  0.60159167447615D-05  -.27548935872090D-04
  0.92825433775090D-05  -.14878034581223D-04  0.87547447478187D-05
  0.86532698349018D-05  0.12356067365715D-04  -.10672739969131D-04
  -.38645649556024D-05  0.69467667742629D-05  -.76881879893520D-05
  0.52025367652808D-06  -.74542732264593D-05  -.26413675335846D-05
  -.20652395893883D-04  0.42691514926529D-05  -.11224849107982D-04
  -.52901688368800D-05  -.40952138983252D-05  -.33482039232258D-05
  0.59960448216767D-04  0.10265399924325D-04  -.88317934697102D-04
  cycle =     24    SCF energy =    -1403.5635733650   |dE/dxyz| =  0.000178
   -3.10068112076579      2.11205032374955      2.42477002516476      c
   -2.09908714535855     -1.17057202162895      2.43602323590808      s
   -2.43741246452793     -1.88371636756312     -0.35159359416042      o
    2.12679205254285     -1.33298708191386     -1.65789048297836      np
    6.00515494029724     -0.90389981444021     -3.98767366594677      o
    0.74788406946068     -0.90381140205141      2.90030491266802      o
    2.75348726023529     -4.61658202349127     -1.28295230781898      o
    1.56702358352866      1.97227674649268     -2.06805837471619      o
   -2.78152981502902      2.89276432739682      4.30505220546148      h
   -1.95080961721848      3.06927154734794      1.00641473714548      h
   -5.10244772628743      2.17481698356344      1.93888256496987      h
    4.27162598312246     -1.40961121746161     -5.66327925569709      o
  -.64068271363737D-05  -.13899607825607D-04  -.16782795242420D-06
  0.10520827814275D-04  0.15655091238909D-04  -.76807714712857D-05
  -.72807821794640D-04  -.31381536537367D-04  0.39729379388120D-04
  -.11776573405342D-06  0.31543703935544D-04  0.72942798462705D-04
  0.42641365336493D-04  0.46464490765175D-04  -.11437689781069D-04
  0.20913014881607D-04  -.88656522261310D-05  -.33164045589729D-05
  0.27447792158242D-04  0.12778080893838D-04  0.98199350189176D-05
  -.35359239154431D-04  0.53653952782895D-05  -.39892713624923D-04
  -.32841173369658D-05  -.51855068095019D-05  -.60851219927383D-05
  -.15323283878210D-04  -.17489124573000D-05  -.71793130231868D-05
  -.92115144829652D-05  -.70877288802507D-05  -.33301420715448D-05
  0.71709234608530D-04  -.19613547121544D-04  -.49028190019840D-04
  cycle =     25    SCF energy =    -1403.5635723370   |dE/dxyz| =  0.001285
   -3.10302260878335      2.11205322716060      2.42673206073078      c
   -2.08994188902883     -1.16674953871870      2.43660778867768      s
   -2.42823700084510     -1.88024798847540     -0.35194288707922      o
    2.12681996350935     -1.33683000017651     -1.66097532562534      np
    5.99772882950561     -0.90728585801853     -3.99040382940368      o
    0.75696738883056     -0.89180710164489      2.89770851723094      o
    2.75118628281355     -4.62172338769720     -1.28706321112199      o
    1.57684298729230      1.97157177648444     -2.06214498270598      o
   -2.80722021511594      2.89128422343079      4.31120298732716      h
   -1.94065019338486      3.07434343121135      1.02216744385393      h
   -5.09984583552417      2.16689171477201      1.91947176633646      h
    4.25937229073084     -1.41150049832796     -5.66136032822087      o
  -.35396146707001D-04  0.55135216248559D-04  0.23661639589001D-03
  -.94784954125515D-04  0.24807419157291D-03  0.61228623689402D-04
  0.22567578944077D-03  -.12320669131149D-03  -.30580282571080D-03
  0.76121186875611D-04  -.25516695208028D-03  -.76538133957627D-03
  -.19380785723655D-03  0.11040752227753D-03  0.26158528720721D-03
  0.29005223427703D-03  0.12086766244890D-03  -.14588606888211D-03
  0.69861122174331D-04  0.48622817455879D-04  0.25700878067525D-04
  0.76352954858860D-04  0.52174977760444D-05  0.13268845468772D-03
  -.87345594432603D-04  0.61979804462098D-04  -.86174049107157D-04
  0.91713657557779D-04  -.13350243487409D-03  0.60170110231184D-04
  -.83175571268690D-04  -.78152401675635D-04  -.11646900366147D-04
  -.30509306752968D-03  -.48247229977871D-04  0.52329172148369D-03
  cycle =     26    SCF energy =    -1403.5635852730   |dE/dxyz| =  0.000211
   -3.10092209997214      2.11195242057952      2.42471445238616      c
   -2.09827078057302     -1.17031956342208      2.43575571342850      s
   -2.43563613994121     -1.88285814327636     -0.35228614068915      o
    2.12740132430991     -1.33332914297407     -1.65752210772125      np
    6.00354146068305     -0.90449448351131     -3.98907946592883      o
    0.74849091671063     -0.90264757212236      2.90060845387282      o
    2.75406321661890     -4.61707057729246     -1.28263374694174      o
    1.56908089942538      1.97242727442119     -2.06623321152465      o
   -2.78485646778390      2.89244831380956      4.30558898595304      h
   -1.94920952324237      3.06972563279423      1.00822692080940      h
   -5.10200390414859      2.17386833998889      1.93591306400666      h
    4.26832109791332     -1.40970249899475     -5.66305291765109      o
  -.90368541427743D-06  -.98422722949465D-06  0.18645517229299D-04
  0.60093799163496D-05  0.18395976273400D-04  0.24327845746797D-04
  -.98155468641892D-05  -.18642602432450D-04  -.23315714194894D-04
  -.44925438793086D-04  -.15413092867789D-04  -.18707207747326D-04
  0.45988690942522D-04  0.65544523279115D-04  -.44318959027123D-05
  0.22067038212725D-04  0.73352264218229D-05  -.17347946169366D-04
  0.71494937957439D-04  -.15593490303445D-05  0.22901593189406D-04
  -.86341594532691D-04  0.18801244976885D-04  -.80784475588125D-04
  -.88936538451545D-05  0.61226784384694D-05  -.14907172595002D-04
  -.31828190859562D-05  -.13919027852971D-04  -.36602540289810D-05
  -.12084217594133D-04  -.20719513962320D-04  0.14120233403636D-05
  0.50696164740183D-04  -.22829170178151D-04  0.89258115327340D-04
  cycle =     27    SCF energy =    -1403.5635902670   |dE/dxyz| =  0.000221
   -3.10141434507787      2.11186789717642      2.42455763314133      c
   -2.09794692729691     -1.17016019802229      2.43538532179677      s
   -2.43427890479821     -1.88233431625157     -0.35290658997985      o
    2.12862066079540     -1.33323164432179     -1.65676095205606      np
    6.00248091994432     -0.90481417372421     -3.99138461363303      o
    0.74859395840876     -0.90218843939644      2.90121143929467      o
    2.75437689365008     -4.61714533180840     -1.28181636142434      o
    1.57185781869574      1.97295399601071     -2.06386168272528      o
   -2.78711084123038      2.89200733324624      4.30587098011572      h
   -1.94878659742444      3.07024467063658      1.00923027917892      h
   -5.10212034670635      2.17331509100983      1.93414027506663      h
    4.26572771103984     -1.41051488455508     -5.66366572877562      o
  -.11224989252767D-04  -.91936625423727D-07  0.28350807654398D-04
  0.18622220139264D-04  0.37043516597279D-04  0.16920826183764D-04
  0.10273527440319D-04  -.24071928731217D-04  -.31193082122627D-04
  -.38578688535296D-04  -.30932683782070D-04  -.82999156630015D-04
  0.37180133073633D-04  0.87743395320139D-04  0.49229177799814D-05
  0.27241408613321D-04  0.81726930538650D-05  -.18392952613411D-04
  0.37757562499685D-04  -.36773493796716D-05  0.17609997115642D-04
  -.54830369947689D-04  0.19946074271360D-04  -.42374613548724D-04
  -.15508644532036D-04  0.82285326601372D-05  -.14941089791165D-04
  0.11493052416434D-05  -.19067428482344D-04  0.45045072205596D-06
  -.14773606739737D-04  -.22077611506965D-04  -.16234808621896D-05
  0.31674362587886D-04  -.41744415567369D-04  0.11603774840196D-03
  cycle =     28    SCF energy =    -1403.5636025280   |dE/dxyz| =  0.000301
   -3.10301660219482      2.11122422974490      2.42166023944540      c
   -2.10151644353012     -1.17141378395277      2.43137475845768      s
   -2.42804324945642     -1.87942131859192     -0.35927740355550      o
    2.13776566467240     -1.33129910902032     -1.64798837968839      np
    5.99572134585045     -0.90816870009888     -4.00747264671143      o
    0.74323995033353     -0.90551358020794      2.90797757159371      o
    2.76350829115371     -4.61480186853950     -1.27112009713551      o
    1.58718847763346      1.97638305370346     -2.04825681794498      o
   -2.79085982393094      2.88940922862703      4.30414104317547      h
   -1.94790675488440      3.07024758113005      1.00880433231150      h
   -5.10302997405967      2.17419055961632      1.92860998510558      h
    4.24694911841279     -1.41083629241044     -5.66845258505367      o
  0.23083737279883D-04  0.12925887694415D-04  0.29781625038749D-04
  -.12960212078639D-04  0.79002965902575D-05  0.33050303502868D-05
  0.21527496314455D-04  -.21473354595791D-04  -.33076609084137D-04
  0.85034987730381D-04  -.20790886796851D-04  -.15788341476952D-03
  -.27007875502250D-04  0.11374557398858D-03  0.97348689942933D-04
  0.28682856134665D-05  0.21523633714438D-04  -.20416815027069D-04
  0.18825760021546D-04  0.87905639756691D-04  0.77300494720545D-04
  -.32922392151358D-04  -.85859523085929D-04  -.74835359233916D-05
  -.86430397017723D-05  0.81265310648559D-05  -.11211078231987D-04
  -.11567555320502D-04  -.14615424880349D-04  -.10249896203351D-04
  -.99452176356429D-05  -.33207937395030D-04  0.69039818971217D-05
  -.27834127077853D-04  -.66438608655517D-04  0.17999664216006D-04
  cycle =     29    SCF energy =    -1403.5644578910   |dE/dxyz| =  0.010545
   -3.10484630893296      2.11045683040049      2.41926764489381      c
   -2.10319961027952     -1.17217283841009      2.42916310403572      s
   -2.42205261978049     -1.87699999151215     -0.36325079624045      o
    2.14555112192674     -1.32918184265317     -1.64051009499573      np
    5.99003731896444     -0.91340345971096     -4.02131643628916      o
    0.74006897317624     -0.90701442467146      2.91406130860480      o
    2.77017510209810     -4.61307024172818     -1.26419847608901      o
    1.60126073059083      1.98021583043304     -2.03526460750580      o
   -2.79731298775471      2.88712882069104      4.30312330291330      h
   -1.94634488705968      3.07071018381745      1.01002380039651      h
   -5.10366146171946      2.17382251349111      1.92134376510458      h
    4.23032462877042     -1.41049138014714     -5.67244251482871      o
  -.18058897515161D-04  0.25659490057173D-04  -.26840615834356D-04
  0.61738228253105D-03  0.98263774141572D-04  0.11247245568313D-03
  0.44743021843985D-03  0.43215869040836D-03  -.38021115350517D-03
  -.59696626604517D-02  -.83461088296310D-03  0.48273285401272D-02
  0.65241567130236D-03  -.52339752359409D-03  -.33507027244335D-02
  -.99837862492791D-04  -.92965532443756D-04  0.25983259543239D-03
  0.16794717210136D-02  -.29113964854126D-02  -.88222512206393D-03
  -.70535297203334D-03  0.35637331460521D-02  -.10488099020058D-02
  -.72746151613678D-06  -.13781387983247D-04  -.11565444145933D-04
  -.95649363482941D-05  -.24298884260254D-04  -.95380919371557D-05
  -.28405920875052D-04  -.98232362399919D-06  0.71641833624403D-05
  0.34504289946895D-02  0.28727507922599D-03  0.49572947629883D-03
  cycle =     30    SCF energy =    -1403.5633613230   |dE/dxyz| =  0.040122
   -3.11200601218890      2.10228021437247      2.40196963290327      c
   -2.10075957493120     -1.17698603504994      2.40696094578393      s
   -2.39195924445204     -1.88334743874771     -0.38340566769508      o
    2.18643273362439     -1.32298324023000     -1.64721787634636      np
    5.94802027767245     -0.91037444385215     -4.05159603608218      o
    0.74575535750709     -0.89947927708556      2.89751037890966      o
    2.75020681750357     -4.54980686863934     -1.18188163975732      o
    1.72588297322689      1.94275311979353     -1.91853333367353      o
   -2.81708251387785      2.87360553566361      4.29021219422623      h
   -1.94869109282297      3.07087626949322      1.00244705218600      h
   -5.10788950491096      2.16053691180625      1.89388010597670      h
    4.12208978364947     -1.40707474752440     -5.71034575643144      o
  0.12256066637684D-04  -.10715644423964D-03  0.22156527862049D-03
  -.42790927532703D-02  0.26006802929324D-03  -.75335233403706D-03
  0.26329144841144D-02  -.10264429418960D-03  0.93134186676380D-03
  -.58787093850832D-02  0.32000771250393D-02  -.65218386794985D-03
  0.12894354777329D-01  0.40755839509973D-02  0.10312180821576D-01
  0.33713798424806D-02  0.87882385507942D-04  -.18916300108760D-02
  -.28139963257363D-02  0.19479450917895D-01  -.59123692980378D-03
  0.43824530156937D-02  -.22962737983061D-01  0.46842601105346D-02
  -.54978944184048D-04  -.91235502674980D-05  0.10623655980704D-03
  0.80345630002698D-04  -.93635005327330D-04  -.22477848663871D-03
  0.21813619391486D-03  -.12695957882786D-03  0.64617457629812D-04
  -.10618252733644D-01  -.38678384645774D-02  -.12229871624342D-01
  cycle =     31    SCF energy =    -1403.5649102750   |dE/dxyz| =  0.009664
   -3.11588602638018      2.10149123761619      2.40471097820664      c
   -2.10429400793882     -1.17854798898600      2.41285548700713      s
   -2.38386376629088     -1.86369157688218     -0.38744309346621      o
    2.19303212820659     -1.31284333706738     -1.61133801162459      np
    5.94766826836798     -0.94720638127523     -4.08604645358536      o
    0.73193140593645     -0.90548693288663      2.93499677119791      o
    2.79023006713500     -4.58897979337137     -1.21438004578695      o
    1.70738516718335      1.99855325905353     -1.95073080902985      o
   -2.83760908969699      2.87106450316481      4.29595314967216      h
   -1.94074602012729      3.07301720941549      1.01699047816697      h
   -5.10749530065900      2.16151770917234      1.87785492797080      h
    4.11964717426372     -1.40888790795359     -5.69342337872879      o
  0.12445219637414D-03  -.21804862988972D-04  -.17666709644271D-03
  -.34254207363915D-03  -.52175723285508D-03  -.24934896605089D-03
  0.82507534818177D-03  0.59417897679737D-03  0.22583608551940D-03
  -.68682441676731D-02  -.14665219572163D-03  0.42974091410155D-02
  0.32735856358506D-02  0.18866182497979D-03  -.35508767048054D-04
  0.68546350901499D-03  0.21673821151813D-03  -.31047728955258D-03
  0.14530090369149D-02  0.27399778916148D-03  -.68896274902119D-03
  0.77395976400818D-03  0.29099811531097D-04  0.37244348627130D-03
  0.16013505167722D-04  -.48969681134547D-04  -.39204366487411D-04
  -.42174626209590D-04  0.78464566028558D-04  -.69189297809746D-04
  -.37949783053826D-04  -.52560615668718D-05  -.40318900391800D-04
  0.12056595108945D-03  -.70671935933586D-03  -.32947063210145D-02
  cycle =     32    SCF energy =    -1403.5650255850   |dE/dxyz| =  0.006543
   -3.11959040162978      2.09923810382499      2.40753160282274      c
   -2.09496135686499     -1.17756020146021      2.40561605379432      s
   -2.36738234034931     -1.85672323643084     -0.39679559840460      o
    2.20821164039045     -1.30998402304142     -1.61298501899185      np
    5.94337568606837     -0.95782105879678     -4.09245066252365      o
    0.73864063494701     -0.89741793327135      2.93195456643932      o
    2.77525042603618     -4.58889451848686     -1.20267732566375      o
    1.71622897981107      1.99927183594040     -1.95189600006887      o
   -2.85505407881329      2.86542098346172      4.30218679613372      h
   -1.94038386471980      3.07967323138286      1.02973108796520      h
   -5.10824289516055      2.15318365522153      1.86911421129104      h
    4.10390757028458     -1.40838683834407     -5.68932971279375      o
  -.74331345789602D-05  -.27769163284397D-04  0.80621992111674D-04
  -.60195331858637D-04  -.25889170255677D-03  -.33788035288751D-03
  0.11188990403066D-02  0.35443849206551D-03  0.13291220177436D-03
  -.46105333564626D-02  0.85592706514870D-04  0.26475753575799D-02
  0.23645821192009D-02  0.22277978384277D-04  0.37814684299420D-05
  0.39138892611312D-03  0.48233674572185D-04  -.55108317786434D-03
  0.50145503680810D-03  0.71719561730887D-03  -.25015793649130D-03
  0.29673698551758D-03  -.68412031989951D-03  0.59362450729017D-03
  -.18787593315306D-04  0.12031770538234D-03  -.62286227646702D-04
  -.11501605060360D-04  0.44207841831678D-05  0.95225569642921D-05
  -.31045002203633D-04  -.20110227991088D-04  -.44918525012205D-04
  0.45727766555093D-04  -.45730353455697D-03  -.22197240630391D-02
  cycle =     33    SCF energy =    -1403.5651240940   |dE/dxyz| =  0.002642
   -3.12649133067643      2.09129281866790      2.40005810468327      c
   -2.08893645653699     -1.18228529183577      2.38597152591278      s
   -2.32430960505645     -1.83781932318463     -0.42621594806601      o
    2.25844378434943     -1.29806917427543     -1.58849193739646      np
    5.90634002023979     -0.97910579388648     -4.13739158199518      o
    0.73459211481832     -0.89395943689985      2.94940121237109      o
    2.77587042023318     -4.58307979419498     -1.16457829820638      o
    1.77911601553341      2.01272352189117     -1.91975838796573      o
   -2.88859896017621      2.84975226795152      4.30137921080934      h
   -1.93343383863370      3.08389089554475      1.04295520783644      h
   -5.10806245555117      2.14121473015750      1.83591802105912      h
    4.01547029145676     -1.40455541993574     -5.67924712904241      o
  0.69625846488286D-05  -.37615645409161D-04  0.23389366416987D-03
  0.31677947426800D-03  -.40850144787274D-03  -.12273125886253D-04
  0.13302389912102D-02  0.17447797982756D-03  -.20589510238267D-03
  -.71555700833059D-03  0.33787505962257D-03  -.28030470389240D-05
  0.49905768051417D-05  -.14851320128439D-03  0.14583994541972D-03
  -.16104263894690D-03  -.14755944532374D-04  -.79031752437331D-03
  -.69043010249104D-03  0.99512350343289D-03  0.33224364173345D-03
  -.13538159461501D-03  -.12263476473287D-02  0.52777095031242D-03
  -.23141778250024D-04  0.29217098257028D-03  -.10407200620266D-03
  0.19117152166181D-04  0.41676676878488D-05  0.44745657746814D-04
  -.69013355958880D-05  -.78007152811921D-04  -.44477539562868D-04
  0.33951435666424D-04  -.39889687180050D-05  -.95645848212200D-04
  cycle =     34    SCF energy =    -1403.5651489510   |dE/dxyz| =  0.001765
   -3.12924983530369      2.09321702586562      2.39529159707779      c
   -2.09950590098200     -1.18202322901550      2.38094006024764      s
   -2.32355476270057     -1.83682143419676     -0.43273239942862      o
    2.27157943258143     -1.29882819466444     -1.57332869598850      np
    5.89806304152489     -0.97594633472583     -4.15671911695679      o
    0.72218891808282     -0.90466601523265      2.96184297281598      o
    2.79984044983923     -4.58536731047382     -1.15865218150962      o
    1.79954969467321      2.01528204753866     -1.90628981264705      o
   -2.88153085347699      2.84741532761093      4.29707047568871      h
   -1.93886967226112      3.08346165352119      1.03419225454638      h
   -5.11309423553706      2.14953098599213      1.83973882918328      h
    3.99458372355979     -1.40525452221959     -5.68135398302933      o
  -.13611313013584D-03  -.74975564603896D-04  0.20275776506140D-03
  0.35844084850556D-03  0.11384121118052D-03  -.14977613907741D-03
  0.82285732797516D-03  -.18679386428744D-05  -.28685145268703D-03
  -.94360039790242D-03  -.15622201983367D-04  0.87594200780661D-03
  -.25424655105244D-04  0.41028910082730D-05  0.18684992657114D-04
  0.20459649952898D-04  -.19786830956869D-03  -.32249194590506D-03
  -.19002336768192D-03  0.11503347020891D-03  0.85532097983787D-04
  0.48304771527174D-05  -.57610375058914D-04  0.91527747925646D-04
  0.61097671547605D-05  0.14801539320086D-03  -.36566384469250D-04
  -.28072799634626D-04  -.65402246408164D-04  -.11042273894146D-04
  -.37215966180004D-04  0.51877810384460D-05  -.41031955404502D-05
  0.13175967262025D-03  -.72212788261965D-04  -.45003554008538D-03
  cycle =     35    SCF energy =    -1403.5651560090   |dE/dxyz| =  0.001571
   -3.12721770520313      2.09406505232043      2.39294814396031      c
   -2.10389014139911     -1.18257227095399      2.38289746865488      s
   -2.32745045825469     -1.83982692503296     -0.43035443394353      o
    2.27172825804998     -1.30067267901611     -1.57134067020269      np
    5.89670166045064     -0.97071883685485     -4.15658865053992      o
    0.71831121144485     -0.90703002139547      2.96426696395503      o
    2.80575279161408     -4.58730155966066     -1.15986371732975      o
    1.79743974127255      2.01336543549893     -1.90651887179271      o
   -2.87695530955127      2.84747081807696      4.29462898592338      h
   -1.93561419852698      3.08123378644587      1.03058503966216      h
   -5.11133781297011      2.15358422903463      1.83903954945044      h
    3.99253196307312     -1.40159702846285     -5.67969980779773      o
  -.35570194978241D-04  -.51888516583887D-04  0.80274901950395D-04
  0.57629467519860D-04  0.10126781153641D-05  0.13390284546233D-03
  0.69078843278447D-03  0.76054418582050D-04  -.31627559072644D-03
  -.84586935166087D-03  -.68777698228994D-04  0.89533237653860D-03
  0.78582919345038D-05  0.25316787284346D-04  0.15352286385273D-04
  0.81024973006549D-04  -.73396674491466D-04  -.30012753703268D-03
  -.63545084459271D-04  -.11629739391594D-03  0.35117120757766D-04
  -.41782305228999D-05  0.15257560726845D-03  -.62989218417187D-04
  0.14404465250084D-04  0.34039013474541D-04  -.33410423938895D-04
  -.22828669326402D-04  -.23961017239449D-04  -.48021832895651D-04
  -.31968191200882D-05  -.22036147802384D-04  0.16425071989012D-04
  0.11098900321027D-03  -.27410400980976D-04  -.40318887399948D-03
  cycle =     36    SCF energy =    -1403.5651628210   |dE/dxyz| =  0.000993
   -3.12643471601221      2.09545320539280      2.38925325038138      c
   -2.10984222890636     -1.18269157358357      2.38291747532329      s
   -2.33068552344020     -1.84363825287288     -0.42949705014693      o
    2.27848362083891     -1.30270412896704     -1.56659230494942      np
    5.89207339279788     -0.96629125099274     -4.16359551442976      o
    0.71207290148658     -0.91023588015165      2.96950880133794      o
    2.81754432584939     -4.58908269499949     -1.15822649240239      o
    1.80347124546951      2.01110042743273     -1.90137751445877      o
   -2.87501823460227      2.84534177755706      4.29217796185947      h
   -1.93224891883558      3.08080883731051      1.02791644332264      h
   -5.11046658172980      2.15948119440348      1.83562130720471      h
    3.98105071708408     -1.39754166052927     -5.67810636304230      o
  0.40378734769142D-04  -.22461294540754D-04  -.58766773561092D-04
  -.16935537734852D-03  0.59692197275973D-04  0.19517347276832D-03
  0.32583732540559D-03  0.44634309420921D-04  -.24347587033802D-03
  -.35170491256409D-03  -.97327664681846D-04  0.60435205089604D-03
  -.34815982186132D-04  0.69059401671012D-04  0.52377895739752D-04
  0.15241649769582D-03  0.74362348589929D-05  -.85748481536640D-04
  0.65390203003446D-05  -.21356293855224D-03  -.21208732335687D-04
  0.62196019316785D-04  0.19960735637259D-03  -.16795124783053D-03
  0.25353283949869D-04  -.11252052782351D-03  0.10495585622605D-04
  -.39965270565934D-04  -.14387685255191D-04  -.66398541345658D-04
  0.94943879869192D-06  -.20153716026039D-04  0.41996601502822D-04
  -.27478476730236D-04  0.10369441617364D-04  -.25436192871808D-03
  cycle =     37    SCF energy =    -1403.5651668770   |dE/dxyz| =  0.000546
   -3.12442596357145      2.09752833136002      2.39091183695744      c
   -2.11001081512979     -1.18160331417198      2.38761764211619      s
   -2.34076887396264     -1.85052392754112     -0.42152587348138      o
    2.27183831761196     -1.30636905859508     -1.57460646186900      np
    5.89929626235974     -0.96102825757942     -4.15406887554584      o
    0.71388927508606     -0.90848276270264      2.96498997327491      o
    2.81620656153131     -4.59137723640512     -1.16608916773474      o
    1.78798461619829      2.00550086285787     -1.91037366162935      o
   -2.87358550733938      2.84757806992380      4.29394301263000      h
   -1.92869827246714      3.08166997092323      1.03021144970637      h
   -5.10819023448537      2.16285621159150      1.83639666570420      h
    3.99646463416834     -1.39574888966112     -5.67740654012893      o
  0.71776033093940D-04  0.20868585723921D-04  -.93543423431486D-04
  -.15800399874166D-03  0.48668733949597D-04  0.54098417727744D-04
  0.90593381749215D-04  -.28086840409003D-06  -.54956015652863D-04
  -.21701472540236D-03  -.10650300473231D-03  0.31652749015176D-03
  0.10586045325311D-03  0.34514610903980D-04  -.98575272192925D-04
  0.10142374998523D-03  0.75804416598491D-04  0.73463750993596D-06
  0.10480654351497D-04  -.89617451081381D-04  -.26911183699685D-04
  -.29791404566382D-04  0.34266383984516D-04  -.69539507345340D-04
  0.16256926090752D-04  -.12087762118423D-03  0.37868935026331D-04
  -.41607918071840D-04  -.17965698534184D-04  -.25844629684801D-04
  -.66698564227252D-05  -.15584063604690D-04  0.38517415443029D-04
  0.51741441593922D-04  0.46726889656235D-04  -.63846471674012D-04
  cycle =     38    SCF energy =    -1403.5651677150   |dE/dxyz| =  0.000286
   -3.12478521444102      2.09721931553895      2.39133449017366      c
   -2.10891813818869     -1.18188148554387      2.38817712191258      s
   -2.34057339213476     -1.85066743418512     -0.42071944380864      o
    2.27265760730513     -1.30560458912202     -1.57576054118614      np
    5.89862458247847     -0.96290467778371     -4.15480309847512      o
    0.71484762563178     -0.90755836131494      2.96462272684103      o
    2.81602634512915     -4.59037945558889     -1.16653925372768      o
    1.78972391134356      2.00625784330123     -1.90975482611242      o
   -2.87777223149942      2.84764564680102      4.29473841429269      h
   -1.92697972827984      3.08227667516064      1.03311821764366      h
   -5.10750258185034      2.16197431200117      1.83293593940189      h
    3.99465121450592     -1.39637778926451     -5.67734974695565      o
  0.54390101155488D-04  0.23337201303875D-04  -.83414653276215D-04
  -.74796021731771D-04  -.52900245580467D-04  0.13605437313657D-04
  0.55146103745685D-04  0.12955626096378D-04  0.20928873746939D-04
  -.41943775656250D-04  -.37943995976453D-04  -.20927034338314D-04
  0.99258736684149D-04  -.24973416629770D-04  -.17158615293056D-04
  0.39085919225634D-04  0.91003755130048D-04  -.15735262419270D-04
  -.73908932840094D-04  0.28507696129054D-04  -.25227145261653D-06
  0.40782093376990D-04  -.88805329660602D-04  0.45212633494884D-04
  0.79783896636543D-06  -.82010613546069D-04  0.31703130977112D-04
  -.27743229838562D-04  -.13318979965593D-05  0.10686335831789D-05
  -.10703583941840D-04  -.11171815821220D-04  0.14008012343081D-04
  -.65921880320285D-04  0.51248083977162D-04  0.25149734106833D-04
  cycle =     39    SCF energy =    -1403.5651680730   |dE/dxyz| =  0.000224
   -3.12429141360026      2.09742070348799      2.39176576533410      c
   -2.10918101028625     -1.18221122269576      2.38886299453128      s
   -2.34238828420599     -1.85150868074433     -0.41969064306939      o
    2.27161380217507     -1.30574468437667     -1.57701725180339      np
    5.89924940464925     -0.96141984994414     -4.15323951699691      o
    0.71478226665209     -0.90848397467153      2.96405882991446      o
    2.81656047461486     -4.59014938007141     -1.16775345855402      o
    1.78699869465799      2.00583590419925     -1.91108459733634      o
   -2.87742487653435      2.84889416623528      4.29478484929879      h
   -1.92589952690339      3.08178104017410      1.03354032577877      h
   -5.10682350454494      2.16270373711786      1.83275763491095      h
    3.99680397332586     -1.39711775871069     -5.67698493200842      o
  0.43055891275401D-04  0.25761242115507D-04  -.49446662877983D-04
  -.28954940896497D-04  -.73348066834455D-04  -.24754181431774D-04
  0.16712956613318D-04  0.61872447307820D-05  0.48144627371016D-04
  -.27077576485013D-04  -.44814382047953D-04  -.13921742315404D-04
  0.78607418872778D-04  0.17756646386147D-04  -.40655595457295D-04
  -.12106637218068D-04  0.69891299955938D-04  -.31357252723296D-05
  -.22674834863512D-04  0.48754467471213D-04  -.20342043470900D-04
  -.73119198702454D-05  -.90985687663192D-04  0.21617718719114D-04
  0.11721526167532D-04  -.44273556116359D-04  0.17707419731394D-04
  -.26868236665756D-04  -.22089952915749D-05  0.12426256077447D-05
  -.14721709905352D-04  -.43755537275647D-05  0.18509661010802D-04
  -.14945498292063D-04  -.56567572292998D-06  0.59818095397901D-04
  cycle =     40    SCF energy =    -1403.5651681040   |dE/dxyz| =  0.000268
   -3.12438668053767      2.09714701148851      2.39175450502571      c
   -2.10910274186859     -1.18254291314378      2.38885497254487      s
   -2.34185536194837     -1.85084261919183     -0.42003813452957      o
    2.27234542871201     -1.30499986041933     -1.57636559027363      np
    5.89796938784980     -0.96234866762049     -4.15462182152589      o
    0.71470225184237     -0.90962868320540      2.96481666182660      o
    2.81763022998008     -4.58944085114585     -1.16694251150300      o
    1.78846137094529      2.00694835716156     -1.90985673786026      o
   -2.87914158202408      2.84945227378799      4.29463466146512      h
   -1.92487097392510      3.08132067471327      1.03431823467117      h
   -5.10635930799902      2.16233123862051      1.83080474935860      h
    3.99460797897320     -1.39739596104520     -5.67735898919983      o
  -.16215199166503D-04  0.26963357409038D-05  -.20661072950290D-05
  0.69427188584825D-05  -.81382183707568D-04  -.41364573434066D-04
  0.27093242943366D-04  0.52584627892038D-04  0.10134620563207D-04
  -.64658205592316D-04  -.39153442383366D-04  -.77380040858444D-04
  0.54012146730287D-04  -.76202872402842D-04  -.80850983483316D-04
  -.36345966190510D-04  -.64206030163660D-05  0.39781314328025D-04
  0.18330969414393D-04  -.21539461130260D-05  0.27809379958832D-05
  0.77886768757640D-04  0.18298327624677D-04  0.78687009155587D-04
  -.20700564081488D-04  -.40938338230490D-06  0.44356571651250D-05
  0.16557181234500D-04  -.78559324299121D-05  0.16873050988409D-04
  0.66615451324026D-05  -.40646150016865D-05  -.21147240729880D-04
  -.74278517699256D-04  0.51256751896211D-04  0.83502022294013D-04
  cycle =     41    SCF energy =    -1403.5651682980   |dE/dxyz| =  0.000125
   -3.12436927081369      2.09704726936269      2.39217459707999      c
   -2.10855453433911     -1.18252228014226      2.38922079846021      s
   -2.34209137878502     -1.85075896383609     -0.41964015005593      o
    2.27175025403311     -1.30477255337651     -1.57708229768795      np
    5.89829243289914     -0.96261594227740     -4.15377590370655      o
    0.71537914276007     -0.90959957151433      2.96435940634405      o
    2.81672537988680     -4.58924693366084     -1.16729146742520      o
    1.78769379488653      2.00719450357926     -1.91082772779453      o
   -2.87995754859297      2.84981565435131      4.29496921210755      h
   -1.92450532346867      3.08129567658019      1.03506640092716      h
   -5.10609892333876      2.16187649950039      1.83035442107639      h
    3.99573597487249     -1.39771335856645     -5.67752728932530      o
  -.27980790510362D-04  -.10788099617187D-04  0.10857875781145D-04
  0.53294644285273D-04  -.47829165184865D-04  -.30214764310088D-04
  0.29818401090509D-05  0.62964916880404D-05  0.29522249317182D-04
  -.57271133169223D-05  -.21060127959993D-04  -.41623514857925D-04
  0.21751403162185D-04  -.27426332105174D-04  -.14385179743392D-04
  -.24103740956960D-04  0.92069699291208D-05  -.17549444590870D-05
  -.25595047819849D-04  -.21966126263706D-04  0.83906186550964D-05
  0.67743980971535D-05  0.12858314426545D-04  0.17555898314425D-04
  0.47817645222881D-05  0.32370733835663D-05  -.76523900753855D-05
  -.53412033254041D-05  -.64992526853658D-05  0.26415976606131D-05
  -.87708618514704D-05  0.22845409783576D-05  0.42162124429534D-05
  0.32101251843386D-05  0.83863776203508D-05  0.36419292310796D-04
  cycle =     42    SCF energy =    -1403.5651683140   |dE/dxyz| =  0.000168
   -3.12382265604037      2.09713813502825      2.39192444715758      c
   -2.10883245173768     -1.18261824478223      2.38969990194768      s
   -2.34283640983994     -1.85139332990897     -0.41902688723515      o
    2.27123785479140     -1.30496877901985     -1.57717943449783      np
    5.89805365492140     -0.96147094480571     -4.15312682786470      o
    0.71526476579982     -0.91007467990602      2.96445474302493      o
    2.81690716640052     -4.58932094597697     -1.16759675108846      o
    1.78647929123079      2.00685200827784     -1.91092062771613      o
   -2.87964589312719      2.85018146693196      4.29464052828472      h
   -1.92345136999378      3.08082134408059      1.03484275942702      h
   -5.10541286452528      2.16225216817119      1.82967665166310      h
    3.99605891212023     -1.39739819809012     -5.67738850310286      o
  -.24481850212865D-04  -.56988177039585D-05  0.42635741648311D-05
  0.17485175099807D-04  -.55756780272809D-05  0.22448172611433D-04
  -.33005142151765D-04  -.23710147443623D-04  0.28241538835516D-04
  -.58871185899534D-05  -.28397696125282D-04  -.29750809359186D-04
  0.26345958037410D-05  0.69614654440553D-04  0.20360946782816D-04
  0.19401146289511D-05  -.68849633190204D-05  -.17024200841931D-04
  0.59843060206788D-04  0.34976750740157D-05  -.19515441951778D-04
  -.74690161093738D-04  -.18173008189848D-04  0.19525384703734D-04
  0.20952671497820D-05  0.53521396010670D-05  -.11317596527727D-04
  0.16351780244950D-04  -.18672020542898D-04  -.60086933659775D-05
  0.12769070019125D-05  0.47646531139423D-05  -.21268384089446D-05
  0.32314480325368D-04  -.69020370479400D-04  0.50189673963530D-05
  cycle =     43    SCF energy =    -1403.5651683810   |dE/dxyz| =  0.000088
   -3.12408336217462      2.09709176233831      2.39205396464955      c
   -2.10874795950640     -1.18255559447209      2.38940308216726      s
   -2.34244939410456     -1.85103521575271     -0.41941939141532      o
    2.27152732255338     -1.30483817527584     -1.57706274047748      np
    5.89817225408187     -0.96199476237426     -4.15342567262965      o
    0.71526956622672     -0.90991095074999      2.96442862489966      o
    2.81677787981561     -4.58925988263620     -1.16734707942451      o
    1.78710038199390      2.00703023805873     -1.91100900876973      o
   -2.87965379342911      2.84995064698448      4.29481106600467      h
   -1.92407022458286      3.08106070937573      1.03486887658119      h
   -5.10578442982378      2.16205567031328      1.83017232512353      h
    3.99594175894976     -1.39759444580948     -5.67747404670928      o
  -.16833077137068D-04  -.15396538548096D-04  0.97641522476266D-05
  0.28224600459481D-04  -.36372238525928D-04  -.24074995092604D-04
  0.41799468206705D-05  0.34843822804831D-05  0.13590843735756D-04
  0.10420882867734D-04  -.14520608021762D-04  -.22434447704001D-05
  0.25807574004943D-04  -.84418902921435D-05  -.12586979785567D-04
  -.18670949380351D-04  0.83308756426703D-05  0.84430166573668D-05
  -.29762097049968D-04  -.20256641753313D-04  0.45675193955930D-05
  0.15941055067081D-05  0.87816679661401D-06  -.91905616053101D-05
  0.97608206006128D-05  -.12169552734420D-05  -.61743715331630D-05
  -.10413840592527D-04  -.53123963610346D-05  -.22938334875988D-05
  -.95633429548769D-05  -.94528438898678D-06  0.99574117362611D-05
  0.86427468337646D-06  -.32596080032921D-05  0.24325361905220D-04
  cycle =     44    SCF energy =    -1403.5651684330   |dE/dxyz| =  0.000091
   -3.12398768718816      2.09706280097557      2.39206342263896      c
   -2.10858052507120     -1.18254947898059      2.38964312021406      s
   -2.34253797309616     -1.85112017030462     -0.41915650180905      o
    2.27134477125602     -1.30476185270509     -1.57718477046276      np
    5.89797452738199     -0.96223697460863     -4.15333042435282      o
    0.71549495408822     -0.90993162736554      2.96442413023951      o
    2.81675320232853     -4.58914534516949     -1.16739441862548      o
    1.78702239498828      2.00714525802446     -1.91098583326513      o
   -2.88032281656816      2.85004781528783      4.29486738414124      h
   -1.92352748860803      3.08102801517228      1.03526456947444      h
   -5.10546831867228      2.16187705303843      1.82940190399275      h
    3.99583495916088     -1.39741549336464     -5.67761258218582      o
  -.24547152009724D-04  -.16815998422182D-04  0.10688859280794D-04
  0.34234093994279D-04  -.32422590298342D-04  -.10753577093681D-04
  -.59711825830533D-05  -.14165900275032D-06  0.12805078299039D-04
  -.12407805742853D-04  -.17139911294040D-04  -.29685054602879D-04
  0.20165946882145D-04  -.31794376843752D-04  -.45405733128945D-05
  -.10360556418121D-04  0.73514114919959D-05  0.93275677404137D-06
  -.15818250170163D-04  -.17049163790972D-04  0.37479300059040D-05
  0.11641104403548D-04  0.45134391868373D-05  0.16684078836704D-04
  0.31367100720714D-05  0.25912875827316D-05  -.74642290113225D-05
  -.21290242204763D-05  -.78594556454092D-05  0.43994972198647D-06
  -.50132832978278D-05  -.26160152297727D-05  0.28304956188885D-05
  0.26660703635883D-05  0.18150594193411D-04  0.18315705766270D-04
  cycle =     45    SCF energy =    -1403.5651684670   |dE/dxyz| =  0.000059
   -3.12369275615721      2.09709033532544      2.39185412319438      c
   -2.10880188020410     -1.18256117668724      2.38970327446760      s
   -2.34262801841850     -1.85127478156836     -0.41912927512066      o
    2.27139879666276     -1.30469938528518     -1.57687793784798      np
    5.89745833209209     -0.96181673827830     -4.15339938362172      o
    0.71531333708463     -0.91033612514072      2.96468493136463      o
    2.81703013091734     -4.58903279183489     -1.16709430195329      o
    1.78693553422515      2.00715174779272     -1.91086892414456      o
   -2.88041266084991      2.84995631729849      4.29475795046910      h
   -1.92291218204173      3.08091168313783      1.03524100600424      h
   -5.10505192771176      2.16194873214606      1.82879169743811      h
    3.99536329440117     -1.39733781690587     -5.67766316024995      o
  -.10734792311951D-04  -.16797350738784D-04  0.30326377142842D-05
  -.15587429881059D-04  0.14846425441917D-04  0.76137656677133D-05
  -.63793773819043D-06  -.15816582173755D-04  -.10914170424314D-04
  0.83054735995347D-05  -.88129962771966D-05  0.16574282691195D-04
  -.39600087529124D-05  0.10282595924949D-04  0.47241291696309D-05
  0.50915078499969D-05  -.16754671737784D-04  0.12792537014583D-04
  0.63919178452387D-05  -.35203580797116D-05  0.69995122964350D-06
  -.32964520757517D-05  -.11455100310087D-04  -.12918196283351D-04
  -.34785617690491D-05  -.40487511787646D-05  -.15911931496859D-05
  0.73933244384428D-05  -.12725368431887D-04  0.47393575286492D-07
  0.30939247102069D-05  -.77426952020954D-05  -.26991974813040D-05
  0.33290263292685D-05  -.20470926800353D-04  -.35784578997777D-05
$end
