$hessian (projected)
 1  1   0.5490811562   0.0620037609  -0.0024613239  -0.0426366184  -0.0141923826
 1  2   0.0090088644   0.0039914982   0.0045205336  -0.0039768897  -0.0010706772
 1  3   0.0008521515  -0.0022143082  -0.0001544566   0.0000019243  -0.0000137263
 1  4  -0.0234871093   0.0336960033  -0.0056058709   0.0002187864   0.0003483993
 1  5   0.0005412575   0.0000547638  -0.0000640990   0.0005291391  -0.0481577876
 1  6  -0.0134457242  -0.0303362278  -0.1385902694  -0.0824189215   0.1068097218
 1  7  -0.2992677434   0.0087120330  -0.0725023309   0.0000184574  -0.0000136787
 1  8   0.0002216948
 2  1   0.0620037609   0.3521922736   0.0036525934   0.0198274728  -0.1380360082
 2  2   0.0102101245   0.0016341820  -0.0029114887  -0.0107766754  -0.0017194872
 2  3  -0.0007368067   0.0008317562   0.0004856280   0.0001107691   0.0001503697
 2  4   0.0030518186   0.0091934099  -0.0003134342   0.0003738610  -0.0003019994
 2  5   0.0000190706   0.0009191278   0.0016070637  -0.0009701991  -0.0132175997
 2  6  -0.0777161029  -0.0911003796  -0.0782920755  -0.1021890574   0.0863271217
 2  7   0.0051885405  -0.0411332992   0.0023896492  -0.0002552292  -0.0000787537
 2  8  -0.0004199970
 3  1  -0.0024613239   0.0036525934   0.5665253819  -0.0003793732   0.0409701279
 3  2  -0.0480301471   0.0072016387  -0.0392177592  -0.0109690012  -0.0012863478
 3  3  -0.0015137975  -0.0014945982   0.0000900533   0.0000495358   0.0000017263
 3  4  -0.0075906779  -0.0021931952   0.0043832761   0.0005154457  -0.0000109592
 3  5   0.0004187333   0.0001758181  -0.0001429326   0.0004321789  -0.0296599548
 3  6  -0.0945752036  -0.2798873342   0.1056921361   0.0900734882  -0.1660315602
 3  7  -0.0722438488   0.0029032062  -0.0654056456  -0.0000535656   0.0000048958
 3  8   0.0000569902
 4  1  -0.0426366184   0.0198274728  -0.0003793732   0.4967851987   0.0371965905
 4  2   0.0133923885  -0.0705375604  -0.0129738574  -0.0097259788  -0.0109110452
 4  3  -0.0005943183   0.0323015062   0.0012072190  -0.0000602529   0.0005244895
 4  4  -0.3674120755  -0.0478922561  -0.0276233299  -0.0000076172  -0.0027806165
 4  5  -0.0030446069  -0.0022286521   0.0057331249  -0.0027048474  -0.0010030086
 4  6  -0.0050613419  -0.0007631269   0.0050486606  -0.0142284700   0.0000685873
 4  7  -0.0082064835   0.0208569929   0.0004933546  -0.0000980172  -0.0000230679
 4  8  -0.0025390631
 5  1  -0.0141923826  -0.1380360082   0.0409701279   0.0371965905   0.2919908087
 5  2   0.0295867791  -0.0044978625  -0.0697769914  -0.0694111186   0.0048517298
 5  3   0.0126883403  -0.0012659995  -0.0006078315  -0.0002894252   0.0002019064
 5  4  -0.0286969478  -0.0602161105  -0.0020137153  -0.0012903802  -0.0019652906
 5  5   0.0005014903   0.0021288526  -0.0069306220  -0.0014779818   0.0004952346
 5  6  -0.0020149911   0.0014353524   0.0082264251  -0.0308149003   0.0014266202
 5  7  -0.0038550479   0.0053072715  -0.0005602231   0.0002416199   0.0000579189
 5  8   0.0006067620
 6  1   0.0090088644   0.0102101245  -0.0480301471   0.0133923885   0.0295867791
 6  2   0.5006670522   0.0028878506  -0.0458837657  -0.3635401380   0.0289653696
 6  3   0.0041657928  -0.0026846978  -0.0024061094  -0.0007281475  -0.0001197252
 6  4  -0.0480515815  -0.0001276044  -0.0784946466  -0.0026957988   0.0018046747
 6  5  -0.0018797355  -0.0016367812  -0.0048288300  -0.0012316859   0.0072139469
 6  6  -0.0223603973  -0.0022274503  -0.0061716724   0.0216075086   0.0002512592
 6  7  -0.0021312467   0.0059390494  -0.0023538135   0.0016247700   0.0006148159
 6  8  -0.0003562717
 7  1   0.0039914982   0.0016341820   0.0072016387  -0.0705375604  -0.0044978625
 7  2   0.0028878506   0.0863175587   0.0111954848   0.0334850327  -0.0267020418
 7  3  -0.0013510612   0.0022347097  -0.0041323270  -0.0007650313   0.0014029722
 7  4   0.0068919717  -0.0059758053  -0.0476719900  -0.0012472952   0.0077404549
 7  5  -0.0008962674   0.0019139648  -0.0099342343   0.0002580479   0.0006364871
 7  6   0.0026078955  -0.0001534285  -0.0009243362   0.0006590738  -0.0002130312
 7  7   0.0019665064  -0.0020260319  -0.0000500195   0.0018255738   0.0007129356
 7  8   0.0015144847
 8  1   0.0045205336  -0.0029114887  -0.0392177592  -0.0129738574  -0.0697769914
 8  2  -0.0458837657   0.0111954848   0.0738586325   0.0945612048  -0.0031441916
 8  3  -0.0174254249   0.0029865894  -0.0002046136   0.0000704459  -0.0003763208
 8  4  -0.0001311791   0.0095572611  -0.0098148667   0.0047860857   0.0045704111
 8  5  -0.0017774521  -0.0056625345   0.0027840769   0.0008460495   0.0032476686
 8  6  -0.0089891934  -0.0009489079  -0.0018471493   0.0072422027  -0.0000572688
 8  7  -0.0002231318   0.0007824763  -0.0001700995   0.0004368846   0.0002375921
 8  8  -0.0001474031
 9  1  -0.0039768897  -0.0107766754  -0.0109690012  -0.0097259788  -0.0694111186
 9  2  -0.3635401380   0.0334850327   0.0945612048   0.3776202996  -0.0059178510
 9  3  -0.0033070169  -0.0106258587   0.0032769400   0.0005918145  -0.0002775510
 9  4  -0.0212472469  -0.0084378972   0.0013406327   0.0021367639  -0.0043695357
 9  5   0.0026343394   0.0008318609   0.0079663235   0.0026105285   0.0012764613
 9  6  -0.0036857533   0.0016954861  -0.0000306063  -0.0027949820   0.0001378385
 9  7   0.0014974830  -0.0001028813  -0.0003595258  -0.0016059689  -0.0002334824
 9  8  -0.0002670502
10  1  -0.0010706772  -0.0017194872  -0.0012863478  -0.0109110452   0.0048517298
10  2   0.0289653696  -0.0267020418  -0.0031441916  -0.0059178510   0.1755005744
10  3  -0.1200480146  -0.0433752997  -0.0485568985  -0.0050852184   0.0119971354
10  4  -0.0093578305   0.0003019776   0.0010861244  -0.0436460587   0.0508502555
10  5   0.0003832783  -0.0441225610   0.0693008845  -0.0019102472   0.0003617537
10  6  -0.0009358855  -0.0005817276  -0.0000786320   0.0008136393   0.0004077587
10  7   0.0000275782   0.0000595494   0.0001444888   0.0085558385   0.0047547612
10  8   0.0100873180
11  1   0.0008521515  -0.0007368067  -0.0015137975  -0.0005943183   0.0126883403
11  2   0.0041657928  -0.0013510612  -0.0174254249  -0.0033070169  -0.1200480146
11  3   0.8940964498  -0.0922517659  -0.0035300967  -0.0125369871   0.0030653359
11  4   0.0028286987  -0.0172480731  -0.0001060188   0.0632119376  -0.4266540186
11  5   0.0489374817   0.0518135524  -0.4156534015   0.0443232726  -0.0002470891
11  6  -0.0011665967   0.0006205753   0.0038573807  -0.0024225560  -0.0025003806
11  7  -0.0006091394  -0.0009104832   0.0006151016   0.0038159985  -0.0120304423
11  8  -0.0020485803
12  1  -0.0022143082   0.0008317562  -0.0014945982   0.0323015062  -0.0012659995
12  2  -0.0026846978   0.0022347097   0.0029865894  -0.0106258587  -0.0433752997
12  3  -0.0922517659   0.1692275506   0.0256067295   0.0055103599   0.0039661688
12  4  -0.0074984250  -0.0033702908  -0.0222187359  -0.0050057445   0.0578873139
12  5  -0.0427591783  -0.0007055880   0.0320980618  -0.0408970995   0.0003056528
12  6   0.0000677178  -0.0001693675  -0.0003358769   0.0001342771   0.0008638581
12  7  -0.0007529483   0.0011804139  -0.0001023253  -0.0005604077  -0.0038084339
12  8  -0.0531057162
13  1  -0.0001544566   0.0004856280   0.0000900533   0.0012072190  -0.0006078315
13  2  -0.0024061094  -0.0041323270  -0.0002046136   0.0032769400  -0.0485568985
13  3  -0.0035300967   0.0256067295   0.3224952176   0.0647303787   0.1842793009
13  4  -0.0007679093   0.0007633584   0.0021521968   0.0058495412  -0.0120861811
13  5  -0.0005539726  -0.0000072355   0.0107885612  -0.0025174764  -0.0000382518
13  6   0.0000909975   0.0001191046   0.0002110250  -0.0001565430  -0.0001794859
13  7  -0.0001195738   0.0000195891  -0.0000024302  -0.2759863503  -0.0602932468
13  8  -0.2098648506
14  1   0.0000019243   0.0001107691   0.0000495358  -0.0000602529  -0.0002894252
14  2  -0.0007281475  -0.0007650313   0.0000704459   0.0005918145  -0.0050852184
14  3  -0.0125369871   0.0055103599   0.0647303787   0.0317644393   0.0450177322
14  4   0.0002086790   0.0002290850  -0.0003509976  -0.0052321210  -0.0015809360
14  5   0.0005734542   0.0076095895   0.0057411612  -0.0015127983  -0.0000016511
14  6   0.0000412064   0.0000130906   0.0000151223  -0.0000095554  -0.0000072308
14  7  -0.0000075025  -0.0000024956   0.0000025632  -0.0614139165  -0.0235377076
14  8  -0.0491593762
15  1  -0.0000137263   0.0001503697   0.0000017263   0.0005244895   0.0002019064
15  2  -0.0001197252   0.0014029722  -0.0003763208  -0.0002775510   0.0119971354
15  3   0.0030653359   0.0039661688   0.1842793009   0.0450177322   0.1879862413
15  4  -0.0008893917  -0.0002436418  -0.0003204157   0.0047885200  -0.0066890829
15  5  -0.0021207876   0.0028677140   0.0065859659  -0.0043127079  -0.0000305897
15  6   0.0000123522   0.0000368691   0.0000893885  -0.0000801334  -0.0000608396
15  7  -0.0000322043  -0.0000023067   0.0000047228  -0.2049836086  -0.0476421767
15  8  -0.1847837015
16  1  -0.0234871093   0.0030518186  -0.0075906779  -0.3674120755  -0.0286969478
16  2  -0.0480515815   0.0068919717  -0.0001311791  -0.0212472469  -0.0093578305
16  3   0.0028286987  -0.0074984250  -0.0007679093   0.0002086790  -0.0008893917
16  4   0.3911429733   0.0187578142   0.0758413500   0.0000621363   0.0048773359
16  5   0.0022308591   0.0044747671  -0.0080314273   0.0022316196  -0.0004152437
16  6  -0.0001728602   0.0011618812  -0.0000415680   0.0007040032  -0.0006401775
16  7  -0.0006167054   0.0067207559   0.0001260736  -0.0004734065  -0.0001166910
16  8   0.0043257170
17  1   0.0336960033   0.0091934099  -0.0021931952  -0.0478922561  -0.0602161105
17  2  -0.0001276044  -0.0059758053   0.0095572611  -0.0084378972   0.0003019776
17  3  -0.0172480731  -0.0033702908   0.0007633584   0.0002290850  -0.0002436418
17  4   0.0187578142   0.0497809343   0.0129932646   0.0010762491   0.0030566145
17  5  -0.0044882790  -0.0019328237   0.0043138674   0.0054739820  -0.0004540729
17  6   0.0014771299   0.0007244222  -0.0021622293   0.0071197971  -0.0007734378
17  7   0.0036850013  -0.0074888387   0.0000621934   0.0001367835   0.0002249231
17  8   0.0003804839
18  1  -0.0056058709  -0.0003134342   0.0043832761  -0.0276233299  -0.0020137153
18  2  -0.0784946466  -0.0476719900  -0.0098148667   0.0013406327   0.0010861244
18  3  -0.0001060188  -0.0222187359   0.0021521968  -0.0003509976  -0.0003204157
18  4   0.0758413500   0.0129932646   0.0969907190   0.0019884489  -0.0086212305
18  5   0.0018777746  -0.0006459062   0.0081057774  -0.0018165677  -0.0008495738
18  6   0.0020435546   0.0012954712   0.0007143238  -0.0028510800  -0.0005880282
18  7  -0.0006491303   0.0006454174   0.0014261059   0.0012633571   0.0002833291
18  8  -0.0038755855
19  1   0.0002187864   0.0003738610   0.0005154457  -0.0000076172  -0.0012903802
19  2  -0.0026957988  -0.0012472952   0.0047860857   0.0021367639  -0.0436460587
19  3   0.0632119376  -0.0050057445   0.0058495412  -0.0052321210   0.0047885200
19  4   0.0000621363   0.0010762491   0.0019884489   0.0331862235  -0.0606610370
19  5   0.0001376820   0.0096307676  -0.0015806498  -0.0007062980  -0.0000302223
19  6   0.0002363073   0.0000982223   0.0000212571  -0.0000068256   0.0000022548
19  7  -0.0000090837  -0.0000941151  -0.0000206397  -0.0040284350  -0.0008193120
19  8  -0.0012388566
20  1   0.0003483993  -0.0003019994  -0.0000109592  -0.0027806165  -0.0019652906
20  2   0.0018046747   0.0077404549   0.0045704111  -0.0043695357   0.0508502555
20  3  -0.4266540186   0.0578873139  -0.0120861811  -0.0015809360  -0.0066890829
20  4   0.0048773359   0.0030566145  -0.0086212305  -0.0606610370   0.4064134439
20  5  -0.0490507986   0.0038434614   0.0099879310  -0.0010443264   0.0000384654
20  6   0.0000705342  -0.0001858431  -0.0007145296   0.0004682573   0.0005070536
20  7   0.0002094566   0.0000154098  -0.0000507021   0.0083345353   0.0059196429
20  8   0.0098234362
21  1   0.0005412575   0.0000190706   0.0004187333  -0.0030446069   0.0005014903
21  2  -0.0018797355  -0.0008962674  -0.0017774521   0.0026343394   0.0003832783
21  3   0.0489374817  -0.0427591783  -0.0005539726   0.0005734542  -0.0021207876
21  4   0.0022308591  -0.0044882790   0.0018777746   0.0001376820  -0.0490507986
21  5   0.0312571646  -0.0006957193  -0.0004830022   0.0108603038  -0.0000681334
21  6   0.0001010077   0.0000301590   0.0001933042  -0.0001220773  -0.0001262803
21  7   0.0001150344  -0.0002521596   0.0000506973   0.0016572840   0.0060412641
21  8  -0.0002431903
22  1   0.0000547638   0.0009191278   0.0001758181  -0.0022286521   0.0021288526
22  2  -0.0016367812   0.0019139648  -0.0056625345   0.0008318609  -0.0441225610
22  3   0.0518135524  -0.0007055880  -0.0000072355   0.0076095895   0.0028677140
22  4   0.0044747671  -0.0019328237  -0.0006459062   0.0096307676   0.0038434614
22  5  -0.0006957193   0.0335174276  -0.0550473878  -0.0020563985  -0.0004155798
22  6  -0.0005344754   0.0005586575  -0.0000009450  -0.0011512722  -0.0004921084
22  7  -0.0001665795  -0.0002829901   0.0002353353  -0.0026501380  -0.0017031000
22  8   0.0015631157
23  1  -0.0000640990   0.0016070637  -0.0001429326   0.0057331249  -0.0069306220
23  2  -0.0048288300  -0.0099342343   0.0027840769   0.0079663235   0.0693008845
23  3  -0.4156534015   0.0320980618   0.0107885612   0.0057411612   0.0065859659
23  4  -0.0080314273   0.0043138674   0.0081057774  -0.0015806498   0.0099879310
23  5  -0.0004830022  -0.0550473878   0.3975099278  -0.0402320252   0.0002083235
23  6   0.0006882920  -0.0003837177  -0.0028299143   0.0008613757   0.0019015414
23  7   0.0003580517   0.0007974845  -0.0005040291  -0.0089012333  -0.0017071567
23  8  -0.0100831332
24  1   0.0005291391  -0.0009701991   0.0004321789  -0.0027048474  -0.0014779818
24  2  -0.0012316859   0.0002580479   0.0008460495   0.0026105285  -0.0019102472
24  3   0.0443232726  -0.0408970995  -0.0025174764  -0.0015127983  -0.0043127079
24  4   0.0022316196   0.0054739820  -0.0018165677  -0.0007062980  -0.0010443264
24  5   0.0108603038  -0.0020563985  -0.0402320252   0.0319718949   0.0000252485
24  6   0.0000395376  -0.0000269246  -0.0001990029   0.0005750232  -0.0009524756
24  7   0.0003586258   0.0003312558  -0.0003871132   0.0066915895  -0.0063517899
24  8   0.0037496684
25  1  -0.0481577876  -0.0132175997  -0.0296599548  -0.0010030086   0.0004952346
25  2   0.0072139469   0.0006364871   0.0032476686   0.0012764613   0.0003617537
25  3  -0.0002470891   0.0003056528  -0.0000382518  -0.0000016511  -0.0000305897
25  4  -0.0004152437  -0.0004540729  -0.0008495738  -0.0000302223   0.0000384654
25  5  -0.0000681334  -0.0004155798   0.0002083235   0.0000252485   0.0474518406
25  6   0.0136288592   0.0336869227   0.0028180878   0.0086785810   0.0149717197
25  7  -0.0012323885  -0.0123789063  -0.0268811125   0.0000243132   0.0000021868
25  8   0.0000094123
26  1  -0.0134457242  -0.0777161029  -0.0945752036  -0.0050613419  -0.0020149911
26  2  -0.0223603973   0.0026078955  -0.0089891934  -0.0036857533  -0.0009358855
26  3  -0.0011665967   0.0000677178   0.0000909975   0.0000412064   0.0000123522
26  4  -0.0001728602   0.0014771299   0.0020435546   0.0002363073   0.0000705342
26  5   0.0001010077  -0.0005344754   0.0006882920   0.0000395376   0.0136288592
26  6   0.0805388952   0.1008509166   0.0035396929   0.0069639515   0.0143071196
26  7   0.0001013719   0.0001178582   0.0032272199  -0.0000548371  -0.0000109833
26  8  -0.0000280719
27  1  -0.0303362278  -0.0911003796  -0.2798873342  -0.0007631269   0.0014353524
27  2  -0.0022274503  -0.0001534285  -0.0009489079   0.0016954861  -0.0005817276
27  3   0.0006205753  -0.0001693675   0.0001191046   0.0000130906   0.0000368691
27  4   0.0011618812   0.0007244222   0.0012954712   0.0000982223  -0.0001858431
27  5   0.0000301590   0.0005586575  -0.0003837177  -0.0000269246   0.0336869227
27  6   0.1008509166   0.3000250887  -0.0046411447  -0.0089983395  -0.0147082883
27  7   0.0008993465  -0.0020055392  -0.0059823486  -0.0000484795  -0.0000216303
27  8  -0.0000813605
28  1  -0.1385902694  -0.0782920755   0.1056921361   0.0050486606   0.0082264251
28  2  -0.0061716724  -0.0009243362  -0.0018471493  -0.0000306063  -0.0000786320
28  3   0.0038573807  -0.0003358769   0.0002110250   0.0000151223   0.0000893885
28  4  -0.0000415680  -0.0021622293   0.0007143238   0.0000212571  -0.0007145296
28  5   0.0001933042  -0.0000009450  -0.0028299143  -0.0001990029   0.0028180878
28  6   0.0035396929  -0.0046411447   0.1449507400   0.0843591547  -0.1140695523
28  7  -0.0132735904  -0.0140937414   0.0189381253  -0.0001404295  -0.0000581363
28  8  -0.0001794224
29  1  -0.0824189215  -0.1021890574   0.0900734882  -0.0142284700  -0.0308149003
29  2   0.0216075086   0.0006590738   0.0072422027  -0.0027949820   0.0008136393
29  3  -0.0024225560   0.0001342771  -0.0001565430  -0.0000095554  -0.0000801334
29  4   0.0007040032   0.0071197971  -0.0028510800  -0.0000068256   0.0004682573
29  5  -0.0001220773  -0.0011512722   0.0008613757   0.0005750232   0.0086785810
29  6   0.0069639515  -0.0089983395   0.0843591547   0.1115560247  -0.0946954758
29  7   0.0026430928   0.0011834178  -0.0028950212   0.0001044874   0.0000410422
29  8   0.0000468121
30  1   0.1068097218   0.0863271217  -0.1660315602   0.0000685873   0.0014266202
30  2   0.0002512592  -0.0002130312  -0.0000572688   0.0001378385   0.0004077587
30  3  -0.0025003806   0.0008638581  -0.0001794859  -0.0000072308  -0.0000608396
30  4  -0.0006401775  -0.0007734378  -0.0005880282   0.0000022548   0.0005070536
30  5  -0.0001262803  -0.0004921084   0.0019015414  -0.0009524756   0.0149717197
30  6   0.0143071196  -0.0147082883  -0.1140695523  -0.0946954758   0.1739083664
30  7  -0.0067449467  -0.0064666975   0.0072210454   0.0000792597   0.0000310346
30  8   0.0000851045
31  1  -0.2992677434   0.0051885405  -0.0722438488  -0.0082064835  -0.0038550479
31  2  -0.0021312467   0.0019665064  -0.0002231318   0.0014974830   0.0000275782
31  3  -0.0006091394  -0.0007529483  -0.0001195738  -0.0000075025  -0.0000322043
31  4  -0.0006167054   0.0036850013  -0.0006491303  -0.0000090837   0.0002094566
31  5   0.0001150344  -0.0001665795   0.0003580517   0.0003586258  -0.0012323885
31  6   0.0001013719   0.0008993465  -0.0132735904   0.0026430928  -0.0067449467
31  7   0.3208317900  -0.0075109610   0.0795443222   0.0000662736   0.0000202678
31  8   0.0001395131
32  1   0.0087120330  -0.0411332992   0.0029032062   0.0208569929   0.0053072715
32  2   0.0059390494  -0.0020260319   0.0007824763  -0.0001028813   0.0000595494
32  3  -0.0009104832   0.0011804139   0.0000195891  -0.0000024956  -0.0000023067
32  4   0.0067207559  -0.0074888387   0.0006454174  -0.0000941151   0.0000154098
32  5  -0.0002521596  -0.0002829901   0.0007974845   0.0003312558  -0.0123789063
32  6   0.0001178582  -0.0020055392  -0.0140937414   0.0011834178  -0.0064666975
32  7  -0.0075109610   0.0413129636  -0.0021022381   0.0000178256   0.0000182351
32  8  -0.0000675202
33  1  -0.0725023309   0.0023896492  -0.0654056456   0.0004933546  -0.0005602231
33  2  -0.0023538135  -0.0000500195  -0.0001700995  -0.0003595258   0.0001444888
33  3   0.0006151016  -0.0001023253  -0.0000024302   0.0000025632   0.0000047228
33  4   0.0001260736   0.0000621934   0.0014261059  -0.0000206397  -0.0000507021
33  5   0.0000506973   0.0002353353  -0.0005040291  -0.0003871132  -0.0268811125
33  6   0.0032272199  -0.0059823486   0.0189381253  -0.0028950212   0.0072210454
33  7   0.0795443222  -0.0021022381   0.0658942166  -0.0000251670  -0.0000144142
33  8  -0.0000060160
34  1   0.0000184574  -0.0002552292  -0.0000535656  -0.0000980172   0.0002416199
34  2   0.0016247700   0.0018255738   0.0004368846  -0.0016059689   0.0085558385
34  3   0.0038159985  -0.0005604077  -0.2759863503  -0.0614139165  -0.2049836086
34  4  -0.0004734065   0.0001367835   0.0012633571  -0.0040284350   0.0083345353
34  5   0.0016572840  -0.0026501380  -0.0089012333   0.0066915895   0.0000243132
34  6  -0.0000548371  -0.0000484795  -0.0001404295   0.0001044874   0.0000792597
34  7   0.0000662736   0.0000178256  -0.0000251670   0.2728863202   0.0575370812
34  8   0.1959609371
35  1  -0.0000136787  -0.0000787537   0.0000048958  -0.0000230679   0.0000579189
35  2   0.0006148159   0.0007129356   0.0002375921  -0.0002334824   0.0047547612
35  3  -0.0120304423  -0.0038084339  -0.0602932468  -0.0235377076  -0.0476421767
35  4  -0.0001166910   0.0002249231   0.0002833291  -0.0008193120   0.0059196429
35  5   0.0060412641  -0.0017031000  -0.0017071567  -0.0063517899   0.0000021868
35  6  -0.0000109833  -0.0000216303  -0.0000581363   0.0000410422   0.0000310346
35  7   0.0000202678   0.0000182351  -0.0000144142   0.0575370812   0.0308656894
35  8   0.0510965878
36  1   0.0002216948  -0.0004199970   0.0000569902  -0.0025390631   0.0006067620
36  2  -0.0003562717   0.0015144847  -0.0001474031  -0.0002670502   0.0100873180
36  3  -0.0020485803  -0.0531057162  -0.2098648506  -0.0491593762  -0.1847837015
36  4   0.0043257170   0.0003804839  -0.0038755855  -0.0012388566   0.0098234362
36  5  -0.0002431903   0.0015631157  -0.0100831332   0.0037496684   0.0000094123
36  6  -0.0000280719  -0.0000813605  -0.0001794224   0.0000468121   0.0000851045
36  7   0.0001395131  -0.0000675202  -0.0000060160   0.1959609371   0.0510965878
36  8   0.2388271288
$end
