$hessapprox internal
  0.493625004835D+00 -0.722517733901D-02  0.490919434381D+00 -0.104913054992D-01
 -0.241672536555D-01  0.196239029892D+00  0.101388570900D-01  0.358827279201D-02
  0.299454996836D-01  0.330041510431D+00  0.275509880521D-01  0.366535774802D-01
  0.399379194349D-02 -0.732905426116D-01  0.556169176834D+00 -0.295162430872D-01
 -0.332795186064D-01  0.118577984477D-01  0.150976664993D-01 -0.182659613451D+00
  0.103806163637D+01  0.115129145923D-01  0.144519961354D-01  0.902854892022D-03
 -0.843277476148D-02  0.597719249936D-01  0.200085155560D-02  0.328935206681D-01
  0.364783318709D-02  0.456664750597D-02  0.173387742455D-02 -0.823888627587D-02
  0.219977792973D-01 -0.831372480247D-02  0.533267494739D-02  0.434051493718D+00
 -0.140063667566D-02 -0.141876978798D-02  0.522191991915D-03 -0.193845827504D-02
 -0.145821944279D-01  0.821277316447D-02 -0.320401989610D-02 -0.893486495609D-03
  0.432816886093D+00 -0.202656225528D-02 -0.340193698984D-02 -0.293919624020D-02
  0.144751226190D-01 -0.119078652708D-01  0.170152340218D-03 -0.271703641606D-02
 -0.156259401231D-02  0.793343309312D-04  0.433101336735D+00  0.328819296777D-02
 -0.309431496725D-02 -0.537339137919D-02  0.112206091824D-01 -0.155772748708D-01
 -0.636999103471D-02 -0.208823334454D-02 -0.102902256912D-02  0.657073495512D-03
 -0.650331511096D-03  0.319628005690D+00  0.503702449215D-02  0.601880506358D-02
 -0.114636090247D-02 -0.290228691897D-01  0.105310067535D+00 -0.643529846627D-01
  0.234946990731D-01  0.678926138859D-02 -0.437125796598D-02 -0.365010391211D-02
 -0.188129334750D-02  0.348315093248D+00  0.231557174605D-02  0.121989877877D-01
  0.973064210234D-02 -0.453218452961D-01  0.205097067856D-01  0.778223765103D-02
  0.533476965034D-02  0.262464263410D-02 -0.775451538054D-03 -0.160589374988D-02
  0.153293177963D-01  0.800746326173D-02  0.312534754117D+00 -0.776846733128D-02
 -0.185972911187D-01 -0.120317592035D-01  0.600600622554D-01 -0.273212061046D-01
  0.838994410428D-02 -0.887637115636D-02 -0.330803201806D-02  0.157669720883D-02
  0.234670967326D-02 -0.121986333262D-01 -0.120466095271D-01  0.512459246190D-02
  0.344497632059D+00  0.194388382788D-03 -0.727683694002D-02 -0.114049773494D-01
 -0.198825405541D-01  0.108505516922D+00 -0.417752229045D-01  0.194396651858D-01
  0.550180815072D-02 -0.360332152392D-02 -0.448584245784D-02 -0.187493184781D-01
  0.218808037990D-01  0.288747469455D-01 -0.350868371502D-01  0.330304188549D+00
  0.452511955171D-02 -0.582873608282D-03 -0.454459166111D-02  0.205164916151D-01
 -0.190956233221D-01  0.402475482620D-02 -0.220023371341D-02 -0.151747596205D-02
  0.293431112650D-03  0.115106936175D-02 -0.121350585956D-01 -0.269868257570D-02
  0.823144298081D-02 -0.561298698643D-02 -0.171227349752D-01  0.340515528652D+00
 -0.112138604999D-01 -0.618623397266D-02 -0.392924008847D-02 -0.249025212886D+00
  0.222206306084D+00 -0.368563307184D-01  0.411700531956D-01  0.257461031155D-01
  0.179303007386D-02 -0.339792162055D-01 -0.282371029527D-01  0.680546431748D-01
  0.930204633763D-01 -0.119751331703D+00  0.264444055550D-01 -0.436901938610D-01
  0.974972349739D+00  0.130536217980D-01  0.102276771678D-01 -0.821854175220D-02
 -0.822970472853D-01  0.372722818900D+00 -0.306932664462D+00  0.635897278169D-01
  0.236112464739D-01 -0.150200621125D-01 -0.145811018828D-01 -0.312802529137D-01
  0.116936212764D+00  0.484054573027D-01 -0.642906308357D-01  0.893432351798D-01
 -0.312014066919D-01  0.195903016648D+00  0.892204509763D+00  0.438431834378D-02
 -0.129401766308D-02  0.176468280137D-02  0.311489265044D-01 -0.166060086044D-01
  0.680421257437D-01  0.117783362688D-02  0.574304289937D-03  0.151678623408D-02
 -0.168275098203D-02  0.792819314470D-02 -0.244870690547D-01 -0.100324660938D-01
  0.219567813887D-01 -0.823593769480D-02  0.228933974063D-01 -0.222507094656D-01
 -0.672356725233D-01  0.181000129056D+00  0.738637982401D-02  0.178038979210D-01
  0.306670361664D-02  0.122905514463D-01 -0.308462661400D-01  0.461873059729D-01
 -0.104064856204D-01 -0.150783640761D-02  0.167959693852D-02  0.176477749642D-02
 -0.247033610789D-02 -0.646402884067D-02 -0.524855777493D-02  0.127302274621D-01
  0.666359915227D-03 -0.178207074557D-02 -0.237323992105D-01 -0.165987878944D-01
 -0.131879936504D-01  0.507522816484D+00 -0.235998725814D-01 -0.259051074231D-01
  0.170933105802D-01 -0.495447473723D-01 -0.647646813565D-01 -0.281202304121D-01
 -0.366744677138D-01 -0.740013838378D-02  0.325299078583D-02  0.337077238488D-02
 -0.694898948710D-02  0.144172697015D-01 -0.733553832705D-02  0.768048730061D-02
  0.338905896306D-01 -0.197069913353D-01 -0.497380787752D-02 -0.274283994444D-02
 -0.118869773044D+00  0.399742916421D-01  0.279339787536D+00 -0.184172891070D-01
 -0.184965726942D-01 -0.852770627231D-02 -0.435591860561D-01 -0.222311187862D-02
  0.262849562469D-02 -0.728061324305D-02 -0.170427404190D-02  0.990818422216D-03
 -0.550376971387D-03 -0.134608477393D-01  0.142966447142D-01  0.746271532967D-02
 -0.605091314158D-02  0.115276018401D-01 -0.224196699842D-01  0.232883034259D-01
  0.229361586332D-01  0.603906504489D-01  0.228223281463D-01  0.115783650893D-02
  0.432803332592D+00  0.100350658372D-01  0.148788232156D-01  0.115819678956D-02
 -0.199370029239D-01  0.335824250086D-01 -0.131127927362D-01 -0.217647991996D-02
  0.209685716629D-02 -0.107365419866D-02 -0.196959465372D-02  0.189838152880D-01
  0.138036718251D-01 -0.146246595206D-01  0.611341951003D-02  0.369504879484D-01
  0.140658752426D-01  0.490150894015D-01  0.710396547999D-01 -0.366958008938D-01
  0.226739370884D-01  0.236390129572D-01  0.373034385539D-01  0.858145265935D+00
 -0.641380198897D-02 -0.118005143811D-01  0.209993224401D-01  0.412521255759D-01
 -0.895007043147D-02  0.647890589986D-01  0.218236221694D-02 -0.577193241805D-03
  0.464835383941D-03  0.732835806890D-03  0.183295114448D-01 -0.204853648335D-01
 -0.124360045811D-01  0.766598609011D-02 -0.231596246105D-01  0.241421830817D-01
 -0.505717395534D-01 -0.457819739777D-01 -0.902746387982D-02  0.479229585003D-01
  0.268906658882D-01  0.170153158441D-01 -0.367708892900D-01  0.856115990898D+00
  0.254389215914D-01  0.270311923890D-01 -0.192868716387D-02  0.310709023043D-01
  0.264050783049D-01  0.138333370193D-01  0.176814796454D-01  0.185496921837D-02
 -0.437442042404D-02  0.177452930280D-02 -0.510052686458D-02  0.103971015721D-01
 -0.131406989396D-01  0.264918761381D-01  0.243661005933D-01 -0.457210739847D-03
 -0.431002336751D-01  0.218513552927D-01  0.155268186004D-01 -0.927166181548D-02
 -0.246439271417D-01 -0.131411906788D+00 -0.171363934181D-01  0.514317468081D-01
  0.140293508827D+00  0.773091666444D-02  0.110116524260D-01  0.537229027713D-02
 -0.105594394535D-01  0.238565070949D-01 -0.697352761035D-02  0.568203573410D-02
  0.442818082709D-02  0.105480716809D-02 -0.465145873936D-02  0.303386919159D-02
  0.514905239198D-02  0.477970950996D-02 -0.744461942695D-02  0.340765366207D-03
  0.553693748549D-02  0.596781101852D-01  0.204120609641D-01 -0.103901789683D-02
  0.145210308268D-01 -0.101711197126D-02  0.103089756345D-01 -0.205740517136D-01
 -0.296397898000D-01  0.137854806842D-01  0.301260315577D+00  0.717568914745D-02
 -0.835767594978D-04 -0.984978826811D-02  0.190860458370D+00 -0.115352683266D+00
  0.248851970609D-01 -0.213977780293D-01 -0.137298224932D-01  0.291845082268D-03
  0.205650829509D-01  0.249705012759D-01 -0.568113006488D-01 -0.677153681574D-01
  0.875663524416D-01 -0.316111777014D-01  0.400389347012D-01 -0.367060459136D+00
 -0.155131396940D+00 -0.375052076172D-01 -0.548846974623D-03  0.689882195310D-02
 -0.222498165980D-01 -0.499979020145D-01  0.168441877441D-01 -0.214208537647D-01
 -0.267533285498D-01  0.409481849379D+00  0.174036837075D-01  0.164367955792D-01
  0.380884302752D-01  0.135927855079D+00 -0.319831579679D-01  0.820431894620D-01
  0.234863392983D-01 -0.257578589594D-03 -0.304844301651D-02  0.728424810362D-02
  0.199052902988D-01 -0.362974554241D-01 -0.279029101520D-01  0.332660185162D-01
 -0.441602750981D-01  0.368366641930D-01 -0.159379545354D+00 -0.112622902587D+00
  0.304882700619D-01 -0.151643375844D-01 -0.685960454305D-01 -0.236320913084D-01
 -0.729372303651D-01  0.430628728296D-01  0.528699186249D-01 -0.165980185671D-02
  0.154733282855D+00  0.340307184101D+00  0.839123590158D-02  0.221068813437D-02
  0.871901728413D-02 -0.141426504214D+00  0.122775859185D+00 -0.756071786216D-01
  0.236009504464D-01  0.114141235612D-01 -0.217917520367D-02 -0.174064208620D-01
 -0.399174291066D-01  0.365338502116D-01  0.719298558314D-01 -0.752185764775D-01
 -0.237385408243D-02 -0.378792997432D-01  0.258319333417D+00  0.115847322811D+00
 -0.461948919733D-01 -0.938443292576D-02  0.241529505923D-01  0.218365406110D-01
  0.687128666421D-01 -0.144812627944D-01 -0.275932623461D-01  0.179806470886D-01
 -0.181966371744D+00 -0.102913496460D+00  0.258853002956D+00  0.198937586981D-01
  0.311123453221D-01  0.313252054946D-01 -0.167006878136D+00  0.396900306531D+00
 -0.375516092394D+00  0.662383994826D-01  0.296268832900D-01 -0.183095341211D-01
 -0.193267347752D-01 -0.866271672558D-02  0.151959355985D+00  0.435521588135D-01
 -0.777639816887D-01  0.150428119791D+00 -0.238180560179D-01  0.380829614532D+00
  0.586101283557D+00 -0.359030684703D-01 -0.211384887941D-01 -0.199228992224D-01
  0.115415324645D-01  0.498235396868D-01 -0.715384197975D-01 -0.134973531396D-01
  0.319911125811D-01 -0.292912957913D+00 -0.166899705032D+00  0.288688424743D+00
  0.105377135159D+01
$end
