$optinfo internal
 gdiistep   on
 trostep    off
 calchess   off
 iteration  30
 ndiis       2
 itrvec      0
 tradius    7.208927044646E-02
 actrad     2.674074899310E-02
 energyo   -1.403564457891E+03
 predengy  -4.566351540445E-05
 trnvec
  0.000000000000D+00  0.000000000000D+00  0.000000000000D+00
  0.000000000000D+00  0.000000000000D+00  0.000000000000D+00
  0.000000000000D+00  0.000000000000D+00  0.000000000000D+00
  0.000000000000D+00  0.000000000000D+00  0.000000000000D+00
  0.000000000000D+00  0.000000000000D+00  0.000000000000D+00
  0.000000000000D+00  0.000000000000D+00  0.000000000000D+00
  0.000000000000D+00  0.000000000000D+00  0.000000000000D+00
  0.000000000000D+00  0.000000000000D+00  0.000000000000D+00
  0.000000000000D+00  0.000000000000D+00  0.000000000000D+00
  0.000000000000D+00  0.000000000000D+00  0.000000000000D+00
 displ
 -0.552896893271D-01 -0.678178704885D-01  0.545082097892D-01
 -0.335493258278D-01  0.186383766568D-01 -0.287710205096D-01
 -0.258715461197D-02 -0.510935723992D-03  0.163605229035D-03
 -0.894622482366D-05 -0.227480862098D-03 -0.258905826647D-03
  0.319075888194D-03 -0.284119448415D-03  0.263675213483D-03
 -0.410880616731D-03  0.217541023339D-02 -0.430641321184D-02
 -0.383271893884D-01  0.526659099972D-01 -0.576615137146D-01
  0.122610922136D-02  0.529202406106D-02 -0.451319977584D-02
  0.820373606980D-02 -0.106319485123D-01 -0.223408161210D-02
 -0.402404826508D-01 -0.853403904734D-02  0.680211250143D-02
 dxyz
 -0.715970325594D-02 -0.817661602802D-02 -0.172980119905D-01
  0.244003534832D-02 -0.481319663985D-02 -0.222021582518D-01
  0.300933753284D-01 -0.634744723556D-02 -0.201548714546D-01
  0.408816116977D-01  0.619860242317D-02 -0.670778135063D-02
 -0.420170412920D-01  0.302901585881D-02 -0.302795997930D-01
  0.568638433085D-02  0.753514758590D-02 -0.165509296951D-01
 -0.199682845945D-01  0.632633730888D-01  0.823168363317D-01
  0.124622242636D+00 -0.374627106395D-01  0.116731273832D+00
 -0.197695261231D-01 -0.135232850274D-01 -0.129111086871D-01
 -0.234620576329D-02  0.166085675770D-03 -0.757674821051D-02
 -0.422804319150D-02 -0.132856016849D-01 -0.274636591279D-01
 -0.108234845121D+00  0.341663262274D-02 -0.379032416027D-01
 grado
  0.305975041772D-02  0.372389367802D-02 -0.262876871450D-02
  0.161298264445D-02 -0.131904398278D-02  0.184283398583D-02
  0.511855266483D-04  0.292126971179D-05  0.703783111650D-05
 -0.552976503762D-05 -0.111670338429D-04 -0.577286308659D-04
  0.437129794620D-06  0.305179973818D-04 -0.473247142065D-04
  0.243230095838D-04 -0.645629576203D-04 -0.197314929368D-03
  0.196837573362D-02 -0.305149825163D-02  0.308261325895D-02
 -0.303239632247D-05 -0.443535209508D-03  0.332750863020D-03
 -0.678876093346D-03  0.520265101105D-03  0.864592373790D-04
  0.186904798115D-02  0.283910953943D-03 -0.731497833111D-03
$end
