$vibrational normal modes
 1  1   0.0537268475   0.0841110276  -0.1057516956   0.2419652449   0.2769603003
 1  2   0.1770952256  -0.0862671480   0.2281877994  -0.2737857712  -0.2096900502
 1  3   0.0927486138   0.0133506360   0.1014411481   0.0033712961  -0.0200485943
 1  4   0.0320604956  -0.0166664112  -0.0324576196   0.1490424325  -0.0081978967
 1  5   0.1640943901   0.0095870265   0.1461865371  -0.0197738068   0.0562051323
 1  6   0.0987054659   0.0982907835  -0.0812776451   0.0653726791   0.0003357820
 1  7   0.0394054180  -0.0419616545  -0.0430485348  -0.0106818360  -0.0606044996
 1  8   0.0676155436
 2  1   0.2653695487  -0.1914866072   0.0623762475   0.2184207454   0.1310617037
 2  2  -0.0339152833  -0.0002929029   0.1765073380  -0.0590081690   0.0502529919
 2  3  -0.1465174688   0.0100503973  -0.0193328755   0.0099688038  -0.0214986115
 2  4   0.0087429042   0.0097520590   0.0378521547   0.0456903573   0.0079496524
 2  5  -0.1698243324  -0.0276063654  -0.3920675092   0.0223243030   0.0075242083
 2  6   0.0304966215   0.0583566742  -0.0680000928   0.0233302928  -0.0067438152
 2  7  -0.1318057779  -0.0068305542  -0.0133476009   0.0406112081  -0.0187788137
 2  8   0.0183862295
 3  1   0.1454622902   0.3355407108  -0.0091110785   0.1286084960   0.0714585339
 3  2   0.0776827713  -0.1863765614  -0.2644313543  -0.1440962232   0.2927396126
 3  3  -0.0266175382   0.0202099210  -0.0575834733   0.0290833531  -0.0441052070
 3  4   0.0301163514   0.0062829332  -0.0044047362   0.1642914446   0.0033893289
 3  5  -0.1018831098  -0.0005993901  -0.0223730509   0.0115929412  -0.0501414038
 3  6   0.1102178940  -0.1027924859   0.0985912123   0.0606692411   0.0019267360
 3  7   0.0013679124   0.0419725321  -0.0455861060  -0.0016727810  -0.0693523779
 3  8  -0.0640858239
 4  1  -0.0660335362   0.0849778301   0.1438327355   0.0195585392   0.2552464507
 4  2   0.2022095025  -0.1201843551   0.0022155601   0.0530645972  -0.0597935664
 4  3   0.3221091601  -0.0222082776  -0.0672475656   0.0109755095   0.0304960746
 4  4  -0.0073553232  -0.0082714926  -0.0341203521  -0.0658499158   0.0082029679
 4  5  -0.0222162222   0.1610383173  -0.0611246278  -0.0132790339   0.0126872820
 4  6   0.0000618979   0.0311197115   0.1471928741  -0.2661713109   0.0040325531
 4  7  -0.0038329209  -0.0043873683  -0.0027417800   0.0000377176  -0.0004928911
 4  8   0.0002829158
 5  1   0.2282836596  -0.1910959902   0.1394981825   0.1497019791   0.1242591355
 5  2  -0.0260988163  -0.0103750734   0.1051486341   0.0416331660   0.0939622484
 5  3  -0.0478857990  -0.0017071759  -0.0724208389   0.0122358189  -0.0028166938
 5  4  -0.0034569194   0.0135635043   0.0186905284  -0.0205768389   0.0089947618
 5  5  -0.1307923534   0.0594979728   0.2047353338  -0.0021132260  -0.0206036010
 5  6   0.0003965524  -0.0632974500   0.0270327245  -0.0782886384  -0.0005765823
 5  7   0.0011251624  -0.0034125881  -0.0008842309  -0.0001888501  -0.0001440414
 5  8   0.0004090911
 6  1   0.1781022468   0.1559338180   0.1668761647  -0.0358686080   0.1926003830
 6  2   0.0130125205  -0.1460081983  -0.0021616420   0.0770327053  -0.0026266043
 6  3  -0.2862579142  -0.0017313046   0.0716660796   0.0036705494   0.0210482337
 6  4  -0.0000263407   0.0046941756   0.0398913792  -0.0739892875   0.0043254082
 6  5   0.0572062050  -0.1623852067  -0.0015796026   0.0146309089  -0.0076213515
 6  6   0.0010806624  -0.0124042164  -0.1596242724  -0.2652882205  -0.0041731242
 6  7   0.0031259620   0.0050278190  -0.0027813332   0.0000185664  -0.0005537250
 6  8  -0.0003550987
 7  1  -0.1742867856   0.0180958578   0.1117391581  -0.0040933014   0.1485379805
 7  2   0.0368911136   0.0425883831   0.0024660809   0.0707464908  -0.0747863829
 7  3   0.1979650118  -0.1617997281  -0.0525820159  -0.0268267774  -0.0256293405
 7  4  -0.1672390770   0.0581453647  -0.0905388941   0.1314820450  -0.0229907712
 7  5  -0.1326618481  -0.4517437960   0.0300342545  -0.0501407063   0.0050649775
 7  6   0.0049258321   0.0058674831  -0.0041012366   0.0610817356  -0.0051118514
 7  7   0.0008398338   0.0016577058   0.0005647344   0.0001224864   0.0002127312
 7  8  -0.0000967525
 8  1   0.1829136060  -0.0580965116  -0.0547082099   0.3131393375  -0.0096081594
 8  2  -0.0252693713   0.0106124984  -0.1018589928  -0.1306400061   0.2685316006
 8  3   0.1357439566  -0.0637038618  -0.0991432934  -0.0057524559  -0.0125481512
 8  4  -0.0862810863   0.0136650480  -0.0515887058  -0.2247350879  -0.0146065038
 8  5   0.2157263825  -0.1346967497  -0.0088871335  -0.0217238676   0.0180335662
 8  6  -0.0358305281   0.0620321834   0.0335356672   0.0961333492   0.0003255018
 8  7  -0.0005359502   0.0022583065  -0.0002707982   0.0000860739  -0.0000566290
 8  8  -0.0001029199
 9  1   0.1979151730   0.1298391160   0.2157816413  -0.0728083406   0.2333528019
 9  2   0.0265775440  -0.1670249178   0.0446135754   0.1153132616  -0.0393585948
 9  3  -0.3278923681   0.0326159118   0.0798318419   0.0085316330   0.0176096113
 9  4   0.0448755932  -0.0042058590   0.0661306458  -0.0371586808   0.0071644641
 9  5  -0.0266368232  -0.1162311468   0.0442348229  -0.0484675487   0.0567577641
 9  6  -0.0522714759   0.1074365981   0.2791860920   0.4072145248   0.0084178375
 9  7  -0.0061673428  -0.0012096254  -0.0000916607   0.0001877424   0.0004707158
 9  8   0.0001945317
10  1  -0.1889036723  -0.0097029871   0.0359293794   0.0419136922   0.1099763647
10  2  -0.0375812412   0.0675787102  -0.0122618717   0.0030240240   0.0286276770
10  3  -0.0577605293   0.0062074281   0.0042165326  -0.0253271714  -0.0573793583
10  4   0.0108482035  -0.0408568246   0.0799239894  -0.0033958602  -0.0256606949
10  5   0.0030852969   0.0024425448   0.0009309569   0.0042492361  -0.0126577971
10  6  -0.0000246225   0.0007747068  -0.0005803242  -0.0015683362  -0.0023877668
10  7   0.0000677270   0.0000439506   0.0000152125   0.0000053829  -0.0000044826
10  8  -0.0000048360
11  1  -0.0076955969  -0.0019536923   0.2237978202   0.0610541512  -0.0958564132
11  2   0.0113372273   0.0074152073  -0.0396828589  -0.0195559329  -0.0627326784
11  3  -0.0177430856   0.0027485547  -0.0096943809  -0.0055463210  -0.0118975406
11  4   0.0038243780  -0.0002252431   0.0036000289  -0.0011071594  -0.0063272020
11  5  -0.0016580650   0.0009729817  -0.0008809408  -0.0075057376   0.0836572281
11  6  -0.0000418067  -0.0055312977  -0.0004254125  -0.0006604651  -0.0000787457
11  7  -0.0004359495  -0.0001951872   0.0000080610  -0.0000265664  -0.0000019612
11  8  -0.0000224741
12  1   0.0496904426   0.0455557590   0.0451263562  -0.0084522137   0.0389646069
12  2  -0.2529315939   0.0704229740   0.0109709487  -0.0066865320  -0.0087828863
12  3   0.0606950809   0.0064286696  -0.0123276475  -0.0200280219  -0.0377450608
12  4   0.0155662216   0.0555638455  -0.0841686079  -0.0058521703  -0.0168541131
12  5  -0.0027474891  -0.0020268745  -0.0006743303  -0.0027943366  -0.0098959416
12  6  -0.0000416874   0.0006918035   0.0004994212  -0.0020774621   0.0030289169
12  7   0.0000480916   0.0000098433   0.0000127286   0.0000013759  -0.0000048118
12  8   0.0000095151
13  1  -0.2533063421  -0.0713201243  -0.0662909172   0.0850628767   0.0184024202
13  2  -0.1965841902  -0.2812050999  -0.0328842882   0.0239865222  -0.0256978681
13  3  -0.0708420392   0.0082268867   0.0099941679   0.0361179549  -0.0619927739
13  4  -0.0064320304   0.4196937279  -0.0225511324   0.0034367583   0.5760418980
13  5   0.0136898436   0.0103375650  -0.0007443176  -0.0252427111  -0.0009674989
13  6  -0.0002337907  -0.0010291901  -0.0042679806   0.0025749689   0.5547842693
13  7  -0.0023345509  -0.0004368830   0.0000044249  -0.0000453783   0.0000019183
13  8  -0.0000052628
14  1  -0.1894817667   0.1211204090   0.3380158237  -0.0495033026  -0.2439820940
14  2   0.0416673935  -0.0825927761   0.2430958240  -0.0474579221   0.2588064901
14  3   0.0815585481  -0.0588000982   0.1498836555  -0.2619748141   0.4350631917
14  4   0.0586059291  -0.0278181584  -0.0014893683   0.0048572151   0.0529470537
14  5  -0.0032400397  -0.0007711748   0.0001759421  -0.0046616058  -0.0081159829
14  6  -0.0000198111   0.0001845323  -0.0012420712   0.0009068911   0.1259623824
14  7  -0.0004781334  -0.0000739939   0.0000112075  -0.0000044404   0.0000015844
14  8   0.0000012705
15  1  -0.0651380515  -0.0247933889  -0.0835479193   0.0375694438  -0.1096278724
15  2  -0.4726851014  -0.4618257991   0.0233039067   0.0191532918  -0.0432472614
15  3   0.0613103372  -0.0014808860  -0.0643772654   0.0504881046  -0.0306794970
15  4  -0.0248237021  -0.5400089391   0.0447188005   0.0012194708  -0.3999397281
15  5  -0.0121308765  -0.0135951478   0.0013409533  -0.0267201813  -0.0027926549
15  6   0.0002345746  -0.0012108349  -0.0052340395  -0.0013498363   0.4156531769
15  7  -0.0016679788  -0.0002840356   0.0000067363  -0.0000151571   0.0000000794
15  8  -0.0000023587
16  1  -0.0389299036   0.0986302028   0.1400886043   0.0335886867   0.2779827872
16  2   0.2350061837  -0.1525733729   0.0163656493   0.0357692717  -0.0621323367
16  3   0.3270838491   0.0147068628  -0.0712362764   0.0178974261   0.0316056244
16  4   0.0360347194  -0.0087706792  -0.0182762201  -0.1121564613   0.0126517754
16  5  -0.0487943488   0.0857656346  -0.0362406784   0.0422268900  -0.0557392708
16  6  -0.0573866337  -0.1161854914  -0.2456671782   0.4567340827  -0.0075754082
16  7   0.0062264170   0.0008166031  -0.0002192288  -0.0001885728   0.0004035350
16  8  -0.0001850632
17  1   0.1362498485  -0.2175413696   0.3905805500  -0.0720348852   0.1333491500
17  2  -0.0048945563  -0.0511746557  -0.0600419916   0.2985109252   0.1630402885
17  3   0.1791394684   0.0128842027  -0.1162911887   0.0228585570   0.0086341119
17  4   0.0409489667  -0.0185534383  -0.0442693423   0.2308881284  -0.0063192692
17  5   0.2406815762   0.0337480947  -0.0292931746   0.0072346456  -0.0017036350
17  6   0.0188647670   0.0245717071  -0.0463517588   0.0543870373  -0.0003537422
17  7   0.0011079953   0.0019892857   0.0004610802  -0.0000062030   0.0002395532
17  8  -0.0001296308
18  1   0.0885700248   0.1014024039   0.0663247694   0.0002574383   0.0766157177
18  2  -0.1581262642   0.0250375441   0.0179013949   0.0226186109  -0.0317541861
18  3  -0.3466583003  -0.1543648900   0.0883640206  -0.0406185801  -0.0368882013
18  4  -0.1781506218   0.0353371173  -0.0351805293   0.0556500927  -0.0454893197
18  5   0.0644888072   0.4700290024  -0.0288280345   0.0568282067  -0.0116749076
18  6  -0.0082446975  -0.0290864186  -0.0136520553   0.1136952721   0.0030733807
18  7  -0.0003024555  -0.0022047353   0.0003574820  -0.0001530354   0.0002141425
18  8   0.0001079985
19  1  -0.2965344338   0.0010039152   0.2980446068  -0.1839930781   0.1032382833
19  2   0.0125756628   0.0821467027   0.1139610178  -0.1910454995   0.1278616724
19  3  -0.1978094312   0.0462911612  -0.2727576594   0.2796191911   0.1957663459
19  4  -0.0587446540  -0.0974769136  -0.4456464595  -0.0145870300   0.0370703598
19  5   0.0154816188  -0.0069300199  -0.0020968697   0.0938115377   0.1059017841
19  6  -0.0000802734  -0.0034859879   0.0034094973   0.0041386693   0.0109303799
19  7  -0.0002252681  -0.0000624498   0.0000444471  -0.0000190166   0.0000103478
19  8   0.0000089245
20  1  -0.0197441195  -0.0212147763   0.2910691775   0.0025183629  -0.0796991088
20  2   0.0151543034   0.0003184584  -0.0315364167  -0.0773970937  -0.0473678104
20  3  -0.0419177767   0.0096433532   0.0068236346   0.0628541119   0.0570414525
20  4  -0.0164216866  -0.0017176444   0.0089599512  -0.0024607336   0.0056914541
20  5  -0.0003404326   0.0332868918  -0.0031459131  -0.6290243702  -0.6645112575
20  6   0.0005910733   0.0280673955  -0.0159478720   0.0028397928  -0.0377024080
20  7   0.0017951212   0.0007242212   0.0000149971   0.0000978825   0.0000040073
20  8   0.0000548806
21  1   0.0964317485  -0.1230650016   0.2352760120  -0.1768007836   0.1774263582
21  2  -0.2891204321   0.0149993503  -0.0830046783  -0.1929384677   0.0456719215
21  3   0.2474692655   0.0093892220   0.4797323806   0.1548795326   0.2242833394
21  4  -0.0589135660   0.0634410934   0.4953270972  -0.0010238566   0.0065996419
21  5  -0.0133029869  -0.0027171459   0.0027544650   0.0798431298   0.0833589332
21  6   0.0000231872  -0.0043016247   0.0016989964   0.0055022220  -0.0011626706
21  7  -0.0003037181  -0.0001412420   0.0000480247  -0.0000097013   0.0000121594
21  8  -0.0000228869
22  1  -0.0780008368  -0.0186040375  -0.2260373679   0.2691009008   0.1196621977
22  2  -0.0833406545   0.1558319820  -0.1369070859   0.1805670330  -0.0598582445
22  3  -0.0506495082   0.0293180918   0.3775168786   0.0435237199   0.5284845363
22  4   0.0067064038  -0.1757487841  -0.4395145730   0.0121975041   0.0321534037
22  5  -0.0291360372   0.0107052451  -0.0015359143  -0.1151767589   0.0716914424
22  6  -0.0000210272  -0.0086682975  -0.0037235035   0.0045586327   0.0011236104
22  7  -0.0014622410  -0.0007499993  -0.0005446525  -0.0000126899   0.0000201439
22  8   0.0000529852
23  1   0.0035774191   0.0137264498   0.1659541797   0.1114496885  -0.1087558005
23  2   0.0079201210   0.0329186820  -0.0479535071   0.0179692529  -0.0922947230
23  3  -0.0041095147   0.0072564283  -0.0041481554   0.0226084279   0.1232251044
23  4  -0.0022124862  -0.0166064534  -0.0140699288   0.0051467268   0.0087145165
23  5  -0.0116475588  -0.0346846761   0.0204776969   0.7405748418  -0.5428311280
23  6  -0.0000953960   0.0494699501   0.0235073649   0.0017287413   0.0365104584
23  7   0.0036473536   0.0016756973  -0.0002670316   0.0003320661   0.0000166924
23  8   0.0003433415
24  1   0.0005942161   0.2140197412  -0.1485603355   0.1618155456  -0.1030528466
24  2  -0.2204304225   0.1913697342   0.0930034711   0.1452048888  -0.0495900851
24  3   0.0151486670   0.0203708897  -0.4069816995   0.1271055501   0.4222715059
24  4  -0.0308248208   0.1144962735   0.5453601860   0.0326361987   0.0154694187
24  5   0.0306108174   0.0014469067  -0.0037750869  -0.0752440085   0.0609711365
24  6  -0.0000658402  -0.0037353594  -0.0020582177   0.0060239584  -0.0105016060
24  7   0.0004518446   0.0002832838  -0.0006251071  -0.0000685258   0.0000205781
24  8  -0.0001262250
25  1   0.1380068789   0.1293378602  -0.1068292641   0.2783202705   0.3512301410
25  2   0.2867864388  -0.2006312317   0.2505081352  -0.3757399999  -0.1895861886
25  3   0.1994975013   0.5546587002   0.0652382335  -0.4623861065   0.0221729492
25  4  -0.4639888984   0.0156436304  -0.0955509632   0.4154431405  -0.0235121246
25  5   0.2368041958  -0.0523975553   0.0800466793  -0.0059036206  -0.0364046188
25  6  -0.3101406884  -0.1056983600   0.1060169436  -0.2317564112  -0.0010605217
25  7  -0.1785139223   0.6521303181   0.2528979415  -0.0754761707   0.0761651032
25  8   0.0598474834
26  1   0.2930032688  -0.2815667272   0.2004193715   0.1019288353   0.2211927208
26  2  -0.0338225354  -0.0179127465   0.2967808709   0.1158205180  -0.1115801460
26  3  -0.2405226587   0.1387836445   0.0426532877  -0.1464536528   0.0612460333
26  4  -0.1648114634   0.0113578737   0.0506003521  -0.2949204007   0.0035411020
26  5   0.0953192671  -0.3046305176  -0.6071697266   0.0401468915  -0.1617179625
26  6   0.5954798635  -0.3711288479   0.4067189006   0.3507203197   0.0341989497
26  7   0.4927387402   0.0005837162   0.3508303600  -0.1999667660   0.2574905792
26  8   0.1490694118
27  1   0.1237478066   0.3653909866  -0.0635841220   0.1700424911   0.0263003025
27  2   0.0636127219  -0.1647513473  -0.3147387656  -0.2001793581   0.3541903464
27  3  -0.0039789336  -0.1007855026  -0.0773959981   0.1515803252  -0.0824510059
27  4   0.1635980496   0.0012968084  -0.0003633528   0.2649883416   0.0073013346
27  5  -0.2183270652   0.1160260694   0.0693852039   0.0020550057   0.0320067633
27  6  -0.0705193299   0.1018640667  -0.1217946185  -0.0500443612  -0.0140759162
27  7  -0.2015430760  -0.0617494749  -0.2101493179  -0.5301695929   0.6574734783
27  8   0.3701898565
28  1   0.0491353342   0.0514395084  -0.2207353854   0.3191738234   0.2340389669
28  2   0.0871826123   0.0106020325   0.3128805231  -0.3695806600  -0.2955834676
28  3  -0.0817285619  -0.3332259207   0.2329162324   0.3215034291  -0.0752392340
28  4   0.3998889333  -0.0547976017  -0.0030010487   0.2456063507  -0.0159906749
28  5   0.4042233928  -0.2496283022  -0.0195614874   0.0283887112  -0.1556964339
28  6  -0.1605620762  -0.2883206862   0.2286622591  -0.1549310486  -0.0159791828
28  7  -0.3039634207  -0.2048547917   0.4815036402  -0.3460322812  -0.0202846863
28  8  -0.4641145184
29  1   0.1955162358  -0.1268776169   0.0685605604   0.2082791813   0.0577379717
29  2  -0.0234017232  -0.0021245272  -0.0049667488  -0.0281720222   0.2267130671
29  3   0.0043603992  -0.1036327978  -0.1435228771   0.1267727679  -0.0464569513
29  4   0.1138904289   0.0159044442   0.0310786127   0.0743018615   0.0275056819
29  5  -0.5941071117   0.4310678965  -0.0992196156  -0.0556882389   0.3610338850
29  6  -0.0529013830   0.7247193088  -0.6135588431  -0.0070315878   0.0211261126
29  7   0.4880249530   0.2677409698   0.1583502536  -0.2727641495  -0.0101730137
29  8  -0.3908797883
30  1   0.0907394134   0.3534843755  -0.1063807263   0.1895791891  -0.0197011219
30  2   0.0057394388  -0.1019095248  -0.3204184518  -0.2064420033   0.3455291587
30  3  -0.0712169405  -0.3689115150  -0.0338947443   0.3955067575  -0.1116236512
30  4   0.4316874753  -0.0217658693   0.0199672716   0.2704650943   0.0108389951
30  5  -0.2022574879   0.1081079696   0.0454756123  -0.0094148881   0.0345128309
30  6  -0.1796873918   0.0540097790  -0.0484288191  -0.1544000405   0.0072073818
30  7   0.1368981424   0.0850623861   0.5424928154   0.3882297874  -0.0060248931
30  8   0.5279907349
31  1   0.0392908092   0.0706530835  -0.1273175963   0.2507100065   0.2568889454
31  2   0.1424371095  -0.0498234308   0.2390112131  -0.2756820737  -0.2296415973
31  3   0.0417235107  -0.1420756327   0.1365137809   0.1397673509  -0.0379000960
31  4   0.1837696880  -0.0305305017  -0.0195207121   0.1173384650  -0.0078787660
31  5   0.2139632025  -0.0355006587   0.1069262483  -0.0142508718   0.0115642167
31  6   0.1346217090  -0.0102241451   0.0303818400   0.0737851022   0.0047981335
31  7   0.0368078320   0.1566033030  -0.1347348057   0.5482187211   0.6727215491
31  8  -0.4057843609
32  1   0.3268818293  -0.1653782446  -0.1238012747   0.3823725085   0.1169970317
32  2  -0.0486432298   0.0226298214   0.2632486289  -0.3250019492   0.0086291314
32  3  -0.2609622944   0.0086739865   0.1080119342   0.0428714575  -0.0854172227
32  4   0.0843361891  -0.0113273729   0.0104109220   0.4598386148  -0.0129376361
32  5   0.0856874114  -0.2970600179  -0.5993165316   0.0351505140  -0.1613871296
32  6  -0.6471276588  -0.3553928755   0.3390582267  -0.4470643775   0.0351764385
32  7   0.5601556839  -0.1384639653  -0.3228954507  -0.0071024609  -0.0217494603
32  8   0.0123126839
33  1   0.2033679707   0.3859250757   0.0453638688   0.1167086797   0.1404972032
33  2   0.1979959343  -0.3119188216  -0.2929821948  -0.1677128269   0.3580203419
33  3   0.1418824794   0.5642881216  -0.1658496276  -0.4437075918   0.0115759815
33  4  -0.4906007560   0.0522578931  -0.0550633696   0.3235677594  -0.0000621484
33  5  -0.2402730114   0.1302212072   0.0978102859  -0.0038788234   0.0752362466
33  6  -0.1260945479   0.2012840340  -0.2236064895  -0.0910059667  -0.0092038256
33  7   0.0349438711  -0.6345713870   0.3017233533   0.1612922464   0.1822391697
33  8  -0.1279158143
34  1  -0.3146985485  -0.1075945949  -0.0781872977   0.0673098955  -0.0399833253
34  2  -0.2857391792  -0.5273071474  -0.0076266719  -0.0013119036  -0.0072526257
34  3  -0.0751717184   0.0007719105  -0.0221770739   0.0004611853   0.1415675707
34  4   0.0120796692   0.4429735203  -0.0674468543   0.0009799544  -0.2620359981
34  5   0.0031771800   0.0070106845  -0.0010041422   0.0325028916   0.0053403915
34  6   0.0001092604   0.0013353018   0.0059810811  -0.0017881079  -0.5263360795
34  7   0.0021285860   0.0003734678  -0.0000420677   0.0000241425   0.0000005642
34  8   0.0000027870
35  1  -0.1493140838   0.1927971206   0.0974933756   0.1595843841  -0.3049184319
35  2   0.0284500800   0.0009025617   0.2080355592   0.2045731760   0.1449051341
35  3   0.1497482424   0.0451124404   0.3657084614   0.2081144936  -0.4089069179
35  4  -0.0530426433   0.0188605573  -0.0225563707  -0.0054268446   0.0221819379
35  5  -0.0009793123   0.0009375417   0.0000146632   0.0050461391  -0.0070897311
35  6   0.0000066568   0.0007828988   0.0013455536  -0.0003159193  -0.1230588645
35  7   0.0005389854   0.0001040527  -0.0000124995   0.0000085858  -0.0000006558
35  8   0.0000016507
36  1   0.0000000000   0.0000000000   0.0000000000   0.0000000000  -0.0193624200
36  2  -0.3576530152  -0.1769677361   0.0029565719  -0.0203028270  -0.0327351192
36  3   0.0408234835  -0.0194395688  -0.0768568901  -0.0393523206  -0.0349372202
36  4  -0.0119445839  -0.5084243535   0.0562870130   0.0062065685   0.6535553797
36  5   0.0011530623  -0.0053445762   0.0008270722   0.0178449753   0.0039841539
36  6  -0.0002600017   0.0001745851   0.0033553909   0.0044188087  -0.4524273850
36  7   0.0018567151   0.0003341395  -0.0000339520   0.0000376686   0.0000051547
36  8   0.0000033845
$end
