$coord
   -3.03526109557597      2.08381363393593      2.38906506191046  c
   -1.98121131814153     -1.17821089123238      2.33981113769603  s
   -2.35333119294440     -1.86627144153256     -0.45346429282966  o
    2.18972148351648     -1.30740733305543     -1.79905578687839  np
    5.79549909502606     -0.86154862001262     -3.57415602409206  o
    0.87379521500396     -0.87155276744633      2.75641357081248  o
    2.69010340676604     -4.54709967867968     -1.29678866366574  o
    1.50139940092715      1.93296535098277     -2.12395172654032  o
   -2.68902406011015      2.84439505248168      4.27260284778458  h
   -1.93522207542864      3.08192446508641      0.96074670862380  h
   -5.04784874667758      2.11655762191900      1.94780066341952  h
    3.99137988763861     -1.42756539244686     -5.41902349624063  o
$user-defined bonds
$redundant
     number_of_atoms            12
     degrees_of_freedom         30
     internal_coordinates       30
     frozen_coordinates          0
# definitions of redundant internals
   1 k  1.0000000000000 stre   4    7           val=   3.31636
   2 k  1.0000000000000 stre   4    8           val=   3.32857
   3 k  0.3753268144259 bend  12    7    4      val=   5.44175
        0.3577512422659 bend  12    8    4
        0.3755414762435 bend   5    7    4
        0.3579640265988 bend   5    8    4
       -0.3482421653943 bend   6    7    4
       -0.3316923589150 bend   6    8    4
       -0.3477876892992 bend   3    7    4
       -0.3312483702042 bend   3    8    4
   4 k -0.3576981809564 bend  12    7    4      val=   0.62445
        0.3755216129320 bend  12    8    4
       -0.3577664336168 bend   5    7    4
        0.3756103361012 bend   5    8    4
        0.3319216343303 bend   6    7    4
       -0.3482041310984 bend   6    8    4
        0.3312894808001 bend   3    7    4
       -0.3475410416242 bend   3    8    4
   5 k  0.2891673533070 bend  12    7    4      val=   0.02781
       -0.2761904609546 bend  12    8    4
       -0.2880193800625 bend   5    7    4
        0.2750725098505 bend   5    8    4
       -0.4206359502525 bend   6    7    4
        0.4027423749346 bend   6    8    4
        0.4225913021229 bend   3    7    4
       -0.4046746721126 bend   3    8    4
   6 k  0.2767451046617 bend  12    7    4      val=   0.17551
        0.2887676312817 bend  12    8    4
       -0.2754796527367 bend   5    7    4
       -0.2874137685246 bend   5    8    4
       -0.4025219748141 bend   6    7    4
       -0.4210332631584 bend   6    8    4
        0.4042378424644 bend   3    7    4
        0.4228811967752 bend   3    8    4
   7 k  0.4082482904639 tors  11    1    2    3 val=  60.26861
        0.4082482904639 tors  11    1    2    6
        0.4082482904639 tors   9    1    2    3
        0.4082482904639 tors   9    1    2    6
        0.4082482904639 tors  10    1    2    3
        0.4082482904639 tors  10    1    2    6
   8 k  1.0000000000000 stre   1   11           val=   2.06065
   9 k  1.0000000000000 stre   1    9           val=   2.06060
  10 k  1.0000000000000 stre   1   10           val=   2.06068
  11 k -0.3974529217258 bend   9   11    1      val=   2.19359
       -0.3917038460864 bend  10   11    1
       -0.3907272636239 bend  10    9    1
        0.4232137438453 bend   2   11    1
        0.4234578705138 bend   2    9    1
        0.4213134656692 bend   2   10    1
  12 k -0.7480550503103 bend   9   11    1      val=   0.56281
        0.3427049241906 bend  10   11    1
        0.4158348068320 bend  10    9    1
       -0.1729205258056 bend   2   11    1
       -0.1428251498157 bend   2    9    1
        0.3158288435262 bend   2   10    1
  13 k -0.0422878907063 bend   9   11    1      val=   0.02169
        0.6745858471033 bend  10   11    1
       -0.6326886973061 bend  10    9    1
        0.2583097014591 bend   2   11    1
       -0.2753367222249 bend   2    9    1
        0.0177895760261 bend   2   10    1
  14 k -0.3141534526452 bend   9   11    1      val=   0.85738
        0.1597359678499 bend  10   11    1
        0.1607794621403 bend  10    9    1
        0.3764944622470 bend   2   11    1
        0.3746844110420 bend   2    9    1
       -0.7535287023993 bend   2   10    1
  15 k -0.0003753531921 bend   9   11    1      val=   0.01249
        0.2673871741357 bend  10   11    1
       -0.2671062519372 bend  10    9    1
       -0.6540356852336 bend   2   11    1
        0.6552818547935 bend   2    9    1
       -0.0011052661142 bend   2   10    1
  16 k  1.0000000000000 stre   2    1           val=   3.42845
  17 k  0.7075103637276 bend   3    1    2      val= 101.53626
        0.7067029681684 bend   6    1    2
  18 k -0.7067029681684 bend   3    1    2      val=   0.05250
        0.7075103637276 bend   6    1    2
  19 k  1.0000000000000 stre   4   12           val=   4.04532
  20 k  1.0000000000000 stre  12    5           val=   2.64173
  21 k  1.0000000000000 stre   5    4           val=   4.04369
  22 k  1.0000000000000 stre   4    6           val=   4.76172
  23 k  1.0000000000000 stre   6    2           val=   2.90149
  24 k  1.0000000000000 stre   2    3           val=   2.90074
  25 k  1.0000000000000 stre   3    4           val=   4.77098
  26 k -0.5000000000000 bend   4    2    6      val=  -7.20332
        0.5000000000000 bend   6    3    2
       -0.5000000000000 bend   2    4    3
        0.5000000000000 bend   3    6    4
  27 k -0.5000000000000 tors   6    2    3    4 val=   5.41327
        0.5000000000000 tors   2    3    4    6
       -0.5000000000000 tors   3    4    6    2
        0.5000000000000 tors   4    6    2    3
  28 k  0.7071068439836 bend   6    5    4      val=  -0.64005
       -0.7071067183895 bend   3   12    4
  29 k -0.4344501013704 outp  12    6    5    4 val=  -1.27041
       -0.4318198725439 outp   5   12    3    4
       -0.5589550839764 outp  12    3    6    4
       -0.5588863222448 outp   5    3    6    4
  30 k  0.5465574587546 outp  12    6    5    4 val=  -0.03287
       -0.5490837096813 outp   5   12    3    4
        0.4467539585564 outp  12    3    6    4
       -0.4474292397201 outp   5    3    6    4
        30 non zero eigenvalues  of BmBt
           1           4.853144929    1    0
         1
           2           3.910279786    2    0
         2
           3           3.399969243    3    0
         3
           4           3.380633997    4    0
         4
           5           3.198507658    5    0
         5
           6           2.704010867    6    0
         6
           7           2.078853943    7    0
         7
           8           2.065225539    8    0
         8
           9           1.898012067    9    0
         9
          10           1.837627454   10    0
        10
          11           1.222995914   11    0
        11
          12           1.124058907   12    0
        12
          13           0.998591333   13    0
        13
          14           0.903633329   14    0
        14
          15           0.725190844   15    0
        15
          16           0.724762882   16    0
        16
          17           0.643948795   17    0
        17
          18           0.580951255   18    0
        18
          19           0.483252218   19    0
        19
          20           0.428294529   20    0
        20
          21           0.402090641   21    0
        21
          22           0.385342288   22    0
        22
          23           0.259894281   23    0
        23
          24           0.228680946   24    0
        24
          25           0.204186195   25    0
        25
          26           0.186317106   26    0
        26
          27           0.152507166   27    0
        27
          28           0.067578350   28    0
        28
          29           0.041063599   29    0
        29
          30           0.014800276   30    0
        30
$end
