$dipgrad          cartesian dipole gradients
  -.27891473639126D-01  0.52412212168369D-01  0.80123569164724D-01
  0.24876437916001D+00  -.52074996227009D+00  -.67206822153319D-01
  0.18588112327252D-01  0.12849162623347D+00  0.84446656378657D-02
  0.14458672437934D+01  -.20836712709534D+00  -.22141202220849D-01
  -.15086586529877D+00  0.89056825962012D+00  0.29708257435198D+00
  -.37005791672688D-01  0.35620579217438D+00  0.12826524493191D+01
  -.98242302769477D+00  -.77827165040156D-03  0.33685069977745D+00
  -.44874880252035D-01  -.50719296124545D+00  -.14291558717842D+00
  0.30614899735874D+00  -.46237035108956D+00  -.14594937915051D+01
  0.22655874780344D+01  -.51137817165144D+00  -.86199823557879D+00
  -.49118244028730D+00  0.34504493076807D+01  -.19642981541598D+00
  -.87236667598167D+00  -.17494158716762D+00  0.21646497659509D+01
  -.13141987359092D+01  -.65910107362106D-01  0.60949702058100D+00
  -.22847595621049D+00  -.28550611455607D+00  0.16521439018269D+00
  -.34753631324896D+00  -.48705338129514D-02  0.65336745878231D-01
  -.15755388671323D+01  0.20462037061859D+00  0.20671157040471D+00
  -.87079980837343D-01  -.39847854006003D+00  -.48845759126868D-01
  0.34596126979556D+00  -.66619625126856D-01  -.97755122656389D+00
  -.37538555007026D+00  0.25476753959123D+00  -.41684049808348D-01
  0.32542623695911D-01  -.17634491401740D+01  0.39936035471465D+00
  0.27877257763908D-01  0.18624105607273D+00  -.42366558748140D+00
  -.52207977376638D+00  0.26194705297203D+00  0.63728997001758D-01
  0.53951256099577D+00  -.16382715086777D+01  -.13603003408402D+00
  -.23531801892621D-01  0.13250276337038D+00  -.39435598291033D+00
  0.62263037372678D-01  -.80820470088957D-03  -.34391411935345D-01
  0.30793954563533D-01  0.18217859074618D-01  -.54070470408701D-01
  0.37735430820014D-02  -.86045056884335D-01  -.87967585621787D-01
  0.82213163677969D-01  -.35328665510278D-01  -.63225963608028D-02
  0.17597484551643D-01  0.12889859964200D-02  0.17049797541343D-02
  -.23032247585453D-01  0.55063170177554D-01  0.69875266900689D-01
  -.11859058975552D+00  0.43544379451067D-01  -.65422015161428D-02
  -.24334241762042D-05  0.39814667369717D-01  -.20890864261463D-01
  -.40806001703469D-01  -.13712110943247D-02  0.70558770790589D-01
  0.60177095082531D-01  0.52789931688116D-02  -.32383215950976D+00
  0.13327055334305D+00  -.28669085276479D+00  -.19697294637455D+00
  0.64192965175778D+00  -.62286042853067D-01  -.13184834904021D+01
$end
