$energy      SCF               SCFKIN            SCFPOT
     1 -1403.569202047      1049.508785545     -2453.077987592
     2 -1403.568413599      1049.536392572     -2453.104806171
     3 -1403.569217139      1049.510175584     -2453.079392722
     4 -1403.569239152      1049.512655409     -2453.081894561
     5 -1403.569252334      1049.512530442     -2453.081782776
     6 -1403.569282147      1049.514208482     -2453.083490629
     7 -1403.569508486      1049.541014483     -2453.110522968
     8 -1403.569621689      1049.552730327     -2453.122352016
     9 -1403.569884564      1049.591204871     -2453.161089435
    10 -1403.570075482      1049.616326842     -2453.186402325
    11 -1403.570234604      1049.644050592     -2453.214285196
    12 -1403.570335012      1049.660507889     -2453.230842901
    13 -1403.570439404      1049.678977547     -2453.249416951
    14 -1403.570553732      1049.698617740     -2453.269171472
    15 -1403.570683705      1049.716537023     -2453.287220728
    16 -1403.570720729      1049.718296797     -2453.289017526
    17 -1403.570735295      1049.718676151     -2453.289411446
    18 -1403.570737561      1049.719271386     -2453.290008946
    19 -1403.570742240      1049.719740481     -2453.290482721
    20 -1403.570744351      1049.719775334     -2453.290519686
    21 -1403.570746842      1049.720157562     -2453.290904404
    22 -1403.570747523      1049.720601619     -2453.291349142
    23 -1403.570748411      1049.721032653     -2453.291781064
    24 -1403.570748994      1049.720777795     -2453.291526790
    25 -1403.570642542      1049.689966829     -2453.260609370
    26 -1403.568154324      1049.817802417     -2453.385956742
    27 -1403.570745083      1049.719876600     -2453.290621684
    28 -1403.570752873      1049.718321449     -2453.289074323
    29 -1403.570754281      1049.720191987     -2453.290946268
    30 -1403.570755742      1049.720095519     -2453.290851261
    31 -1403.570756504      1049.720595619     -2453.291352123
    32 -1403.570756666      1049.720842713     -2453.291599379
    33 -1403.570757034      1049.720680205     -2453.291437240
    34 -1403.570757063      1049.720614095     -2453.291371158
    35 -1403.570757092      1049.720556087     -2453.291313179
    36 -1403.570757251      1049.720578153     -2453.291335404
    37 -1403.570757302      1049.720485370     -2453.291242672
$end
