$grad          cartesian gradients
  cycle =      1    SCF energy =    -1403.5692020470   |dE/dxyz| =  0.033888
   -3.04904056872608      2.08115070674792      2.39648221930057      c
   -1.98144501011347     -1.17514849209027      2.32834602191001      s
   -2.33749130797520     -1.84313449412165     -0.47238074369944      o
    2.23654614457452     -1.30108670105625     -1.82430213130370      np
    5.83516081592011     -0.87980493511163     -3.60853967795434      o
    0.87072098836546     -0.85784829533890      2.75489164103260      o
    2.66742851476295     -4.58197113283811     -1.24197120560140      o
    1.49039318363354      1.97830689309148     -2.08615016845756      o
   -2.71710058369265      2.82721232188696      4.28836928733345      h
   -1.94310064769919      3.09310663652166      0.98241232574726      h
   -5.05899653396634      2.10950439811518      1.94337082920912      h
    3.98692500491637     -1.45028690580638     -5.46052839751650      o
  0.42051802226162D-04  -.68984591475640D-04  -.31746805531085D-05
  -.14263160363104D-02  -.32606147592595D-04  0.13549407692395D-02
  -.13122697187811D-02  0.65114491956564D-04  0.58316903252376D-03
  0.97456713410780D-02  0.22394488198896D-03  -.10382831322032D-01
  0.83021259917606D-02  0.22962095696746D-02  0.64897541922031D-02
  -.62411147675157D-03  0.28603745551425D-03  0.11496718482213D-02
  -.78580120890681D-03  -.17905577374904D-01  0.62753039385117D-02
  -.72831908436930D-02  0.17340980120640D-01  0.18996007528989D-02
  0.17811908515797D-04  -.51177258606261D-04  -.27001823185380D-04
  -.98559459345005D-05  0.50521390263292D-04  -.18451366559091D-04
  0.42840529048682D-04  -.31910464392659D-04  0.15025790081780D-04
  -.67089563337897D-02  -.21725520739200D-02  -.73360071181590D-02
  cycle =      2    SCF energy =    -1403.5684135990   |dE/dxyz| =  0.035467
   -3.01004274252234      2.08558206314490      2.41812269862994      c
   -1.89582621716927     -1.15650914401077      2.39146124833373      s
   -2.37658599662646     -1.88479230597903     -0.37744309936234      o
    2.07357930938837     -1.35613128824939     -1.99518984343350      np
    5.85899100639684     -0.84954302298531     -3.22993703239145      o
    0.96513246962584     -0.79826657501048      2.67993870254758      o
    2.47126729856380     -4.64652501308948     -1.44596157486150      o
    1.25736932755012      1.89415241258447     -2.35644062112792      o
   -2.58637202010121      2.89107280483687      4.26656599313594      h
   -1.99926827642452      3.07192340629635      0.91728365287073      h
   -5.04212610614393      2.07489221973857      2.07339191224420      h
    4.28388194746276     -1.32585555727669     -5.34179203658535      o
  -.19513378070446D-03  -.21895644636860D-03  -.81889704666605D-03
  0.70155026697805D-03  -.40595353524675D-03  0.29172277600473D-02
  0.13586647646164D-02  0.10225828721087D-02  -.77090516344924D-03
  0.11598297015560D-01  -.35296529279383D-03  -.16745209808207D-01
  0.59438208655962D-02  0.46585983189340D-03  0.89012830808031D-02
  -.13209490104060D-02  0.56752626400947D-03  0.38391120289809D-02
  -.14859179741475D-02  -.16874173856777D-01  0.57416165916115D-02
  -.76582254707365D-02  0.15337130811076D-01  -.19654698670202D-03
  0.18546337791114D-03  -.41486687600778D-03  -.11499995641240D-03
  -.18582197999106D-03  0.27430576109544D-03  -.53643511197354D-04
  -.17932162832790D-03  0.17431609392826D-03  -.10982525687250D-03
  -.87624264584356D-02  0.42519437336708D-03  -.25892117340653D-02
  cycle =      3    SCF energy =    -1403.5692171390   |dE/dxyz| =  0.033783
   -3.04830789178092      2.08134885551520      2.39738971060763      c
   -1.97890720396249     -1.17446213763791      2.33157386565840      s
   -2.34019380075379     -1.84496883068707     -0.46776312882011      o
    2.23058537355287     -1.30248436241469     -1.83017275237072      np
    5.83774668919183     -0.88047976838648     -3.59685867989702      o
    0.87394005557077     -0.85635069640482      2.75276815446314      o
    2.66126298054038     -4.58342368797638     -1.24898799096259      o
    1.48348704024589      1.97628831518341     -2.09494033517398      o
   -2.71324269641615      2.82959174981255      4.28786891924292      h
   -1.94567794155406      3.09256611378277      0.98020543164829      h
   -5.05910616050439      2.10838812209395      1.94782734712120      h
    3.99841355587006     -1.44601367288054     -5.45891054151712      o
  -.84296313946908D-05  -.95520864677567D-04  -.70699879658243D-04
  -.13103212484999D-02  -.37073336357274D-04  0.14320393923590D-02
  -.12183187351447D-02  0.14543071605466D-03  0.59854094650547D-03
  0.10150533246541D-01  0.39202328987642D-03  -.98495494736230D-02
  0.73334989035558D-02  0.19874423423785D-02  0.67809002471391D-02
  -.64164680367362D-03  0.27632646730691D-03  0.13069731316726D-02
  -.63666605583812D-03  -.17774894210220D-01  0.62827774960768D-02
  -.72226903558850D-02  0.17339608508642D-01  0.19427586248848D-02
  0.30188051201752D-04  -.83346145922869D-04  -.27177373195908D-04
  -.26710082771331D-04  0.66643791740040D-04  -.20311286259567D-04
  0.28991063396155D-04  0.18477615707502D-05  0.22736626855702D-05
  -.64784283443671D-02  -.22184883298553D-02  -.83785254995092D-02
  cycle =      4    SCF energy =    -1403.5692391520   |dE/dxyz| =  0.033315
   -3.04272100031544      2.08353376864420      2.40262586984550      c
   -1.97210544895803     -1.17216938130865      2.34070991283650      s
   -2.35600950775795     -1.85501474034118     -0.45264572698723      o
    2.20145509788489     -1.31162883236886     -1.86013381456062      np
    5.85311971199992     -0.86632857202179     -3.53224357065171      o
    0.88348940918056     -0.85331035764375      2.73890474696823      o
    2.62819068180160     -4.59278511754251     -1.28315818476037      o
    1.44112575553322      1.96145427635495     -2.14147138635429      o
   -2.67209869889031      2.84463340171814      4.28142465275785      h
   -1.96788370779498      3.08644673933302      0.95852265934201      h
   -5.06155313028145      2.10721142518290      1.99037076012902      h
    4.06499083759798     -1.43204261000649     -5.44290591856485      o
  -.10642967203722D-03  -.14938087135352D-03  -.77253641185493D-04
  -.99494511685450D-03  0.16912837565641D-03  0.14612460122407D-02
  -.93387739769923D-03  0.77092700459858D-04  0.50537525269334D-03
  0.88113641107430D-02  0.14329784124012D-03  -.10636130350679D-01
  0.84751879416398D-02  0.22079949603708D-02  0.66698186323606D-02
  -.85656792455069D-03  0.16866246096248D-03  0.18916871333516D-02
  -.81742290643660D-03  -.17533018360702D-01  0.61370308996196D-02
  -.72914704905873D-02  0.16926461160594D-01  0.16291633942327D-02
  0.10276350650804D-03  -.69982335558105D-04  0.92319540652142D-05
  -.10098203369546D-03  0.68701324148712D-04  -.36478714426025D-04
  0.32046118575657D-04  0.41697936964402D-04  -.47122213565620D-05
  -.63196661303691D-02  -.20506551861610D-02  -.75489783327711D-02
  cycle =      5    SCF energy =    -1403.5692523340   |dE/dxyz| =  0.033374
   -3.04279132396071      2.08290290197464      2.40011011834101      c
   -1.97499466998911     -1.17351961604537      2.33883916547368      s
   -2.35252027150936     -1.85317922775007     -0.45625356398455      o
    2.20910877069975     -1.30941353153724     -1.85022481510186      np
    5.84789140885020     -0.86835042104334     -3.55029526645562      o
    0.88017566980026     -0.85460776854721      2.74290109376556      o
    2.63843931466099     -4.59088063830799     -1.27417912649403      o
    1.45125844421005      1.96511254242106     -2.12703013461041      o
   -2.68318735451046      2.84148701527824      4.28197480283726      h
   -1.95829801844215      3.08638806116836      0.96353748448842      h
   -5.05916325399696      2.10792762952205      1.97635155478744      h
    4.04408128418753     -1.43386694713315     -5.44573131304685      o
  0.52421785401435D-06  -.10646891099508D-03  -.96970895091086D-04
  -.12524185563425D-02  -.28542368814222D-04  0.15609018502136D-02
  -.98717659100878D-03  0.14559870781916D-03  0.46847273188533D-03
  0.93103518573621D-02  0.23223408319950D-03  -.10320624565029D-01
  0.80240909014782D-02  0.21084738756647D-02  0.65694024148617D-02
  -.75940999271396D-03  0.29822389201151D-03  0.16621696752210D-02
  -.73450790937191D-03  -.17658916778203D-01  0.61104826920562D-02
  -.72606540044031D-02  0.17063426554106D-01  0.17014667955983D-02
  0.58514527121148D-04  -.61857130307708D-04  -.20052848507035D-04
  -.43347163120711D-04  0.82918645210928D-04  -.38728523460207D-04
  0.56399065307744D-04  -.17588995707807D-04  0.22027748193487D-04
  -.64123663494104D-02  -.20575015631774D-02  -.76185470813570D-02
  cycle =      6    SCF energy =    -1403.5692821470   |dE/dxyz| =  0.033093
   -3.04072951155504      2.08315115401589      2.39850650193182      c
   -1.97742963566895     -1.17453688109986      2.33826381919437      s
   -2.35504578988767     -1.85483994370077     -0.45656293226636      o
    2.21012169340335     -1.30976132095242     -1.84605873402359      np
    5.84563025421560     -0.86561986082998     -3.55414363236499      o
    0.87855370630776     -0.85620728794205      2.74178210217668      o
    2.64355892911070     -4.59097220569636     -1.27170512681573      o
    1.45025800476948      1.96432099776293     -2.12230329596981      o
   -2.68432720632428      2.84207481145930      4.28074594166191      h
   -1.95179954632067      3.08444098728933      0.96368334841830      h
   -5.05639529546249      2.10959727282062      1.97169175648260      h
    4.03760439741223     -1.43164772312666     -5.44389974842516      o
  0.11809785608285D-03  -.57364027968632D-04  -.77849766880078D-04
  -.15182021264462D-02  -.14856981774791D-03  0.15650532780853D-02
  -.10394771031095D-02  0.15636192903301D-03  0.43078437305155D-03
  0.93195932141832D-02  0.17668252281289D-03  -.10185197185111D-01
  0.78898476232343D-02  0.20704133787067D-02  0.63377315789636D-02
  -.62533665032660D-03  0.41655848041078D-03  0.15019511721839D-02
  -.65310027528387D-03  -.17613444036062D-01  0.60482141752047D-02
  -.72722244821160D-02  0.17008380819025D-01  0.16651707391517D-02
  0.68163721706760D-05  -.25858775717147D-04  -.55122533762386D-04
  0.25786715895038D-04  0.72767895942683D-04  -.40021325721451D-04
  0.70208295325891D-04  -.89251378786681D-04  0.79140343393180D-04
  -.63220094608470D-02  -.19666769888520D-02  -.72698548363981D-02
  cycle =      7    SCF energy =    -1403.5695084860   |dE/dxyz| =  0.028919
   -3.03164092459942      2.08678246510388      2.38717270268827      c
   -1.99523054120721     -1.17863779091165      2.32587071446091      s
   -2.38390217235193     -1.86803994484376     -0.46140828597951      o
    2.23146235959143     -1.31057904734439     -1.80137406491987      np
    5.82950470290108     -0.85155995551112     -3.61202065568158      o
    0.87059174747302     -0.87125098447052      2.71826016850208      o
    2.69575569307234     -4.58681261053897     -1.24136650530392      o
    1.47178919892514      1.96141498654544     -2.06273965965912      o
   -2.70836679433203      2.84536579227366      4.27485026429901      h
   -1.90716860779984      3.07614169554159      0.97178966302653      h
   -5.04131837374080      2.12039835509449      1.93266188379845      h
    3.96852371206822     -1.42322296093867     -5.43169622523122      o
  0.67672967242949D-03  0.31267922498834D-03  0.25887625599275D-03
  -.32337194633705D-02  -.17201166826197D-03  0.10279361717380D-04
  -.19978336721849D-02  -.15241425944801D-03  0.95783096870150D-03
  0.88842915275134D-02  -.21431029409058D-03  -.76107841689499D-02
  0.64685113967045D-02  0.16582291812210D-02  0.35201525967707D-02
  0.11791888380621D-02  0.77327363472990D-03  -.34454968018682D-03
  -.21485038401670D-03  -.16034901669817D-01  0.53673774866421D-02
  -.65539209164226D-02  0.15602095788486D-01  0.18130494370285D-02
  -.54381515988122D-03  0.33256682329164D-03  -.30218051453890D-03
  0.57370891800357D-03  -.32541825858612D-03  0.99020598494537D-04
  -.75919228012422D-04  -.48913016979185D-03  0.56791775395093D-03
  -.51623715373914D-02  -.12906583206975D-02  -.43369900972365D-02
  cycle =      8    SCF energy =    -1403.5696216890   |dE/dxyz| =  0.027317
   -3.02609198450911      2.08709648633302      2.38715402228104      c
   -1.99336088478597     -1.18017873946204      2.33302196972714      s
   -2.40227606870474     -1.87562385813601     -0.44822298437027      o
    2.21821722443029     -1.31206960566940     -1.80811150867205      np
    5.83282115475304     -0.84566714720039     -3.58518440469591      o
    0.87615725939518     -0.87300987895698      2.70185244979425      o
    2.68953745433991     -4.58650574863077     -1.25526070053478      o
    1.45620587589330      1.95621477135139     -2.07982601921458      o
   -2.69508125126621      2.85177850957401      4.27111070017885      h
   -1.90754776059721      3.07185719213659      0.96379557487371      h
   -5.03758148946518      2.12066110760155      1.94077729470520      h
    3.98900047051672     -1.41455308894100     -5.42110639407255      o
  0.73318240725095D-03  0.33676303582997D-03  -.76668769207089D-04
  -.32100039147629D-02  -.68528508605326D-03  0.21627999882412D-03
  -.20089470749625D-02  0.16199579342846D-03  0.13504507523976D-02
  0.78592572178238D-02  -.35896057028140D-04  -.71799714465648D-02
  0.66813605294378D-02  0.15385207402776D-02  0.33155128148472D-02
  0.11930978256061D-02  0.74484721738344D-03  -.93836054199059D-03
  -.26069561411823D-05  -.15297610624192D-01  0.49437235680636D-02
  -.61656044305751D-02  0.14723068900526D-01  0.14641185205129D-02
  -.53935436548092D-03  0.26339162304501D-03  -.28836794189147D-03
  0.53251554441758D-03  -.21053369288460D-03  0.67072398906021D-04
  -.63351672630496D-04  -.45806601645015D-03  0.55217011348807D-03
  -.50095451359313D-02  -.10811958345091D-02  -.34259594612820D-02
  cycle =      9    SCF energy =    -1403.5698845640   |dE/dxyz| =  0.021617
   -3.02016157171364      2.08961483727971      2.39305036211154      c
   -1.98275682594437     -1.17805192135942      2.34194502442371      s
   -2.44734793990519     -1.89217585471027     -0.42179529217292      o
    2.19341214275062     -1.31595620228606     -1.82586987431349      np
    5.84444359530622     -0.83659401113862     -3.52389418506643      o
    0.89453128853129     -0.87540018181685      2.65460359000688      o
    2.67019337300874     -4.58204326516535     -1.28395162112777      o
    1.42885633890986      1.93993019894014     -2.12348126565886      o
   -2.66522624585087      2.86236129525766      4.27006796782007      h
   -1.92610124453943      3.07378943778222      0.95073874100099      h
   -5.03692817555835      2.11912410036786      1.97076087073556      h
    4.04708526500514     -1.40459843315106     -5.40217431775922      o
  0.20764997057654D-03  0.19754849277831D-03  -.43943682032488D-03
  -.19579970181871D-02  -.52640158876205D-03  -.34758468095575D-03
  -.23865181782750D-02  0.24581831669579D-03  0.21353532011616D-02
  0.63594622894438D-02  0.37148697177236D-03  -.46912782516380D-02
  0.63097415931832D-02  0.12692970054653D-02  0.28286483133817D-02
  0.12248728925677D-02  0.71250127369193D-05  -.20521091510250D-02
  -.18482415025900D-03  -.11773163644038D-01  0.39008620340097D-02
  -.48613479385340D-02  0.11238433130777D-01  0.11742288636447D-02
  -.42363783278665D-03  0.15704855924881D-03  -.52501985826403D-04
  0.28236300616191D-03  -.12961860277461D-03  0.69281639626162D-04
  -.71501395582985D-04  -.17389396693546D-03  0.32463256455983D-03
  -.44982632378314D-02  -.88367967630720D-03  -.28500957229198D-02
  cycle =     10    SCF energy =    -1403.5700754820   |dE/dxyz| =  0.017809
   -3.01435405425019      2.09096902770574      2.40407821249259      c
   -1.96792678145823     -1.17481303967052      2.35294081950397      s
   -2.47874528249362     -1.90344624561019     -0.39823551261769      o
    2.15748823361357     -1.32166265699272     -1.86262613932255      np
    5.85436156865843     -0.82610000369960     -3.43078590176607      o
    0.91211010224331     -0.86961037149344      2.61804845742278      o
    2.63371915316253     -4.58222804297093     -1.32823486822862      o
    1.38510640333894      1.92190206429426     -2.19862021489412      o
   -2.61913694310049      2.87306477573207      4.26960853057829      h
   -1.95897133158480      3.07545455607900      0.93348922742224      h
   -5.03882162495959      2.11449535307110      2.02060447615809      h
    4.13517055683016     -1.39802541644481     -5.38026708674884      o
  -.17562349393430D-03  0.11960542977363D-04  -.53679545990581D-03
  -.48746337396466D-03  -.31327502890921D-03  0.61059046792877D-04
  -.23586374805440D-02  0.23172869467913D-03  0.19722752854179D-02
  0.53863646207724D-02  0.76641814579870D-03  -.35460051494063D-02
  0.57531633102350D-02  0.11573621439744D-02  0.34324385827542D-02
  0.54251678984585D-03  -.51267111035180D-03  -.21160081050766D-02
  -.27695784367943D-03  -.92430549759825D-02  0.29537942091111D-02
  -.39626189685853D-02  0.87122643436999D-02  0.61018129299928D-03
  -.14827785857396D-03  0.11569285435220D-04  0.11740732036181D-03
  -.75606730097877D-04  0.73060215169729D-04  0.11443776502640D-04
  0.16044807632731D-04  0.39030715413002D-04  -.14583346865091D-04
  -.42129037755476D-02  -.93439296487247D-03  -.29452074387581D-02
  cycle =     11    SCF energy =    -1403.5702346040   |dE/dxyz| =  0.013560
   -3.00660139018231      2.09210764651286      2.41600672763318      c
   -1.95976844318100     -1.17218365778926      2.35652748152261      s
   -2.50159540480053     -1.91234249611701     -0.38767486502720      o
    2.12258705410981     -1.32977012098509     -1.89892994421890      np
    5.85112533958252     -0.80807854092381     -3.33890983739565      o
    0.92151106772793     -0.85907017312062      2.58801229026915      o
    2.60383995059262     -4.58357085385014     -1.36719117543386      o
    1.34042223754296      1.90108114368830     -2.27365016344174      o
   -2.56618010219646      2.88209820960328      4.26755523186183      h
   -1.98838931339873      3.07275109322273      0.91665012586923      h
   -5.03904313414885      2.11243302311466      2.07674973004094      h
    4.22209213835207     -1.39545527335594     -5.35514560167951      o
  0.53183318192929D-04  -.50763817827537D-04  0.75395765236630D-04
  -.28954218336708D-04  0.15635893009058D-03  0.80442877169773D-03
  -.21187965029874D-02  -.22459185702761D-03  0.79563368164770D-03
  0.51816119174894D-02  0.80044806167257D-03  -.29360264395493D-02
  0.34574899660775D-02  0.90636836294244D-03  0.34907394761881D-02
  0.10888942966858D-03  -.47912268779093D-03  -.18193012492098D-02
  -.35690026937463D-03  -.66054504133533D-02  0.20483984566781D-02
  -.30433112981392D-02  0.62950111809528D-02  0.21412576590762D-03
  0.21678202637099D-04  -.46998265590403D-05  0.42467610104069D-05
  -.21757414855461D-03  0.17589599361001D-03  -.52037803142113D-04
  0.64724744002209D-04  -.71337375229352D-04  -.21242143252886D-03
  -.31220411489876D-02  -.89811655363725D-03  -.24131817630106D-02
  cycle =     12    SCF energy =    -1403.5703350120   |dE/dxyz| =  0.010985
   -3.00381114588362      2.09192040523665      2.41999371637434      c
   -1.96360001499095     -1.17254259241098      2.35320697304192      s
   -2.50386812048831     -1.91311968496374     -0.39289950239891      o
    2.10980452576895     -1.33465939409539     -1.90969061472370      np
    5.83998190819652     -0.79613234151253     -3.31096443198379      o
    0.91749159414510     -0.85201483191477      2.58570686865880      o
    2.60162874852515     -4.58366639490583     -1.37546091375849      o
    1.32759934101112      1.89143952677495     -2.29829309580280      o
   -2.54236477285437      2.88201392596661      4.26576153111991      h
   -1.99508571893174      3.06733292910623      0.91063374122430      h
   -5.03960643314339      2.11698334403972      2.10046004106865      h
    4.25183008864557     -1.39755489132096     -5.34845431282017      o
  0.49041624580237D-03  -.24389604632802D-04  0.52235399950629D-03
  -.66053586513792D-03  0.26416257911777D-03  0.10182970830854D-02
  -.18306980228022D-02  -.48196975049031D-03  0.39236983013780D-04
  0.49688371371097D-02  0.65601632988743D-03  -.25749831260491D-02
  0.11170501124376D-02  0.62944078912208D-03  0.28533741057029D-02
  0.26551299206545D-03  -.17154292397681D-04  -.13589037801283D-02
  -.20952047075529D-03  -.53562308233648D-02  0.16817911380775D-02
  -.23762034868611D-02  0.51719621020183D-02  0.17440257236334D-03
  0.38372618262006D-04  0.31402234674793D-04  -.16089611081327D-03
  -.95851459101404D-04  0.12083827864284D-03  -.61569943006212D-04
  0.13476583925254D-04  -.24870055876924D-03  -.15111866113732D-03
  -.17208563937237D-02  -.74537728794488D-03  -.19819842673110D-02
  cycle =     13    SCF energy =    -1403.5704394040   |dE/dxyz| =  0.008691
   -3.00741065831018      2.09118684016899      2.42000347896092      c
   -1.97226700670804     -1.17353377537600      2.34569743278772      s
   -2.48907736774976     -1.90628899521650     -0.40774026991440      o
    2.11138015081148     -1.33889459455098     -1.90358173086033      np
    5.82562097606273     -0.79131295976920     -3.32663627031428      o
    0.90713128113579     -0.84431163402758      2.60281548589101      o
    2.61744443788126     -4.58267406535477     -1.36630916678692      o
    1.33844532585821      1.88592912714408     -2.29279165390680      o
   -2.54482961858684      2.87379230269676      4.26838055449057      h
   -1.98679957831821      3.06324671651708      0.91644521898671      h
   -5.04304046819651      2.12655202134536      2.09997712644521      h
    4.24340252612010     -1.40369098357727     -5.35626020577934      o
  0.68092755907667D-03  0.42263879028948D-04  0.65668599024304D-03
  -.16926048441945D-02  0.74473702500910D-04  0.50431729877864D-03
  -.13295053175435D-02  -.44436125232039D-03  -.16446713155815D-03
  0.43235831809469D-02  0.20805298634374D-03  -.20048704238107D-02
  -.13957830000955D-02  0.31557518515557D-03  0.16434163256820D-02
  0.81158889008037D-03  0.62735221776711D-03  -.76762557601739D-03
  0.89453995389288D-04  -.41222692862135D-02  0.14074365510184D-02
  -.15804112643676D-02  0.40543376063837D-02  0.27005081871501D-03
  -.17993354885448D-04  0.84167462435225D-04  -.24333131181908D-03
  0.19929860577861D-03  -.86164114871945D-04  -.17015625499717D-05
  -.55360167215746D-04  -.31748835750145D-03  0.10040965436439D-03
  -.33194272396564D-04  -.43594002459546D-03  -.14003206427411D-02
  cycle =     14    SCF energy =    -1403.5705537320   |dE/dxyz| =  0.005918
   -3.01779983477665      2.08979583841939      2.41803697638458      c
   -1.97084388007999     -1.17278657389495      2.34400801292687      s
   -2.46164041517640     -1.89441477290834     -0.41627620886209      o
    2.12129559913253     -1.33920140812605     -1.89031352786227      np
    5.82131716569691     -0.80392543419520     -3.36457554370170      o
    0.90430032124317     -0.83609936004436      2.62897766736861      o
    2.62836598600459     -4.58008445000620     -1.36042290456713      o
    1.36705915027122      1.88581730808132     -2.27362037179995      o
   -2.57582158064228      2.86363149736113      4.27567789146255      h
   -1.97749351423381      3.06723773602323      0.93167685974929      h
   -5.04954557652129      2.12945060463774      2.07684605156299      h
    4.21080657908204     -1.40942098534776     -5.37001490266167      o
  0.12203136996103D-03  0.72951429914703D-04  0.15025380310707D-03
  -.14924397608276D-02  -.38964503678418D-03  -.28788341064256D-03
  -.83843011478990D-03  0.47598232898238D-04  0.48687929500346D-03
  0.30277440224662D-02  -.15626115099421D-03  -.12416471725825D-02
  -.18304091182557D-02  0.12938784830041D-03  0.10031921485498D-02
  0.99215918796602D-03  0.77534468993257D-03  -.41723022374640D-03
  0.47987577223907D-04  -.24759122536437D-02  0.82628123274198D-03
  -.82965287859427D-03  0.23623182296255D-02  0.28751404572347D-03
  -.15216985484567D-04  0.21265998555009D-04  -.92172850035599D-04
  0.31202216702586D-03  -.19982586569434D-03  0.50668328827275D-04
  -.27469143354608D-04  -.60800892254687D-04  0.25054770596511D-03
  0.53167366277318D-03  -.12642122910655D-03  -.10164028974486D-02
  cycle =     15    SCF energy =    -1403.5706837050   |dE/dxyz| =  0.003629
   -3.03920479873311      2.08573857532744      2.41146861450129      c
   -1.97319743193475     -1.17423099793788      2.33554632183176      s
   -2.39935683626844     -1.86522372597159     -0.44263151353770      o
    2.15907023987304     -1.32867953512966     -1.84767774642789      np
    5.81634625083625     -0.83932085856176     -3.48267967758801      o
    0.89009885496640     -0.83143600810964      2.69056272311520      o
    2.66752900623790     -4.56654114573438     -1.32497987591886      o
    1.44363661177870      1.90251816865450     -2.20978940285373      o
   -2.65892879487464      2.83726565328026      4.29285633859880      h
   -1.95042773894376      3.08097734924818      0.97261196409732      h
   -5.05863963703600      2.13224556717776      2.00749812514338      h
    4.10307427409844     -1.43331304224327     -5.40278587096147      o
  -.62137796677630D-03  0.18694983813505D-03  -.69344115640946D-03
  -.60022133284576D-03  -.12746219966027D-02  -.14651233426619D-02
  -.11066227611423D-03  0.82839595558859D-03  0.15250254968411D-02
  0.37380378734042D-03  -.44604519513913D-03  0.57555692691835D-04
  -.86738621294202D-03  0.14114430886725D-03  0.16585665191471D-03
  0.67366448684858D-03  0.83203237656804D-03  -.38291551598846D-04
  0.28769878771495D-03  -.88660046158040D-03  0.17939217858887D-03
  -.72238756266607D-04  0.64056378765542D-03  0.22227418328580D-03
  -.69715101289392D-04  -.14739370037486D-04  0.20202886276510D-03
  0.39584727006625D-03  -.29853245210454D-03  0.13465158234943D-03
  0.55441984269544D-04  0.33544491525084D-03  0.43755246145943D-03
  0.55514533942969D-03  -.43991707706859D-04  -.72748105830556D-03
  cycle =     16    SCF energy =    -1403.5707207290   |dE/dxyz| =  0.002030
   -3.04257448859359      2.08396369797668      2.41067284445056      c
   -1.97126053095712     -1.17417350839375      2.33546562608405      s
   -2.38234681973347     -1.85920225210333     -0.44896104378884      o
    2.17031366020623     -1.32023352447953     -1.83657497862796      np
    5.82008250935206     -0.85425228395401     -3.51441757332782      o
    0.88785415686284     -0.83476088751938      2.70650657718296      o
    2.66871190793985     -4.55819485696889     -1.31571138781199      o
    1.46491159955964      1.91274535156571     -2.19457099487247      o
   -2.68099963114839      2.83267926238844      4.29663169108044      h
   -1.94852464824053      3.08820266843765      0.98199229462361      h
   -5.05820882152173      2.12389133493461      1.98653563934946      h
    4.07204110627423     -1.44066500188425     -5.40756869434191      o
  -.44569001782946D-03  0.14282643925323D-03  -.37926825670898D-03
  0.10854026755425D-03  -.95824014602597D-03  -.69074076666809D-03
  -.64605725381028D-04  0.57471008497245D-03  0.85326140612807D-03
  -.30676368394822D-04  -.43609264820610D-03  0.10493953383772D-03
  0.31141245376887D-03  0.21187559897307D-03  0.11652091112424D-03
  0.25257494193909D-04  0.56966016896620D-03  -.14048434317715D-03
  0.34953752430233D-04  -.28435797286619D-03  0.15569406605298D-04
  -.12834303511688D-03  0.19642190214597D-03  0.13326706572414D-03
  -.24277313965815D-04  -.31988069559841D-04  0.14849805628314D-03
  0.20513438170267D-03  -.15352416654468D-03  0.68357489320325D-04
  0.55747345246271D-04  0.29015609516581D-03  0.20481085818708D-03
  -.47453231634798D-04  -.12144728376606D-03  -.43473135417926D-03
  cycle =     17    SCF energy =    -1403.5707352950   |dE/dxyz| =  0.001140
   -3.04191974587961      2.08233002356272      2.40869503162890      c
   -1.97140404016296     -1.17446807296342      2.33629535431869      s
   -2.37188586116812     -1.85730733415169     -0.45332860240806      o
    2.17621390289549     -1.31244704390605     -1.82789545161107      np
    5.81912057739112     -0.86314229095774     -3.53424667815724      o
    0.88541401993810     -0.84129321900367      2.71985218632271      o
    2.66825788586589     -4.55092784629648     -1.30880082623113      o
    1.48029787353981      1.92291432895670     -2.18237014931886      o
   -2.69115694075716      2.83208514274371      4.29575695954934      h
   -1.94737696374314      3.09135950332088      0.98361540093676      h
   -5.05533616971641      2.11494460397724      1.97178210324356      h
    4.04977546179700     -1.44404779528226     -5.40935532827353      o
  -.43635164598044D-04  0.35466966748388D-04  0.11764842351969D-03
  0.33960757427920D-03  -.43054407284338D-03  0.19829263250415D-03
  -.90876825673547D-04  0.17005424537508D-03  -.90683596795316D-04
  -.22015361496663D-03  -.19309223798425D-03  0.15227442348476D-03
  0.61069383109746D-03  0.14092020350653D-03  -.45885506811061D-04
  -.29590310617778D-03  0.37049913077603D-03  -.11256648684466D-03
  -.96777886066768D-04  -.78368165063125D-04  -.48315248577069D-04
  -.36758633971790D-04  0.62664254159017D-04  0.43350994173963D-04
  0.31423927869825D-04  -.39224305700358D-04  0.14780595572361D-04
  0.26795042529226D-04  -.11289142758830D-04  -.66306883805822D-05
  0.23966718591062D-04  0.11386771302058D-03  -.52338649745687D-04
  -.24838186893472D-03  -.14095457808638D-03  -.16992689344519D-03
  cycle =     18    SCF energy =    -1403.5707375610   |dE/dxyz| =  0.001070
   -3.03745599427386      2.08288342742572      2.40798926234296      c
   -1.97208381712962     -1.17469827413526      2.33839353756866      s
   -2.37904082602019     -1.86246268925065     -0.44976096087140      o
    2.16991707530025     -1.31262679112522     -1.83162119565040      np
    5.81833349160755     -0.85774241308605     -3.52004816711327      o
    0.88646113253584     -0.84655806441397      2.71607715319087      o
    2.66370622304082     -4.55069166187200     -1.31291119919904      o
    1.47033085506604      1.92169094335135     -2.18851968427960      o
   -2.67929822697295      2.83680069330462      4.29185003250365      h
   -1.94921646195288      3.08922924271778      0.97617722750892      h
   -5.05241858913291      2.11381679172240      1.97762930540184      h
    4.06076513793192     -1.43964120463880     -5.40525531140309      o
  0.11102591343004D-03  -.30414300011827D-04  0.28576020747284D-03
  0.20138063838004D-03  -.13214203886669D-03  0.45959423405151D-03
  -.19900893668634D-03  -.31284433642753D-04  -.36196803460342D-03
  -.29047493529610D-03  -.11954123714908D-03  -.10778953449986D-03
  0.53473301005624D-03  0.17216578221380D-03  0.24455220363429D-04
  -.19826356134800D-03  0.25561921965833D-03  -.12260811036846D-03
  -.52375681654837D-04  -.11209959673408D-04  -.12187762617799D-04
  -.99984833706213D-04  -.30621232028238D-04  -.51320915727793D-04
  0.77763428751682D-04  -.24740432814419D-04  -.32231354623491D-04
  -.37021266229509D-04  0.30574547201567D-04  -.36724513130082D-04
  0.18764621769307D-04  0.20318816713605D-04  -.12148072850127D-03
  -.66538416193751D-04  -.98724727936261D-04  0.76501305876775D-04
  cycle =     19    SCF energy =    -1403.5707422400   |dE/dxyz| =  0.000872
   -3.03762206534750      2.08258585225448      2.40467226664601      c
   -1.97352854922755     -1.17519521851707      2.33818511212235      s
   -2.37170542117783     -1.86145945825871     -0.45196605853002      o
    2.17475243361659     -1.31049743239140     -1.82419323648803      np
    5.81426633607227     -0.86051483936694     -3.53567458583613      o
    0.88418901803935     -0.85112841493032      2.72574923842809      o
    2.66909392526170     -4.54867164140390     -1.30707697161465      o
    1.47957637045938      1.92544747111509     -2.17504221905998      o
   -2.68785178306477      2.83590500464445      4.29037623772678      h
   -1.94355817966742      3.08962688394580      0.97782993797752      h
   -5.05071643173547      2.11306068209739      1.96568862529753      h
    4.04310434677127     -1.43915888918895     -5.40854834666938      o
  0.94595849878365D-04  -.58918423145204D-04  0.25810418827066D-03
  0.70369487017885D-04  -.62718635304382D-04  0.39036627026245D-03
  -.90993929234173D-04  -.29546212880760D-04  -.39118462297005D-03
  -.25798628714124D-03  -.55361802189235D-04  0.85243215568909D-04
  0.35673658780766D-03  0.63782792982803D-04  -.21629368821952D-03
  -.82870571121774D-04  0.19592509093602D-03  -.25707748747550D-04
  -.68731097109254D-04  0.12238399655473D-04  -.15950189103719D-04
  0.43316520156544D-04  -.26422772290147D-04  0.48529239506045D-04
  0.59641034454383D-04  -.17656068627803D-04  -.19251736867343D-04
  -.26981672452076D-04  0.36313303659607D-04  -.15246504300626D-04
  0.32730147421223D-04  -.48134773645847D-05  -.13743438884803D-03
  -.12982606902989D-03  -.52822186227985D-04  0.38825974072232D-04
  cycle =     20    SCF energy =    -1403.5707443510   |dE/dxyz| =  0.000494
   -3.03586492727184      2.08340591826687      2.40342033916063      c
   -1.97387571197733     -1.17520356935514      2.33935505585235      s
   -2.37461258992625     -1.86448760188858     -0.44906357413508      o
    2.17150440740615     -1.31183711573739     -1.82627841435809      np
    5.81251415065854     -0.85682640518418     -3.52725510355627      o
    0.88496219096234     -0.85437334793793      2.72437729474116      o
    2.66788833353824     -4.55007255756095     -1.31056988505072      o
    1.47398087467218      1.92384886590544     -2.17712122229893      o
   -2.68163982119370      2.83883991204897      4.28755252371280      h
   -1.94417061610730      3.08808161202883      0.97317400362468      h
   -5.05005371794727      2.11427775362652      1.96977651406260      h
    4.04936742718626     -1.43565346421253     -5.40736753175505      o
  0.16888660717251D-04  -.59782795402086D-04  0.15539835225775D-03
  -.44118112686675D-04  0.13390928592649D-05  0.17809303157357D-03
  -.80398759491729D-04  -.22171322315856D-04  -.15169476821697D-03
  -.24174185393910D-03  -.93242629431778D-04  -.96815493614955D-04
  0.16013705408824D-03  0.96833732727841D-04  -.27505163507691D-04
  0.81731445350286D-04  0.10613467106646D-03  -.17341010813965D-04
  0.14900010465446D-05  -.42555736762040D-04  0.91699327275929D-05
  -.25235990958272D-04  0.30933015732870D-04  -.29790683853115D-04
  0.61070089219684D-04  -.63878543661300D-05  0.26222046800584D-06
  -.16930652044389D-04  0.14286204901945D-04  -.61894967381404D-05
  0.31324970114155D-04  0.29141950811384D-05  -.72048782788048D-04
  0.55783157781875D-04  -.28300572921136D-04  0.58461877731730D-04
  cycle =     21    SCF energy =    -1403.5707468420   |dE/dxyz| =  0.000267
   -3.03516396768322      2.08369460603403      2.40078903022508      c
   -1.97519417277603     -1.17575230012243      2.33948720886513      s
   -2.37175630811690     -1.86551566809739     -0.44915576125050      o
    2.17341033973006     -1.31101545908108     -1.82253368508080      np
    5.80966715848878     -0.85673665388769     -3.53279135346381      o
    0.88345560452573     -0.85871155224677      2.72904551874998      o
    2.67092207717424     -4.54936919281465     -1.30861335577916      o
    1.47658540453473      1.92531165550478     -2.16993221090839      o
   -2.68336797823285      2.83958466808287      4.28525662478384      h
   -1.94122820686041      3.08755214307671      0.97173578998132      h
   -5.04894677780499      2.11492207249800      1.96538695462418      h
    4.04161682702088     -1.43396431894645     -5.40867476074680      o
  -.11351772652546D-04  -.49217444909821D-04  0.71452456777532D-04
  -.11478952566613D-03  0.23554607072152D-04  0.14035689143377D-04
  0.10553040214134D-04  -.94618849422190D-06  -.17471064307939D-04
  -.10275815635019D-03  -.32698355196592D-04  -.13174837155461D-04
  0.23833329819922D-04  0.35301332471982D-04  -.87400603044685D-04
  0.12208961046323D-03  0.21418960889474D-04  0.15493695546098D-04
  -.72613903716601D-05  -.54590494501738D-04  0.10036385380108D-04
  0.22374203365150D-04  0.64738941293996D-04  0.14648627982616D-04
  0.31219941793503D-04  0.29484513373035D-05  0.17104672789925D-04
  0.65177226962754D-05  0.12016772210854D-04  0.14903001428035D-04
  0.32970777349872D-04  -.44184666053715D-05  -.36295154509591D-04
  -.13397776823965D-04  -.18108126581762D-04  -.33328691309009D-05
  cycle =     22    SCF energy =    -1403.5707475230   |dE/dxyz| =  0.000182
   -3.03461082669986      2.08394424832910      2.40018549918222      c
   -1.97552617362541     -1.17598496141661      2.33964872930019      s
   -2.37245729491026     -1.86669500510834     -0.44854626211544      o
    2.17287976555322     -1.31112509541536     -1.82261345893284      np
    5.80938067090140     -0.85587067714336     -3.53072062857458      o
    0.88315230298830     -0.85978148697908      2.72885891963690      o
    2.67069793074307     -4.54949401144682     -1.30963608635902      o
    1.47511861779366      1.92496345059578     -2.16988541774457      o
   -2.68084195290770      2.84048656492060      4.28402486482057      h
   -1.94178838111563      3.08691519829272      0.96968567353009      h
   -5.04893498887711      2.11550387338163      1.96724909051103      h
    4.04293033015634     -1.43286209801032     -5.40825092325446      o
  -.20838350991426D-05  -.22601361242991D-04  0.44591698972418D-04
  -.50579763092529D-04  0.82693251943766D-05  -.25131042363569D-04
  -.52466064293100D-05  -.84505226780607D-05  0.46742525267263D-04
  -.91380980144606D-04  -.18991701454141D-04  -.36751611588670D-04
  0.12149591672284D-04  0.46374983175390D-04  -.20262600157750D-05
  0.74296697817999D-04  0.92676441459938D-05  -.14664568803724D-04
  -.18449070937621D-04  -.21485144596767D-04  -.25342964264929D-05
  -.16944950750108D-04  0.19390062188762D-04  -.33881377183853D-04
  0.28601947264617D-04  0.24586231912593D-05  0.12854096510750D-04
  0.34047048953489D-05  0.74621857839574D-05  0.11275419735668D-04
  0.20478216381292D-04  -.14209488889971D-05  -.27151277065540D-05
  0.45754042894863D-04  -.20273147282368D-04  0.22405491382216D-05
  cycle =     23    SCF energy =    -1403.5707484110   |dE/dxyz| =  0.000149
   -3.03399976829497      2.08419331661587      2.39896018927883      c
   -1.97626774010524     -1.17640581690062      2.33970114138844      s
   -2.37219909756646     -1.86786492272877     -0.44833346631952      o
    2.17315520851890     -1.31098922404536     -1.82142733200055      np
    5.80845665842342     -0.85524462831972     -3.53098581598093      o
    0.88225445339952     -0.86162956306344      2.73005957372098      o
    2.67170728665178     -4.54936924811223     -1.30974991333846      o
    1.47473943258033      1.92504837826870     -2.16749521772415      o
   -2.67923338189031      2.84128683079821      4.28239788664310      h
   -1.94136940056754      3.08614518890996      0.96763430245822      h
   -5.04864898349524      2.11634080517279      1.96749232516598      h
    4.04140533234583     -1.43151111659545     -5.40825367329184      o
  0.88861399625273D-05  0.81413283044007D-05  0.36557379621271D-05
  -.25079302723441D-06  -.12182066026156D-04  -.76012453977370D-04
  0.14453616103083D-04  -.52725491404004D-05  0.93381267831205D-04
  -.44345739933505D-04  0.89148753423807D-05  -.12433389693811D-04
  -.11905007383461D-04  0.26139435428618D-04  0.12693311841616D-05
  0.10559858866444D-04  -.12566037500328D-04  -.17401101345627D-04
  -.15781713043062D-04  0.71681765128062D-05  -.15751688823062D-04
  -.14305227153066D-04  -.88239529745238D-05  -.20777694074603D-04
  0.99009343339507D-05  0.17760844119863D-05  0.14495931063507D-04
  0.14225739309648D-04  0.50241286713160D-05  0.19850047084269D-04
  0.11927983717186D-04  -.18057374773228D-06  0.23192594885257D-04
  0.16634203188204D-04  -.18138849720017D-04  -.13468549875384D-04
  cycle =     24    SCF energy =    -1403.5707489940   |dE/dxyz| =  0.000126
   -3.03408116611306      2.08417561151239      2.39871795456253      c
   -1.97644028468155     -1.17644018673101      2.33966543499411      s
   -2.37184504035916     -1.86787406646601     -0.44858123241129      o
    2.17355210013411     -1.31089424895133     -1.82093212827647      np
    5.80841763504968     -0.85549780417617     -3.53168121425087      o
    0.88196994931286     -0.86179645523527      2.73061063002709      o
    2.67194864031020     -4.54939535668539     -1.30971123124765      o
    1.47542213077253      1.92530390466250     -2.16637181365076      o
   -2.67885553756205      2.84145722056354      4.28198643469806      h
   -1.94176893918168      3.08588646773759      0.96698206923982      h
   -5.04883400391319      2.11634138038165      1.96766660392664      h
    4.04051451623132     -1.43126646661256     -5.40835150761110      o
  0.15401969682194D-04  0.58060696437323D-05  0.12214692253432D-04
  0.18488316698928D-04  -.92524006616301D-05  -.33409633392267D-04
  0.29836662180927D-05  -.11883421234593D-04  0.50933812641318D-04
  -.56447225076806D-04  0.31491368148728D-05  -.34309284702161D-04
  0.31007139980943D-04  0.26913152126440D-04  0.67260306302330D-06
  -.13392456583716D-05  -.24456171177079D-06  -.20585713365051D-04
  -.37166542590672D-04  -.57463658063028D-05  -.49868263118924D-06
  0.58801904057049D-06  0.11355116754430D-04  -.35541042197718D-04
  0.95117967767733D-05  -.10819984128663D-05  0.15137733854864D-04
  0.10139921660324D-04  0.54660622723635D-05  0.17263518946042D-04
  0.78256065438875D-05  -.20502777708931D-06  0.19064027972915D-04
  -.99340868953135D-06  -.24275762363413D-04  0.90579619644870D-05
  cycle =     25    SCF energy =    -1403.5706425420   |dE/dxyz| =  0.008537
   -3.04921206034958      2.08019872210095      2.37820416744306      c
   -1.99094623601649     -1.17793610604145      2.33266127862754      s
   -2.32701524778404     -1.85984685074415     -0.48179164156036      o
    2.22215572158570     -1.29847223881071     -1.76907544160779      np
    5.80852071507346     -0.89415863340420     -3.61663491032213      o
    0.85274923046201     -0.86833170308235      2.78821133964300      o
    2.69417858385691     -4.55093870725767     -1.30271148245012      o
    1.56535240586965      1.95659497204156     -2.04907548293214      o
   -2.64708947230938      2.85418461752611      4.24427447153887      h
   -1.99504691767383      3.06212972444451      0.90480994496703      h
   -5.07423597105960      2.11002699252505      1.98896527616500      h
    3.94058924834519     -1.41345078929774     -5.41783751951185      o
  0.90942865099741D-03  0.89432583616045D-04  0.99950849325747D-03
  0.17413165463349D-02  0.15991225679302D-02  0.49153481387556D-02
  -.82114261291721D-03  -.15392410374906D-02  -.48895083184775D-02
  0.55799359236985D-03  -.45517309119170D-04  0.12228112026946D-04
  0.16697089109776D-02  -.96696846986433D-04  0.45011836944742D-03
  -.15680040229498D-02  0.41259233927970D-03  0.98380968562850D-05
  0.11789956898145D-03  -.15384502484004D-02  -.14936751593853D-03
  -.55058599799551D-03  0.16239582814066D-02  0.10712952143610D-03
  0.19354259378818D-03  -.30629358578738D-03  -.30217426437940D-04
  -.50295922558918D-03  -.21611292521651D-03  -.48313974573500D-03
  -.43631425447010D-03  0.11813122847842D-03  -.38796345104997D-03
  -.13108837357101D-02  -.10092504602444D-03  -.55397426829984D-03
  cycle =     26    SCF energy =    -1403.5681543240   |dE/dxyz| =  0.029613
   -2.88703485313625      2.06271698364761      2.22092781685958      c
   -2.08959155442306     -1.27772233089393      2.40805996764477      s
   -2.39393437180899     -1.96548927676323     -0.37104661017110      o
    2.13243822050977     -1.30846743727256     -1.66186588787697      np
    5.62048697775673     -0.67570250500062     -3.55132003874734      o
    0.76354869988477     -1.02545862861710      2.90326725647111      o
    2.81533104953137     -4.52947755646463     -1.31088504180861      o
    1.30130376646521      1.89776469852983     -1.80251029387743      o
   -2.47127124680652      2.92840766319559      4.04347288311960      h
   -1.69861128493038      2.85353835960435      0.73174578349585      h
   -4.88509619561856      2.24849261105471      1.76343755501742      h
    3.79243079257592     -1.20860258102009     -5.37328339012677      o
  0.51320716934278D-02  0.10486260153186D-03  -.68019467770135D-02
  -.56793280811647D-02  -.18286120376619D-01  -.18162921555884D-02
  0.15772576628006D-02  0.10722859533871D-01  0.10044088424472D-01
  0.13839231205814D-03  0.58729611403487D-02  0.76351465155255D-03
  -.51169044090891D-02  -.22119242690433D-02  0.60509634616679D-03
  -.13522466676683D-02  0.65645032144446D-02  -.16570574968640D-02
  0.13444156643256D-02  0.25411819527257D-02  -.75408465828231D-03
  -.17277237884400D-02  -.72913373604422D-02  0.39576977964000D-02
  0.75212655870949D-03  -.57528730058909D-03  -.64041879754040D-03
  0.10558379038144D-02  0.19787130234543D-02  -.18395084485601D-02
  0.15075776450728D-02  -.10429085290575D-03  -.10795199846569D-03
  0.23685234981259D-02  0.68387869137032D-03  -.17531368614172D-02
  cycle =     27    SCF energy =    -1403.5707450830   |dE/dxyz| =  0.000895
   -3.03365789711717      2.08625929722874      2.39393315214950      c
   -1.97977944071168     -1.17617846987286      2.34022015845536      s
   -2.36628753203103     -1.87182916267837     -0.44872281138126      o
    2.17872712857345     -1.31293712191428     -1.81217318247917      np
    5.80217331458161     -0.85414406709927     -3.54433193843069      o
    0.87823307279856     -0.86858289878480      2.74046154750603      o
    2.68390060273752     -4.55165617024577     -1.30919774305865      o
    1.47870382071016      1.92395212501775     -2.14741327694475      o
   -2.67235254704962      2.84815717002847      4.27417763173318      h
   -1.94359121648885      3.08214356133440      0.95667882517979      h
   -5.04956887126718      2.12038398786195      1.96831872473287      h
    4.02349956526424     -1.42556825087603     -5.41195108746212      o
  -.95372516747183D-04  0.53215651288685D-04  0.13618330798959D-03
  -.86404940294216D-04  0.25141708433774D-03  -.16514137060142D-03
  0.19362432528425D-04  -.14083827171341D-03  -.25923542622763D-04
  -.26221379917324D-03  -.22745592609752D-03  -.20603276465181D-03
  0.41823585053891D-03  0.25340255693784D-04  -.49158950783834D-04
  0.14414439171162D-03  -.66638316238321D-04  -.28262916281108D-04
  0.29124752140675D-04  0.57479430898510D-04  -.14097902837973D-03
  -.11039897501197D-03  0.27509531573600D-04  -.79736633509242D-04
  0.41095798131996D-05  0.56731991324055D-04  0.13192589051636D-04
  -.12472334067593D-04  -.90450105997064D-04  0.31236597448414D-04
  -.80059460958459D-05  0.45174025918193D-04  0.41601512636699D-04
  -.40108480882317D-04  0.85146556332294D-05  0.47302121800286D-03
  cycle =     28    SCF energy =    -1403.5707528730   |dE/dxyz| =  0.000702
   -3.03509742312767      2.08477810738231      2.38814049817360      c
   -1.98340312579336     -1.17823392242755      2.33969224343573      s
   -2.35701488717443     -1.86945490209914     -0.45366179710123      o
    2.18718396721497     -1.31019682157619     -1.80112038592141      np
    5.79804696656515     -0.85966403420382     -3.56259558418603      o
    0.87191928634838     -0.87197092028522      2.75422313793802      o
    2.69015535170254     -4.55039818586727     -1.30376538220496      o
    1.49486444453071      1.92969039235090     -2.12341296109344      o
   -2.66964278493564      2.84887379011552      4.26655244849106      h
   -1.94653381604162      3.07678636541028      0.94691238594569      h
   -5.05165783249116      2.12080445290536      1.96522824178386      h
    4.00117985320216     -1.42101432170525     -5.41619284526079      o
  0.83253278413409D-05  0.52846910842952D-04  0.82046613830933D-04
  0.60830142221135D-04  0.11315084001584D-03  0.41039333693860D-03
  -.19857827069814D-04  -.91657521242183D-04  -.41531989688792D-03
  -.49329711784285D-05  -.73420721952155D-04  -.43946950668783D-04
  0.12545567431577D-03  -.12059655056840D-03  0.46437105942765D-04
  -.51012467425338D-04  0.62352003704635D-04  0.20745954273593D-04
  0.56838527525471D-04  -.72276485635570D-04  -.11904974973809D-03
  -.63381980441979D-04  0.60676129571391D-04  0.94716220996993D-04
  0.43065725470526D-04  -.30571318201389D-04  -.55203902609158D-05
  -.58898749871528D-04  -.55448978216077D-04  -.63597180012476D-04
  -.31552165923543D-04  0.79269098057333D-04  0.98727538124233D-05
  -.64879254374706D-04  0.75676595590490D-04  -.16777798343526D-04
  cycle =     29    SCF energy =    -1403.5707542810   |dE/dxyz| =  0.000387
   -3.03291405382616      2.08467360011128      2.38944309893739      c
   -1.98289093520848     -1.17848478370195      2.33979302382659      s
   -2.36057998152836     -1.86950296992513     -0.45227626202519      o
    2.18413584939427     -1.30986535016995     -1.80366559762144      np
    5.79685537934934     -0.85631087848791     -3.55903738702724      o
    0.87337664923933     -0.87338857208371      2.75092780704684      o
    2.68938022829475     -4.54863338702603     -1.30017292434118      o
    1.48868306074785      1.92854437619683     -2.13256455561108      o
   -2.67393256624240      2.84650627738017      4.27003412751084      h
   -1.93965966663637      3.07924672347206      0.95345273476105      h
   -5.04799266326932      2.12054520173796      1.95982989274366      h
    4.00553869968557     -1.42333023750367     -5.41576395820014      o
  0.22121790218321D-04  -.43570617833666D-05  0.52754729752635D-04
  -.32846234823580D-04  0.79929142000168D-04  0.15734071907048D-03
  -.55980934373423D-04  -.21311672835367D-04  -.15936264399841D-03
  -.81337867079867D-04  -.33673513574417D-04  -.82764944032476D-04
  0.10829351371200D-04  -.26149737146763D-04  0.37207812425777D-04
  0.36813927323465D-04  -.60173141216424D-05  0.24939617304653D-05
  0.92827196402467D-04  0.26877851446727D-04  0.10203025264000D-03
  -.11050323092565D-03  -.52537684936738D-04  -.11948277416973D-03
  0.35451148285015D-04  -.18079001459892D-04  -.13342364445723D-04
  -.17876772592018D-04  -.14782746613484D-05  -.26873861365573D-04
  -.33434320689807D-05  0.22663827822844D-04  -.25826464019607D-05
  0.10384504677718D-03  0.34133440868889D-04  0.52581764897752D-04
  cycle =     30    SCF energy =    -1403.5707557420   |dE/dxyz| =  0.000362
   -3.03422236534076      2.08398481624931      2.38734834358805      c
   -1.98282844930468     -1.17866632058706      2.33966374582644      s
   -2.35629237434757     -1.86764442720714     -0.45373993981208      o
    2.18854769950928     -1.30846214544943     -1.79873804660089      np
    5.79565743624190     -0.85928691445857     -3.56817994799434      o
    0.87254502367383     -0.87405096105195      2.75575391006756      o
    2.68997251751259     -4.54850266892965     -1.29893178717367      o
    1.49860715093531      1.93180762479972     -2.12190951709856      o
   -2.67623381066545      2.84736649086296      4.26748829336119      h
   -1.94133666203283      3.07808872690358      0.95072875432582      h
   -5.04926566707958      2.11818619811037      1.95739772986434      h
    3.99484950089798     -1.42282041924219     -5.41688153835376      o
  0.12471829249350D-04  -.14937559868144D-04  -.74498770974429D-06
  0.44207677685648D-04  0.61450321794609D-04  0.21949870369298D-03
  -.74951707114579D-04  0.81878066335861D-05  -.19294392125246D-03
  0.92859077233776D-04  -.23459432233475D-04  -.59067397764068D-05
  -.70231062228032D-04  -.66003294937111D-04  0.15074405624205D-04
  0.11636109444879D-04  0.99237523265572D-06  0.56660777367767D-05
  -.14071058176413D-05  -.40309655339854D-04  -.26234030306549D-04
  -.59351173344879D-05  0.19353098576147D-04  0.29439806199072D-04
  0.37676507819995D-04  -.26507062833137D-04  -.19529893217518D-04
  -.30340484756558D-04  -.50131743944970D-05  -.54014526297164D-04
  -.12654762998832D-04  0.21038718757471D-04  0.13353321877130D-04
  -.33309673872495D-05  0.65207866448702D-04  0.16341783119600D-04
  cycle =     31    SCF energy =    -1403.5707565040   |dE/dxyz| =  0.000223
   -3.03521864908959      2.08374772143017      2.38796341413825      c
   -1.98222945754016     -1.17852231196769      2.33906297054969      s
   -2.35433720325875     -1.86566974865981     -0.45460860827602      o
    2.19027271974341     -1.30801442049587     -1.79790657465232      np
    5.79542137814500     -0.86074373497148     -3.57288775856720      o
    0.87281019658158     -0.87297859951081      2.75640509755647      o
    2.69100352615051     -4.54791377380349     -1.29662500860521      o
    1.50163116539510      1.93240201682838     -2.12157915857635      o
   -2.68244343533017      2.84561135830560      4.26978995627078      h
   -1.93895532307376      3.07979681751107      0.95529634701606      h
   -5.04918837056531      2.11745763004690      1.95320881905952      h
    3.99123345284215     -1.42517295471303     -5.41811949591357      o
  -.29555512501389D-04  -.18006593456299D-04  -.61503611862967D-04
  0.49046975906464D-04  -.15055986385626D-04  0.73524467371300D-04
  -.40267240393632D-04  0.76544120314104D-04  -.55347860346444D-04
  0.10990537809086D-03  -.27551724474439D-04  0.26223680878346D-04
  -.62407082005222D-04  -.40595766603868D-04  -.17306402014583D-04
  0.11220744534413D-04  0.26640861994220D-05  -.82257710740663D-05
  -.15053817883803D-04  -.11056721547220D-04  0.29654850917549D-04
  0.14189217166116D-04  -.44334135651525D-05  -.49025547026460D-05
  0.16406829876248D-04  -.74411241082206D-05  0.25955532989563D-05
  -.18947685878068D-05  -.37642627852552D-05  -.18259335311743D-04
  -.76775720359024D-06  0.18161697377395D-04  0.23306305156456D-04
  -.50822970194542D-04  0.30535697584710D-04  0.10240684424900D-04
  cycle =     32    SCF energy =    -1403.5707566660   |dE/dxyz| =  0.000159
   -3.03464076218093      2.08401086242311      2.38846901084405      c
   -1.98175408504292     -1.17840279576228      2.33978289838323      s
   -2.35532574666607     -1.86669967107479     -0.45313897587508      o
    2.18858941516343     -1.30832309852072     -1.79957677565053      np
    5.79561913695307     -0.85979934338023     -3.56994390317427      o
    0.87365993022925     -0.87294889422771      2.75519918695435      o
    2.68983597322844     -4.54803418016656     -1.29810176958268      o
    1.49878122649156      1.93168582127903     -2.12439311918741      o
   -2.68303015949048      2.84607807847849      4.27043622710544      h
   -1.93781057939288      3.08035159963742      0.95646432557303      h
   -5.04838153595012      2.11736071784600      1.95262546379206      h
    3.99445718665766     -1.42527909653182     -5.41782256918208      o
  -.18274246396555D-04  -.85997895218348D-05  -.45635677920153D-04
  -.57785894291840D-06  -.10654721593006D-04  -.37394951819536D-05
  -.60059873376872D-05  0.65917332200627D-04  0.36556687025069D-04
  0.82116586472836D-05  -.24995987770060D-04  -.25651305863406D-04
  -.32759765812962D-04  -.16425662029973D-04  0.41300193831528D-04
  0.37823400566239D-04  -.19152619913809D-04  -.25586561942958D-04
  0.83643784498655D-05  0.37607003113393D-04  -.28826779185920D-07
  -.22166696460602D-04  -.67793188033960D-04  -.70100278923846D-05
  0.19557945710486D-04  0.10953627518018D-04  -.90864836883586D-05
  -.75190965265759D-05  -.31015512966803D-05  -.13744858807008D-04
  -.23486795917016D-05  0.79443809770652D-05  0.29439032016076D-04
  0.15694939415667D-04  0.28301181383084D-04  0.23187350340237D-04
  cycle =     33    SCF energy =    -1403.5707570340   |dE/dxyz| =  0.000107
   -3.03507450217844      2.08384683227574      2.38875378459822      c
   -1.98144268966822     -1.17830731375569      2.33969935445306      s
   -2.35400765992134     -1.86598941696831     -0.45352439197164      o
    2.18950624473747     -1.30773453753962     -1.79900259508012      np
    5.79554500545217     -0.86101514866365     -3.57284751986805      o
    0.87373137075887     -0.87250345512197      2.75608988142359      o
    2.69006460150650     -4.54748143009585     -1.29702798274238      o
    1.50086743808621      1.93255622500785     -2.12381715993338      o
   -2.68651948654127      2.84531687003801      4.27153597069633      h
   -1.93662170440736      3.08130892480260      0.95877320852620      h
   -5.04818249114724      2.11652196927688      1.94993044500360      h
    3.99213387332266     -1.42651951925605     -5.41856299510533      o
  -.90926973235206D-05  -.86956583911224D-05  -.31808499107555D-04
  -.78922349402433D-05  -.16173333180269D-04  -.22747885342511D-04
  0.66642799847472D-05  0.57578541044379D-04  0.35917859868562D-04
  0.15423416876992D-05  -.10511495462939D-04  0.21991664432619D-04
  -.69479126985073D-05  -.23312683272270D-04  -.32152914162253D-05
  0.25348231741162D-04  -.21014801929731D-04  -.90676583077709D-05
  -.78343263609781D-05  -.54147265942106D-05  0.76819746879231D-05
  0.87070216929774D-05  -.12276433512426D-04  -.54269005200780D-05
  0.14262670559706D-04  0.23452178179895D-04  -.68912254611586D-05
  -.46424564854042D-05  0.37951260631885D-05  -.44611793525995D-05
  -.92931990813838D-06  -.57796286985212D-05  0.19962708223215D-04
  -.19185593514770D-04  0.18352914807895D-04  -.19355619613748D-05
  cycle =     34    SCF energy =    -1403.5707570630   |dE/dxyz| =  0.000183
   -3.03510695701610      2.08387480733513      2.38915909560097      c
   -1.98112831244508     -1.17819399083843      2.33980663625531      s
   -2.35385609619515     -1.86603210026173     -0.45333137268760      o
    2.18933254086098     -1.30775285937045     -1.79939668131957      np
    5.79556512208501     -0.86116857688336     -3.57308030138292      o
    0.87404125577711     -0.87177061677575      2.75585785783314      o
    2.69006313149291     -4.54738095617849     -1.29694254362173      o
    1.50033759932113      1.93240072885189     -2.12479603752988      o
   -2.68853258199371      2.84469255625712      4.27256274908295      h
   -1.93525964951401      3.08193691230055      0.96066342265129      h
   -5.04777076579491      2.11655377661136      1.94829581605040      h
    3.99231471342184     -1.42715968104791     -5.41879864093226      o
  -.28116191034044D-04  -.10973012575910D-04  -.37551020198201D-04
  0.29067621767354D-05  -.45197108509143D-04  -.33459044018969D-04
  0.74785622388163D-05  0.48679194485146D-04  0.47346663187398D-04
  -.16622173788505D-04  -.46952079189033D-05  0.19388263784670D-04
  -.19101595185589D-05  0.30116954308212D-05  -.20880899991305D-05
  0.29415852839776D-04  0.21348690340983D-04  -.23997166878509D-04
  0.21371302457496D-04  0.20129682059888D-04  0.66381302809004D-04
  -.50698146341954D-04  -.38340535283510D-04  -.79947751759679D-04
  -.23110912906410D-04  0.16730547060417D-04  0.11468406041715D-04
  0.34336893660392D-04  0.16430091761777D-04  0.38270025230158D-04
  0.15141807446994D-04  -.64160097072996D-05  -.16101852172712D-04
  0.98063892477462D-05  -.20708017736237D-04  0.10290286215131D-04
  cycle =     35    SCF energy =    -1403.5707570920   |dE/dxyz| =  0.000088
   -3.03502048323842      2.08390496803280      2.38884288635658      c
   -1.98156619051338     -1.17832685057373      2.33973285659338      s
   -2.35408376286777     -1.86646913470098     -0.45345398259444      o
    2.18930263253201     -1.30772846955282     -1.79921380241092      np
    5.79563776463036     -0.86080904071287     -3.57260098938226      o
    0.87356684734844     -0.87222987057187      2.75605396078472      o
    2.69005764855007     -4.54742408809356     -1.29732576837772      o
    1.50045360940924      1.93253261667083     -2.12394088521076      o
   -2.68633559672199      2.84521868393561      4.27163573745741      h
   -1.93650196427884      3.08123956742234      0.95881573900539      h
   -5.04814005376041      2.11686211966986      1.95001892512862      h
    3.99262954891070     -1.42677050152568     -5.41856467734992      o
  0.12099029250479D-04  0.55175779705152D-05  0.27878383925817D-05
  -.10478072251630D-04  -.16329747651866D-05  -.43173456418799D-05
  0.68118233338410D-05  0.23683717775391D-04  0.89606955278043D-05
  -.40796775934382D-04  -.22049542820923D-04  0.80306934826524D-05
  0.91992196580293D-05  -.55578398008294D-05  0.10910612808779D-04
  0.10680776341587D-04  -.10919572765555D-04  -.50391482346868D-05
  0.96109307827774D-05  -.13185796632342D-05  -.19488138711665D-04
  -.10733938808016D-04  -.10882961568370D-04  0.21435615301435D-04
  0.21334316468724D-04  0.21563063293151D-04  -.17061243572591D-04
  -.12460170049966D-04  -.37101577734511D-05  -.19923691250590D-04
  -.82261549714246D-05  -.21607792205502D-05  0.25436643718235D-04
  0.12959019622727D-04  0.74680565487206D-05  -.11732522725794D-04
  cycle =     36    SCF energy =    -1403.5707572510   |dE/dxyz| =  0.000064
   -3.03524232202320      2.08382608770438      2.38904980199785      c
   -1.98123037728945     -1.17820339377041      2.33978116723236      s
   -2.35346435694702     -1.86621776705912     -0.45349280925236      o
    2.18966233639287     -1.30747186779802     -1.79910337521620      np
    5.79559813505433     -0.86150816126307     -3.57382556021192      o
    0.87380611300137     -0.87170296323597      2.75630228248082      o
    2.68998744214091     -4.54717289333659     -1.29687956173489      o
    1.50129723927097      1.93288008013351     -2.12400171166926      o
   -2.68846959152619      2.84461910964087      4.27240330359320      h
   -1.93563842860080      3.08182967739339      0.96032171537892      h
   -5.04796083412558      2.11647689957803      1.94836689965723      h
    3.99165464465181     -1.42735480798706     -5.41892215225568      o
  0.10483152158791D-04  0.25694348906313D-05  0.42229230210467D-05
  -.36564852052834D-05  -.12008752108272D-05  -.51651025483324D-05
  0.10139085617311D-04  0.22608210247910D-04  0.63556637535100D-05
  -.22084935922706D-04  -.15007964982994D-04  0.18325196398550D-04
  0.15122816945379D-04  -.17140798305615D-04  -.52082041990253D-05
  0.89645431700092D-05  -.86586688530232D-05  -.74610778928452D-05
  -.93318532199405D-05  0.44985481828519D-05  0.37677460040797D-06
  0.19980915002549D-05  -.10782203576198D-04  0.46860767177748D-06
  0.80792792440665D-05  0.19812652739315D-04  -.12070719085600D-04
  -.37037958717789D-05  0.82891169972399D-06  -.82700039367722D-05
  -.45706065181506D-05  -.68969562341259D-05  0.13828896791579D-04
  -.11439314329564D-04  0.93697054390773D-05  -.54029686893386D-05
$end
