$hessian (projected)
 1  1   0.5474760096   0.0650276325  -0.0018888651  -0.0426926802  -0.0101831440
 1  2   0.0087217529   0.0041829493   0.0022876803  -0.0048649608  -0.0011652794
 1  3   0.0008368411  -0.0024548136  -0.0003994470  -0.0000546591  -0.0000095145
 1  4  -0.0244137253   0.0329583337  -0.0038329600   0.0003259526   0.0003573746
 1  5   0.0005825359   0.0000110398  -0.0000077940   0.0006349636  -0.0518982891
 1  6  -0.0188177060  -0.0427367299  -0.1237235027  -0.0771123745   0.1034397313
 1  7  -0.3078122967   0.0047424615  -0.0578231536   0.0001092690  -0.0000346464
 1  8   0.0002320135
 2  1   0.0650276325   0.3565897029  -0.0004505770   0.0221363852  -0.1392767055
 2  2   0.0094590261   0.0013277283  -0.0028934979  -0.0106434986  -0.0020692985
 2  3  -0.0006025583   0.0012395299   0.0007336410   0.0002129483   0.0002627764
 2  4   0.0022487551   0.0095653595  -0.0006716898   0.0003951168  -0.0002241546
 2  5  -0.0000350543   0.0009968865   0.0012820496  -0.0011944109  -0.0184106461
 2  6  -0.0788357025  -0.0912727101  -0.0733702553  -0.1045254290   0.0929041503
 2  7   0.0012181685  -0.0411713278   0.0012148126  -0.0002341140  -0.0001206847
 2  8  -0.0008123546
 3  1  -0.0018888651  -0.0004505770   0.5678934556  -0.0012581255   0.0420304585
 3  2  -0.0488148478   0.0071589702  -0.0391829939  -0.0109680368  -0.0015123170
 3  3  -0.0017097988  -0.0013114196  -0.0000346548   0.0000619512   0.0000168679
 3  4  -0.0060250062  -0.0040485483   0.0051532447   0.0005564529   0.0000324674
 3  5   0.0004333844   0.0002768875  -0.0001653372   0.0004364226  -0.0419939537
 3  6  -0.0947010186  -0.2756488044   0.1022611291   0.0966900221  -0.1796612373
 3  7  -0.0576255547   0.0014877250  -0.0573815367   0.0000850372  -0.0000443502
 3  8  -0.0001474925
 4  1  -0.0426926802   0.0221363852  -0.0012581255   0.4903045747   0.0378236920
 4  2   0.0067616327  -0.0724930099  -0.0144625852  -0.0209197388  -0.0099897571
 4  3  -0.0008442371   0.0342885106   0.0041735570   0.0008941107   0.0006545229
 4  4  -0.3604560235  -0.0507396593  -0.0110764008  -0.0006281805  -0.0019598208
 4  5  -0.0030556318  -0.0029443338   0.0052391944  -0.0030830153  -0.0005617434
 4  6  -0.0062518645  -0.0006515212   0.0048143386  -0.0125328162  -0.0002864424
 4  7  -0.0085641581   0.0211586105   0.0008197071  -0.0009625839  -0.0004610097
 4  8  -0.0021934976
 5  1  -0.0101831440  -0.1392767055   0.0420304585   0.0378236920   0.2935376284
 5  2   0.0286057908  -0.0083555175  -0.0696559093  -0.0697409758   0.0059751053
 5  3   0.0133604815  -0.0026338476  -0.0008297845  -0.0005332280  -0.0001920058
 5  4  -0.0310173411  -0.0604557314  -0.0007174438  -0.0012581909  -0.0018940986
 5  5   0.0005595228   0.0020075828  -0.0072352703  -0.0012183135   0.0007116344
 5  6  -0.0024354756   0.0011917266   0.0087875025  -0.0306744790   0.0008810246
 5  7  -0.0038212384   0.0054500354  -0.0003497905   0.0001596995  -0.0001872476
 5  8   0.0015838537
 6  1   0.0087217529   0.0094590261  -0.0488148478   0.0067616327   0.0286057908
 6  2   0.4937043305  -0.0119369468  -0.0459128867  -0.3557523419   0.0322087706
 6  3   0.0041092220  -0.0095276637  -0.0018529151  -0.0003469265  -0.0008906701
 6  4  -0.0279163859   0.0014791987  -0.0761307331  -0.0032030429   0.0011345767
 6  5  -0.0013700536  -0.0021146827  -0.0042476774  -0.0009486468   0.0074945489
 6  6  -0.0219612027  -0.0024963950  -0.0069300562   0.0224534588   0.0006941676
 6  7  -0.0016977947   0.0046024979  -0.0023136003   0.0004651191   0.0006249223
 6  8   0.0038464542
 7  1   0.0041829493   0.0013277283   0.0071589702  -0.0724930099  -0.0083555175
 7  2  -0.0119369468   0.0923496264   0.0166005404   0.0480368598  -0.0259038511
 7  3  -0.0013389168  -0.0028002494  -0.0044151487  -0.0006427707   0.0012419832
 7  4   0.0045313904  -0.0069134659  -0.0477699936  -0.0021301665   0.0074785616
 7  5  -0.0005669750   0.0019325805  -0.0098812679   0.0006851941   0.0005440754
 7  6   0.0026099056  -0.0001591314  -0.0009856203   0.0004032528  -0.0001642124
 7  7   0.0020444347  -0.0020098750  -0.0002254487   0.0003427398   0.0007218250
 7  8   0.0064999498
 8  1   0.0022876803  -0.0028934979  -0.0391829939  -0.0144625852  -0.0696559093
 8  2  -0.0459128867   0.0166005404   0.0750822418   0.0940297505  -0.0022555639
 8  3  -0.0197047338   0.0021872994  -0.0000757612   0.0010942019  -0.0000525954
 8  4  -0.0010092634   0.0091163669  -0.0096103713   0.0043270304   0.0048068800
 8  5  -0.0019691553  -0.0066589783   0.0031577149   0.0011546295   0.0033493077
 8  6  -0.0088482927  -0.0009805470  -0.0019646152   0.0071177713   0.0000951496
 8  7  -0.0001912497   0.0007391714  -0.0001533047   0.0000534581  -0.0000119145
 8  8   0.0003950255
 9  1  -0.0048649608  -0.0106434986  -0.0109680368  -0.0209197388  -0.0697409758
 9  2  -0.3557523419   0.0480368598   0.0940297505   0.3653340873  -0.0086111313
 9  3  -0.0029482149  -0.0074624304   0.0036346453   0.0005329296   0.0004818464
 9  4  -0.0233722853  -0.0079665798   0.0064794327   0.0026116778  -0.0047216402
 9  5   0.0021806827   0.0014481733   0.0085992138   0.0021252323   0.0014179286
 9  6  -0.0038267217   0.0016394565   0.0001690236  -0.0028598547   0.0001242610
 9  7   0.0012433570   0.0000538016  -0.0004442052  -0.0007935493  -0.0005082097
 9  8  -0.0037379846
10  1  -0.0011652794  -0.0020692985  -0.0015123170  -0.0099897571   0.0059751053
10  2   0.0322087706  -0.0259038511  -0.0022555639  -0.0086111313   0.3013383910
10  3  -0.1505691322  -0.1155567779  -0.1127588120  -0.0114052348   0.0400911636
10  4  -0.0084315050   0.0005193335  -0.0024171943  -0.0583788704   0.0761788474
10  5  -0.0016632636  -0.0598258126   0.0758148673  -0.0004859608   0.0004439018
10  6  -0.0010321394  -0.0006744382  -0.0003118081   0.0009444921   0.0006697612
10  7   0.0000803665   0.0001450762   0.0001209964  -0.0250969637   0.0077536472
10  8   0.0578303913
11  1   0.0008368411  -0.0006025583  -0.0017097988  -0.0008442371   0.0133604815
11  2   0.0041092220  -0.0013389168  -0.0197047338  -0.0029482149  -0.1505691322
11  3   0.9817183082  -0.1125863245  -0.0095217133  -0.0253285304   0.0072354469
11  4   0.0037434807  -0.0190206799  -0.0016363477   0.0724501598  -0.4585158682
11  5   0.0586629372   0.0767844511  -0.4437226177   0.0502379631  -0.0001889470
11  6  -0.0012437334   0.0006962691   0.0038808367  -0.0026216423  -0.0028307955
11  7  -0.0005855275  -0.0009797963   0.0006938966   0.0053527046  -0.0233386294
11  8   0.0000757465
12  1  -0.0024548136   0.0012395299  -0.0013114196   0.0342885106  -0.0026338476
12  2  -0.0095276637  -0.0028002494   0.0021872994  -0.0074624304  -0.1155567779
12  3  -0.1125863245   0.2848236532   0.0572016802   0.0101642801  -0.0240610629
12  4  -0.0095617356  -0.0025860395  -0.0265319940  -0.0005391448   0.0553716888
12  5  -0.0527460231  -0.0006910744   0.0507001753  -0.0512026375   0.0002496053
12  6   0.0002592148  -0.0001461864  -0.0002416836   0.0000812800   0.0008440713
12  7  -0.0008342286   0.0012348327  -0.0000577131   0.0409399118  -0.0034320894
12  8  -0.1126205937
13  1  -0.0003994470   0.0007336410  -0.0000346548   0.0041735570  -0.0008297845
13  2  -0.0018529151  -0.0044151487  -0.0000757612   0.0036346453  -0.1127588120
13  3  -0.0095217133   0.0572016802   0.2443701171   0.0511851890   0.0852581649
13  4  -0.0035479713   0.0004805582   0.0063819190   0.0053366575  -0.0200719977
13  5   0.0020022925  -0.0058287552   0.0184139424  -0.0027028042  -0.0000426474
13  6   0.0000541936   0.0001630819   0.0002858335  -0.0002103847  -0.0002738268
13  7  -0.0002135754   0.0001051989   0.0000175989  -0.1269598082  -0.0402630817
13  8  -0.1497951819
14  1  -0.0000546591   0.0002129483   0.0000619512   0.0008941107  -0.0005332280
14  2  -0.0003469265  -0.0006427707   0.0010942019   0.0005329296  -0.0114052348
14  3  -0.0253285304   0.0101642801   0.0511851890   0.0398031014   0.0324247721
14  4  -0.0008320880  -0.0000231475   0.0014294086  -0.0098121870  -0.0009460647
14  5  -0.0000205162   0.0087066109   0.0102542832  -0.0015549680  -0.0000069882
14  6   0.0000501383   0.0000215551   0.0000132931   0.0000222628   0.0000083090
14  7  -0.0000266009   0.0000261798  -0.0000034543  -0.0380186751  -0.0246321452
14  8  -0.0427173408
15  1  -0.0000095145   0.0002627764   0.0000168679   0.0006545229  -0.0001920058
15  2  -0.0008906701   0.0012419832  -0.0000525954   0.0004818464   0.0400911636
15  3   0.0072354469  -0.0240610629   0.0852581649   0.0324247721   0.1571462693
15  4  -0.0008188462  -0.0001271812   0.0005170854   0.0044634829  -0.0033103928
15  5   0.0004057184   0.0011207097   0.0032077818  -0.0007961961  -0.0000377092
15  6   0.0000323412   0.0000658834   0.0000610064  -0.0000815204  -0.0000678733
15  7  -0.0000304458   0.0000030557   0.0000023973  -0.1319945179  -0.0394024785
15  8  -0.1328202657
16  1  -0.0244137253   0.0022487551  -0.0060250062  -0.3604560235  -0.0310173411
16  2  -0.0279163859   0.0045313904  -0.0010092634  -0.0233722853  -0.0084315050
16  3   0.0037434807  -0.0095617356  -0.0035479713  -0.0008320880  -0.0008188462
16  4   0.3876844671   0.0227917222   0.0584063177   0.0002269988   0.0048130583
16  5   0.0026295028   0.0051567356  -0.0083604051   0.0020409630  -0.0003753736
16  6  -0.0001572122   0.0011339488  -0.0000396557   0.0005242263  -0.0005605967
16  7  -0.0007491874   0.0068510562   0.0002398334   0.0004138500   0.0004040109
16  8   0.0038042902
17  1   0.0329583337   0.0095653595  -0.0040485483  -0.0507396593  -0.0604557314
17  2   0.0014791987  -0.0069134659   0.0091163669  -0.0079665798   0.0005193335
17  3  -0.0190206799  -0.0025860395   0.0004805582  -0.0000231475  -0.0001271812
17  4   0.0227917222   0.0508726262   0.0128849292   0.0012743794   0.0027871667
17  5  -0.0048505797  -0.0014467103   0.0049904341   0.0057206355  -0.0004787702
17  6   0.0015180093   0.0007459775  -0.0022997895   0.0069343033  -0.0006310194
17  7   0.0036387318  -0.0073456275  -0.0001292102   0.0002153364   0.0010609203
17  8  -0.0004915829
18  1  -0.0038329600  -0.0006716898   0.0051532447  -0.0110764008  -0.0007174438
18  2  -0.0761307331  -0.0477699936  -0.0096103713   0.0064794327  -0.0024171943
18  3  -0.0016363477  -0.0265319940   0.0063819190   0.0014294086   0.0005170854
18  4   0.0584063177   0.0128849292   0.0939384020   0.0015024014  -0.0087242629
18  5   0.0018062880  -0.0018513101   0.0083965835  -0.0028740022  -0.0007876855
18  6   0.0020077731   0.0012648666   0.0007098162  -0.0028699626  -0.0006565168
18  7  -0.0005252284   0.0001968932   0.0014306174   0.0012603186  -0.0006855095
18  8  -0.0043966907
19  1   0.0003259526   0.0003951168   0.0005564529  -0.0006281805  -0.0012581909
19  2  -0.0032030429  -0.0021301665   0.0043270304   0.0026116778  -0.0583788704
19  3   0.0724501598  -0.0005391448   0.0053366575  -0.0098121870   0.0044634829
19  4   0.0002269988   0.0012743794   0.0015024014   0.0428551800  -0.0678628969
19  5   0.0000634666   0.0128552062   0.0022416208  -0.0015308427  -0.0000462741
19  6   0.0002643617   0.0000965891   0.0000212282  -0.0000464002   0.0000100482
19  7   0.0000066694  -0.0001298613  -0.0000226400  -0.0004444011  -0.0018431326
19  8  -0.0040084485
20  1   0.0003573746  -0.0002241546   0.0000324674  -0.0019598208  -0.0018940986
20  2   0.0011345767   0.0074785616   0.0048068800  -0.0047216402   0.0761788474
20  3  -0.4585158682   0.0553716888  -0.0200719977  -0.0009460647  -0.0033103928
20  4   0.0048130583   0.0027871667  -0.0087242629  -0.0678628969   0.4342722030
20  5  -0.0600632213  -0.0007950407   0.0100582585   0.0012712972   0.0000120472
20  6   0.0000915176  -0.0001354709  -0.0006065831   0.0004025926   0.0004816044
20  7   0.0001642489   0.0000056452  -0.0000477158   0.0022922014   0.0091559225
20  8   0.0187110694
21  1   0.0005825359  -0.0000350543   0.0004333844  -0.0030556318   0.0005595228
21  2  -0.0013700536  -0.0005669750  -0.0019691553   0.0021806827  -0.0016632636
21  3   0.0586629372  -0.0527460231   0.0020022925  -0.0000205162   0.0004057184
21  4   0.0026295028  -0.0048505797   0.0018062880   0.0000634666  -0.0600632213
21  5   0.0402146856  -0.0005795961  -0.0015105504   0.0130195041  -0.0000688525
21  6   0.0001045228   0.0000173270   0.0001785806  -0.0000822559  -0.0001371628
21  7   0.0001324870  -0.0002501011   0.0000427033   0.0003454536   0.0094544513
21  8  -0.0038670541
22  1   0.0000110398   0.0009968865   0.0002768875  -0.0029443338   0.0020075828
22  2  -0.0021146827   0.0019325805  -0.0066589783   0.0014481733  -0.0598258126
22  3   0.0767844511  -0.0006910744  -0.0058287552   0.0087066109   0.0011207097
22  4   0.0051567356  -0.0014467103  -0.0018513101   0.0128552062  -0.0007950407
22  5  -0.0005795961   0.0490997529  -0.0776384970  -0.0013993910  -0.0004032293
22  6  -0.0005545622   0.0006062700  -0.0000882567  -0.0011917847  -0.0003955213
22  7  -0.0001440981  -0.0003153336   0.0002372966   0.0001791709   0.0001053757
22  8   0.0033422386
23  1  -0.0000077940   0.0012820496  -0.0001653372   0.0052391944  -0.0072352703
23  2  -0.0042476774  -0.0098812679   0.0031577149   0.0085992138   0.0758148673
23  3  -0.4437226177   0.0507001753   0.0184139424   0.0102542832   0.0032077818
23  4  -0.0083604051   0.0049904341   0.0083965835   0.0022416208   0.0100582585
23  5  -0.0015105504  -0.0776384970   0.4182860603  -0.0456181126   0.0002249080
23  6   0.0007441142  -0.0005210101  -0.0028889016   0.0012413433   0.0022001318
23  7   0.0003768738   0.0008562984  -0.0005864142  -0.0035345411   0.0000873316
23  8  -0.0204547842
24  1   0.0006349636  -0.0011944109   0.0004364226  -0.0030830153  -0.0012183135
24  2  -0.0009486468   0.0006851941   0.0011546295   0.0021252323  -0.0004859608
24  3   0.0502379631  -0.0512026375  -0.0027028042  -0.0015549680  -0.0007961961
24  4   0.0020409630   0.0057206355  -0.0028740022  -0.0015308427   0.0012712972
24  5   0.0130195041  -0.0013993910  -0.0456181126   0.0384941580   0.0000507048
24  6   0.0000593028  -0.0000547020   0.0001242231   0.0005267105  -0.0011672573
24  7   0.0003275228   0.0003198015  -0.0004176174   0.0053384425  -0.0097045352
24  8   0.0033857423
25  1  -0.0518982891  -0.0184106461  -0.0419939537  -0.0005617434   0.0007116344
25  2   0.0074945489   0.0005440754   0.0033493077   0.0014179286   0.0004439018
25  3  -0.0001889470   0.0002496053  -0.0000426474  -0.0000069882  -0.0000377092
25  4  -0.0003753736  -0.0004787702  -0.0007876855  -0.0000462741   0.0000120472
25  5  -0.0000688525  -0.0004032293   0.0002249080   0.0000507048   0.0517649297
25  6   0.0193084893   0.0470886127   0.0031828266   0.0080810620   0.0136395811
25  7  -0.0026087343  -0.0126132603  -0.0271061284   0.0000005578   0.0000111633
25  8   0.0000533480
26  1  -0.0188177060  -0.0788357025  -0.0947010186  -0.0062518645  -0.0024354756
26  2  -0.0219612027   0.0026099056  -0.0088482927  -0.0038267217  -0.0010321394
26  3  -0.0012437334   0.0002592148   0.0000541936   0.0000501383   0.0000323412
26  4  -0.0001572122   0.0015180093   0.0020077731   0.0002643617   0.0000915176
26  5   0.0001045228  -0.0005545622   0.0007441142   0.0000593028   0.0193084893
26  6   0.0817694515   0.1011122562   0.0043577418   0.0072120499   0.0142417395
26  7   0.0002286536  -0.0000033827   0.0028285294  -0.0000098614  -0.0000186941
26  8  -0.0001567370
27  1  -0.0427367299  -0.0912727101  -0.2756488044  -0.0006515212   0.0011917266
27  2  -0.0024963950  -0.0001591314  -0.0009805470   0.0016394565  -0.0006744382
27  3   0.0006962691  -0.0001461864   0.0001630819   0.0000215551   0.0000658834
27  4   0.0011339488   0.0007459775   0.0012648666   0.0000965891  -0.0001354709
27  5   0.0000173270   0.0006062700  -0.0005210101  -0.0000547020   0.0470886127
27  6   0.1011122562   0.2951289173  -0.0055904294  -0.0095887950  -0.0152266780
27  7   0.0007426297  -0.0012244632  -0.0043754758  -0.0000188823  -0.0000447883
27  8  -0.0001682091
28  1  -0.1237235027  -0.0733702553   0.1022611291   0.0048143386   0.0087875025
28  2  -0.0069300562  -0.0009856203  -0.0019646152   0.0001690236  -0.0003118081
28  3   0.0038808367  -0.0002416836   0.0002858335   0.0000132931   0.0000610064
28  4  -0.0000396557  -0.0022997895   0.0007098162   0.0000212282  -0.0006065831
28  5   0.0001785806  -0.0000882567  -0.0028889016   0.0001242231   0.0031828266
28  6   0.0043577418  -0.0055904294   0.1291534508   0.0788774344  -0.1106586551
28  7  -0.0122485587  -0.0146483599   0.0202299473  -0.0000602754  -0.0001383039
28  8  -0.0003129020
29  1  -0.0771123745  -0.1045254290   0.0966900221  -0.0125328162  -0.0306744790
29  2   0.0224534588   0.0004032528   0.0071177713  -0.0028598547   0.0009444921
29  3  -0.0026216423   0.0000812800  -0.0002103847   0.0000222628  -0.0000815204
29  4   0.0005242263   0.0069343033  -0.0028699626  -0.0000464002   0.0004025926
29  5  -0.0000822559  -0.0011917847   0.0012413433   0.0005267105   0.0080810620
29  6   0.0072120499  -0.0095887950   0.0788774344   0.1137846360  -0.1017158638
29  7   0.0022098379   0.0010066798  -0.0027335413   0.0000534548   0.0000999113
29  8   0.0001803222
30  1   0.1034397313   0.0929041503  -0.1796612373  -0.0002864424   0.0008810246
30  2   0.0006941676  -0.0001642124   0.0000951496   0.0001242610   0.0006697612
30  3  -0.0028307955   0.0008440713  -0.0002738268   0.0000083090  -0.0000678733
30  4  -0.0005605967  -0.0006310194  -0.0006565168   0.0000100482   0.0004816044
30  5  -0.0001371628  -0.0003955213   0.0022001318  -0.0011672573   0.0136395811
30  6   0.0142417395  -0.0152266780  -0.1106586551  -0.1017158638   0.1886215889
30  7  -0.0054437344  -0.0056900826   0.0064155290   0.0000238673   0.0000556519
30  8   0.0002171077
31  1  -0.3078122967   0.0012181685  -0.0576255547  -0.0085641581  -0.0038212384
31  2  -0.0016977947   0.0020444347  -0.0001912497   0.0012433570   0.0000803665
31  3  -0.0005855275  -0.0008342286  -0.0002135754  -0.0000266009  -0.0000304458
31  4  -0.0007491874   0.0036387318  -0.0005252284   0.0000066694   0.0001642489
31  5   0.0001324870  -0.0001440981   0.0003768738   0.0003275228  -0.0026087343
31  6   0.0002286536   0.0007426297  -0.0122485587   0.0022098379  -0.0054437344
31  7   0.3301393581  -0.0032526607   0.0635352174   0.0000697801   0.0000407628
31  8   0.0001757727
32  1   0.0047424615  -0.0411713278   0.0014877250   0.0211586105   0.0054500354
32  2   0.0046024979  -0.0020098750   0.0007391714   0.0000538016   0.0001450762
32  3  -0.0009797963   0.0012348327   0.0001051989   0.0000261798   0.0000030557
32  4   0.0068510562  -0.0073456275   0.0001968932  -0.0001298613   0.0000056452
32  5  -0.0002501011  -0.0003153336   0.0008562984   0.0003198015  -0.0126132603
32  6  -0.0000033827  -0.0012244632  -0.0146483599   0.0010066798  -0.0056900826
32  7  -0.0032526607   0.0413875247  -0.0007077956  -0.0000330524   0.0000285996
32  8  -0.0000261650
33  1  -0.0578231536   0.0012148126  -0.0573815367   0.0008197071  -0.0003497905
33  2  -0.0023136003  -0.0002254487  -0.0001533047  -0.0004442052   0.0001209964
33  3   0.0006938966  -0.0000577131   0.0000175989  -0.0000034543   0.0000023973
33  4   0.0002398334  -0.0001292102   0.0014306174  -0.0000226400  -0.0000477158
33  5   0.0000427033   0.0002372966  -0.0005864142  -0.0004176174  -0.0271061284
33  6   0.0028285294  -0.0043754758   0.0202299473  -0.0027335413   0.0064155290
33  7   0.0635352174  -0.0007077956   0.0571278255  -0.0000232266  -0.0000260120
33  8  -0.0000289239
34  1   0.0001092690  -0.0002341140   0.0000850372  -0.0009625839   0.0001596995
34  2   0.0004651191   0.0003427398   0.0000534581  -0.0007935493  -0.0250969637
34  3   0.0053527046   0.0409399118  -0.1269598082  -0.0380186751  -0.1319945179
34  4   0.0004138500   0.0002153364   0.0012603186  -0.0004444011   0.0022922014
34  5   0.0003454536   0.0001791709  -0.0035345411   0.0053384425   0.0000005578
34  6  -0.0000098614  -0.0000188823  -0.0000602754   0.0000534548   0.0000238673
34  7   0.0000697801  -0.0000330524  -0.0000232266   0.1524086647   0.0337033894
34  8   0.0843720260
35  1  -0.0000346464  -0.0001206847  -0.0000443502  -0.0004610097  -0.0001872476
35  2   0.0006249223   0.0007218250  -0.0000119145  -0.0005082097   0.0077536472
35  3  -0.0233386294  -0.0034320894  -0.0402630817  -0.0246321452  -0.0394024785
35  4   0.0004040109   0.0010609203  -0.0006855095  -0.0018431326   0.0091559225
35  5   0.0094544513   0.0001053757   0.0000873316  -0.0097045352   0.0000111633
35  6  -0.0000186941  -0.0000447883  -0.0001383039   0.0000999113   0.0000556519
35  7   0.0000407628   0.0000285996  -0.0000260120   0.0337033894   0.0378766302
35  8   0.0437129474
36  1   0.0002320135  -0.0008123546  -0.0001474925  -0.0021934976   0.0015838537
36  2   0.0038464542   0.0064999498   0.0003950255  -0.0037379846   0.0578303913
36  3   0.0000757465  -0.1126205937  -0.1497951819  -0.0427173408  -0.1328202657
36  4   0.0038042902  -0.0004915829  -0.0043966907  -0.0040084485   0.0187110694
36  5  -0.0038670541   0.0033422386  -0.0204547842   0.0033857423   0.0000533480
36  6  -0.0001567370  -0.0001682091  -0.0003129020   0.0001803222   0.0002171077
36  7   0.0001757727  -0.0000261650  -0.0000289239   0.0843720260   0.0437129474
36  8   0.2503379101
$end
