$hessapprox internal
  0.548633594608D+00  0.425692368926D-01  0.534021978225D+00  0.316980868742D-01
  0.275813162186D-01  0.203657141440D+00  0.816145705257D-02  0.590257736203D-02
  0.157631600294D-01  0.197109179017D+00 -0.240924736154D-01 -0.155610293135D-01
  0.373842103189D-02 -0.372437331902D-01  0.546223798979D+00  0.550231283001D-02
  0.619056030086D-02 -0.486197786749D-02 -0.242783722540D-01 -0.113527804486D+00
  0.837405512859D+00  0.295450984191D-02  0.286580094563D-02  0.109970011738D-02
  0.546640058119D-02 -0.229144304652D-01  0.934527942589D-02  0.185621874006D-01
  0.222484636582D-02  0.138356611391D-02 -0.833458182546D-03  0.224195279041D-02
 -0.529200588826D-02  0.444710015995D-03  0.168392626252D-02  0.432969734183D+00
 -0.312803970000D-02 -0.220796843671D-02  0.159474896298D-02 -0.991871223310D-03
  0.310004363147D-02 -0.186721518934D-02 -0.267762003861D-02  0.340550364298D-03
  0.430998151684D+00  0.399797583666D-03 -0.571498817905D-03  0.876906763760D-03
  0.296312229908D-02 -0.576177785703D-02  0.194111135654D-03  0.108783204026D-02
 -0.921895065394D-03  0.227267644455D-03  0.432241829624D+00  0.774580249553D-02
  0.738562003946D-02  0.613868748112D-02 -0.234417592829D-02 -0.100607676678D-01
 -0.197518108836D-01  0.146821123365D-03  0.994368691462D-03 -0.135013415290D-02
  0.328194792065D-03  0.327351577646D+00 -0.384682985375D-02 -0.794942453732D-02
 -0.201556197367D-03  0.409312082276D-02  0.401633854810D-01  0.919435209520D-02
 -0.168022579482D-03 -0.159980715291D-02 -0.335809091805D-02  0.277335407263D-02
  0.626965775665D-03  0.300371927711D+00 -0.700503518520D-02 -0.339712163270D-02
  0.957977853686D-03 -0.724263726448D-02  0.477997634052D-01  0.892259433258D-03
 -0.105157895610D-01 -0.178021908941D-02 -0.163974908999D-02  0.145590353397D-02
  0.196176921371D-02 -0.144427299289D-01  0.305648179645D+00 -0.120752808321D-01
 -0.605383785011D-02 -0.111944687315D-02 -0.210175475595D-01  0.307524187482D-01
 -0.113418720411D-01  0.210211451932D-02  0.373718934743D-02 -0.374665489951D-02
  0.211929482652D-03  0.317725673607D-02 -0.100475073782D-01 -0.275037120917D-01
  0.306321742462D+00 -0.476121090624D-02 -0.361889719115D-02 -0.309398636240D-02
  0.120161345406D-01  0.285737388593D-01  0.851500776712D-03  0.129233773590D-01
  0.206343806432D-02 -0.289761598689D-02  0.181201412105D-02 -0.521503071341D-02
  0.857313797108D-02  0.138589384916D-01  0.235592897411D-01  0.294269573602D+00
  0.947958330340D-02  0.102357902834D-01  0.355210459357D-02 -0.125175531255D-01
  0.415829142619D-02 -0.103970908465D-02  0.923572119394D-03  0.197740346026D-02
 -0.401920171006D-02  0.210025198474D-02 -0.795512853955D-02 -0.129920978683D-01
 -0.158165324751D-01 -0.189228251744D-01  0.797262645178D-02  0.324401790221D+00
 -0.592455135889D-03  0.147089883231D-01 -0.402983787809D-01 -0.312933303428D-01
  0.982242520846D-01 -0.217190599602D-01 -0.168645333811D-01  0.862401296761D-02
  0.362237866334D-02 -0.177342638668D-01  0.305310255746D-02 -0.242994368070D-01
  0.281264141124D-02  0.306703094750D-01 -0.564311151226D-02  0.430786686777D-02
  0.762717290337D+00 -0.150172680703D-01 -0.769395295890D-02 -0.736516645507D-02
  0.317571909964D-01 -0.101631076843D+00  0.482861666867D-01  0.300100331936D-01
  0.163470747399D-01 -0.182507689510D-01  0.180892771703D-03 -0.118585256301D-01
  0.136755545154D-02 -0.286989771723D-01  0.329979307242D-01  0.144588186421D-01
  0.466606357668D-02  0.530294547406D-02  0.537151784381D+00  0.595921618167D-01
  0.631892303469D-01  0.248039194520D-01  0.300278471436D-01 -0.301410138829D-01
  0.507165116801D-02 -0.301557827264D-03  0.404160366557D-02 -0.272916494827D-02
 -0.115402931647D-02  0.254772612322D-03  0.234840451654D-03 -0.333863012428D-01
  0.247475278696D-02  0.358874505259D-01 -0.254940493316D-02  0.115451173070D-01
  0.315952263305D-01  0.280412713829D+00 -0.232898831433D-01 -0.160457450236D-01
 -0.829574369905D-02 -0.420719098023D-03 -0.140876799901D-01  0.201620626866D-01
 -0.747630044452D-03  0.320292171228D-02 -0.291832222051D-02  0.173549083187D-02
 -0.549216781108D-02 -0.866727342480D-02 -0.702698328833D-02  0.233563414495D-02
  0.982119967987D-02 -0.175831821827D-01 -0.686690504665D-02 -0.185222799781D-01
  0.365951317803D-01  0.492725459961D+00  0.513206572494D-01  0.496660182527D-01
  0.385453354913D-02 -0.116108578778D-03  0.536010143837D-01 -0.134499709065D-01
  0.603214994642D-02 -0.545019962840D-03 -0.155622126313D-02  0.108749532708D-02
 -0.492937155843D-02  0.379498384921D-01  0.179030777492D-01  0.108875467812D-01
  0.169888270029D-01  0.340782025224D-02 -0.212075800671D-01  0.152075265123D-01
 -0.385257583408D-01 -0.205277802159D-01  0.240980916776D+00 -0.535482136005D-01
 -0.559714229410D-01 -0.515609906816D-01 -0.466939746939D-02  0.341533174869D-02
 -0.172701678624D-01 -0.652051452177D-02  0.322187488163D-03 -0.237834650479D-03
 -0.611537529834D-03 -0.563739247300D-02  0.574051910917D-02 -0.762679496514D-02
  0.820479157975D-02  0.287217289037D-01 -0.495431377830D-02  0.121638402476D-01
  0.543933132541D-02 -0.915894711822D-01 -0.477656959859D-01 -0.159399291774D-01
  0.200106541000D+00 -0.414287448654D-01 -0.352892602597D-01 -0.366446634338D-02
 -0.788412214445D-02  0.156902321529D-01 -0.847531123541D-03  0.118720688975D-01
  0.642525673377D-02 -0.433093190359D-02 -0.277165008484D-02  0.129941168184D-01
  0.241406314021D-01 -0.811702950109D-03 -0.670427187241D-02 -0.913964345868D-02
  0.261123119278D-01  0.359970280109D-01  0.311691821267D-01 -0.328719188707D-01
  0.560419536808D-01  0.417545602007D-02  0.361209334374D-01  0.789171433617D+00
  0.123061971906D-01  0.191549374392D-02 -0.104847991180D-01  0.346364069272D-01
 -0.505229267715D-01  0.225596511426D-01 -0.149991861407D-01 -0.895180775781D-02
  0.198182256757D-01 -0.900620212399D-02  0.294590017435D-01  0.244800800114D-01
  0.459817932526D-01  0.557265867015D-01  0.178326026686D-01  0.703180690775D-01
  0.250827940109D-01  0.999741443492D-02  0.701871589867D-01  0.530055966271D-01
 -0.566392685147D-01 -0.189516013352D-01 -0.122615296867D-01  0.637819507752D+00
 -0.671262005930D-01 -0.695457250555D-01 -0.522089864507D-01  0.377747705361D-03
 -0.136466397872D-01 -0.210102513341D-03 -0.337385838747D-02 -0.113148562648D-02
  0.200619934216D-02 -0.173065893339D-02 -0.255953408367D-02 -0.861600755210D-02
 -0.458254380156D-02  0.680550089741D-02  0.156161133347D-01 -0.217764378922D-02
  0.147256354968D-01  0.120123056657D-01 -0.687791012870D-01 -0.394335677265D-01
 -0.555264809650D-01  0.155162409248D+00 -0.104684620603D-01  0.244226800519D-01
  0.203280364075D+00 -0.188410752247D-01 -0.167540233172D-01  0.376463670657D-03
  0.432027308563D-02 -0.949818873099D-02  0.543744802358D-02 -0.189069638779D-02
  0.138129031882D-02  0.282060604594D-02 -0.395415084394D-02  0.548834243939D-02
 -0.898268678356D-03  0.985228992715D-03  0.815997017929D-02  0.315672410328D-02
  0.126368590494D-01  0.376650778711D-01  0.139826172728D-02 -0.569894327619D-03
  0.226892493061D-01 -0.104003058782D-01  0.147619195600D-01 -0.173410780415D-01
 -0.385771023242D-01  0.166226323423D-01  0.291504822686D+00  0.301754194359D-01
  0.166314693697D-01  0.445838762467D-03  0.478012293407D-01 -0.919329900734D-01
  0.172796023856D-01  0.400800086037D-02 -0.181076461801D-02  0.275669324637D-02
  0.474932563481D-02  0.248671736714D-03 -0.133545270982D-01  0.197592261468D-01
  0.351186763722D-01 -0.474737954508D-01  0.122102560487D-01 -0.101201809012D+00
 -0.217275572797D-01 -0.182288049268D-01  0.833927760813D-02  0.153744433387D-01
 -0.438708749728D-02 -0.335034418775D-01  0.235436159794D-01 -0.955168589635D-02
 -0.385844643031D-02  0.141449392262D+00  0.260913852956D-02  0.653614215325D-02
 -0.178632038881D-02 -0.189351474962D-01 -0.566777675010D-01 -0.169105080290D-01
  0.242787886340D-02  0.560179775109D-02 -0.300641101299D-02 -0.174131216836D-02
  0.224457729533D-02 -0.279343605287D-02 -0.181229942166D-01 -0.705264087537D-02
  0.165941462981D-01 -0.280501250897D-02  0.474747726515D-01  0.816600825609D-01
  0.248238605290D-01  0.776509649097D-02 -0.310934387411D-01  0.445579310701D-02
  0.230430413764D-01 -0.112967206020D-01  0.388187968320D-02  0.108146846797D-02
 -0.194876522433D-01  0.124042388958D+00  0.166885600424D-03 -0.160524919329D-01
  0.182207577095D-01 -0.623317419774D-02  0.377367756940D-01 -0.396238220428D-01
 -0.197520717832D-02 -0.400555731035D-02  0.628357809075D-03 -0.104027488521D-02
 -0.139491055895D-01 -0.701626363810D-02  0.176568436117D-01  0.280549178635D-01
 -0.493319523278D-02 -0.548521155588D-02 -0.169829922962D-04 -0.557113095855D-02
  0.619735750498D-02 -0.260940823324D-02 -0.163684528851D-03 -0.189970351398D-01
  0.600280574665D-01 -0.273960724439D-01 -0.178570124838D-01  0.131716879292D-02
 -0.468320116381D-01  0.118675264612D-01  0.132850058146D+00  0.680640730810D-02
  0.696871787612D-02 -0.122620944570D-01  0.132211913562D-02 -0.694995681457D-01
  0.514638994112D-01  0.257137612735D-01  0.692620761139D-02 -0.103021653372D-01
  0.391648858949D-02  0.355558421124D-02  0.135915063679D-02 -0.325611001433D-01
 -0.188844755524D-02  0.576851097591D-01 -0.434730212789D-02 -0.407873522727D-01
  0.125367966373D+00  0.148731058999D-01 -0.145663340213D-01  0.233112948912D-01
  0.127994953972D-02  0.379731937204D-01 -0.556263900781D-01 -0.704876295652D-02
 -0.196893314154D-02 -0.639250371175D-03  0.527232506979D-01  0.135717607935D-01
  0.307991421707D+00
$end
