$optinfo internal
 gdiistep   on
 trostep    off
 calchess   off
 iteration  29
 ndiis       5
 itrvec      0
 tradius    7.208927044646E-02
 actrad     2.674074899310E-02
 energyo   -1.403563602528E+03
 predengy  -4.566351540445E-05
 trnvec
  0.000000000000D+00  0.000000000000D+00  0.000000000000D+00
  0.000000000000D+00  0.000000000000D+00  0.000000000000D+00
  0.000000000000D+00  0.000000000000D+00  0.000000000000D+00
  0.000000000000D+00  0.000000000000D+00  0.000000000000D+00
  0.000000000000D+00  0.000000000000D+00  0.000000000000D+00
  0.000000000000D+00  0.000000000000D+00  0.000000000000D+00
  0.000000000000D+00  0.000000000000D+00  0.000000000000D+00
  0.000000000000D+00  0.000000000000D+00  0.000000000000D+00
  0.000000000000D+00  0.000000000000D+00  0.000000000000D+00
  0.000000000000D+00  0.000000000000D+00  0.000000000000D+00
 displ
  0.106227203591D-03  0.125499842007D-04  0.193646582129D-04
 -0.505324150685D-03  0.279832793491D-03 -0.120243827323D-02
  0.956991351333D-03  0.214995294465D-04 -0.957383374400D-05
  0.337076486634D-05  0.458432006308D-04 -0.312432227658D-04
  0.125444366855D-04 -0.991916877048D-04 -0.128833965400D-03
  0.353000842841D-04 -0.129463609014D-03  0.363455951904D-03
 -0.107290246650D-02  0.343208291658D-04 -0.973542722503D-03
  0.155767750553D-02 -0.152009602193D-03  0.673040428492D-04
 -0.139527103411D-02  0.183835454226D-04 -0.309056216910D-03
 -0.116461308092D-01 -0.351279261037D-03  0.130318509961D-02
 dxyz
 -0.182970673814D-02 -0.767399344408D-03 -0.239259455159D-02
 -0.168316674940D-02 -0.759054457316D-03 -0.221165442196D-02
  0.599062967593D-02  0.242132707977D-02 -0.397339268495D-02
  0.778545725434D-02  0.211726636715D-02  0.747828469266D-02
 -0.568402688601D-02 -0.523475961208D-02 -0.138437895777D-01
 -0.317097715729D-02 -0.150084446352D-02  0.608373701109D-02
  0.666681094439D-02  0.173162681132D-02  0.692162104650D-02
  0.140722529574D-01  0.383277672958D-02  0.129922104392D-01
 -0.645316382377D-02 -0.228040793599D-02 -0.101774026217D-02
  0.156186782472D-02  0.462602687404D-03  0.121946808501D-02
 -0.631487659785D-03 -0.368046125214D-03 -0.726622000100D-02
 -0.166244896424D-01  0.344912263296D-03 -0.398992977504D-02
 grado
 -0.690935272737D-04 -0.826317556017D-04  0.852988181053D-04
 -0.315635345479D-04 -0.178223609131D-03 -0.351271382981D-04
  0.786340675759D-05 -0.824669554473D-05  0.722314249540D-05
 -0.274269147867D-05 -0.137033011025D-04 -0.279474712267D-04
  0.804076600662D-05  0.754453943203D-05 -0.124804875745D-05
 -0.616400604926D-05  0.296910317071D-04 -0.290920008509D-03
 -0.445413666590D-04  0.634753136740D-04 -0.870329895777D-04
 -0.383107891649D-04 -0.474496506132D-04  0.777487380563D-04
  0.876052995471D-05 -0.369374759406D-05 -0.134336387560D-04
  0.146908815973D-03 -0.450958274675D-04 -0.342019100414D-03
$end
