$vibrational normal modes
 1  1   0.2169578803   0.0707346953   0.1430284653   0.1014734920  -0.0252520739
 1  2   0.3091485134  -0.1287625514  -0.2201422489   0.2132492921  -0.2686454515
 1  3  -0.0486494647  -0.0046695231  -0.0363257203   0.0666287039   0.0289040195
 1  4  -0.0236359475  -0.1548371998  -0.0266459362   0.1595563421   0.0008426117
 1  5   0.0119931750  -0.0139590064   0.1505637605   0.0246832439  -0.1056151653
 1  6  -0.0850639479   0.0850256418   0.0732278726  -0.0754333582  -0.0633939685
 1  7   0.0407225265   0.0398955798  -0.0447090201   0.0125296771  -0.0657104997
 1  8   0.0616892126
 2  1  -0.0458753850  -0.1109999740   0.2399034738   0.3426344456   0.0258901728
 2  2   0.0685168134  -0.0422756020  -0.1732689385   0.0677257576   0.0503077861
 2  3   0.1436454060  -0.0003077894  -0.0100767653  -0.0392466503   0.0143380117
 2  4  -0.0072518642  -0.0481916093   0.0452005285  -0.1627335991  -0.0005244736
 2  5  -0.0149973573   0.0331261924  -0.3909076927  -0.0133444882  -0.0325471718
 2  6  -0.0434147058   0.0610411072   0.0625359812  -0.0600493225  -0.0158071901
 2  7  -0.1316062804   0.0075402466  -0.0137716144  -0.0401632791  -0.0203262331
 2  8   0.0195176693
 3  1   0.1431112104   0.2600600599  -0.1762761487   0.0949564158  -0.0805548959
 3  2   0.2496001816  -0.1218696030   0.2772119539   0.2164589891   0.2467344664
 3  3   0.0051165749  -0.0038864127  -0.0355023938  -0.0493340179   0.0391420557
 3  4  -0.0232464114  -0.1545755091   0.0114568375  -0.1103273726  -0.0000023727
 3  5  -0.0076334047   0.0034542860  -0.0303284584  -0.0200691364  -0.1034591267
 3  6   0.1037489107  -0.1057488631  -0.0905279130   0.0859706354  -0.0770522448
 3  7  -0.0002070302  -0.0437269477  -0.0433282458  -0.0000042281  -0.0640478274
 3  8  -0.0694883670
 4  1   0.2019499353  -0.0937888046  -0.0717824130  -0.0291596910  -0.1118058774
 4  2   0.2108804073  -0.1199280327   0.0121231218  -0.0707553632  -0.0603568540
 4  3  -0.3220831170   0.0083994703   0.0065792538  -0.0260261094  -0.0269351312
 4  4   0.0109084379   0.0695147472  -0.0219106345  -0.0200160819  -0.0053681148
 4  5  -0.0242726038  -0.1490919920  -0.0631024801   0.0187684847  -0.0043310093
 4  6  -0.0346140518   0.0376687058  -0.1092065281   0.1483750284   0.2358608794
 4  7  -0.0035645722   0.0041248872  -0.0028886255  -0.0000215842  -0.0005119321
 4  8   0.0002483056
 5  1  -0.0489850855  -0.1599325623   0.1709278838   0.3001797322  -0.0039886822
 5  2   0.0377707342  -0.0394130520  -0.0922820556  -0.0199442077   0.1157779424
 5  3   0.0206324059   0.0035999070   0.0025458960  -0.0637820658  -0.0029993446
 5  4   0.0033719281   0.0211898176   0.0240804073  -0.1304004995  -0.0018620364
 5  5  -0.0095079824  -0.0581144405   0.2032044645  -0.0046924919  -0.0007824661
 5  6   0.0543933671  -0.0635116907  -0.0341941388   0.0293674081   0.0744082359
 5  7   0.0012713813   0.0033656495  -0.0009168888   0.0001788207  -0.0001595866
 5  8   0.0003738704
 6  1   0.0278878679  -0.0200527571  -0.2051325767   0.1110858696   0.0460043710
 6  2   0.1829047719  -0.1203444852   0.0175537589  -0.0696404836   0.0258759343
 6  3   0.3134996573   0.0138411453   0.0093258956   0.0406810143  -0.0347164906
 6  4   0.0106781042   0.0681367719   0.0149387096   0.0604914305  -0.0038863109
 6  5   0.0276213905   0.1680097629   0.0004883919  -0.0166223185  -0.0034984554
 6  6   0.0174604112  -0.0175234108   0.1143134482  -0.1306146767   0.2609370654
 6  7   0.0032426475  -0.0052976266  -0.0027355720  -0.0000330620  -0.0005016338
 6  8  -0.0003739445
 7  1   0.0346318740  -0.0946087443  -0.0191636201  -0.1097640446  -0.1563606139
 7  2   0.1061720686   0.0727128109  -0.0076666648  -0.1037744017  -0.0600979514
 7  3  -0.2597046645   0.0926763145   0.2216151005  -0.0334367880   0.0051348491
 7  4  -0.0331628793  -0.1353713807   0.0019721380  -0.1311413338  -0.0156310128
 7  5   0.0514381748   0.4620181387   0.0323744153   0.0447023820  -0.0015705328
 7  6  -0.0113160773   0.0095736240  -0.0114390102  -0.0064910758  -0.0816881455
 7  7   0.0005647186  -0.0015743941   0.0005197845  -0.0001377461   0.0002266241
 7  8  -0.0000771288
 8  1  -0.0021787572   0.1097544547   0.2521019127   0.2839572591  -0.1110701813
 8  2   0.0786848556   0.0357099024   0.0980860023   0.1869279692   0.2210801774
 8  3  -0.2045567167   0.0345562459   0.1139464373  -0.0451784005  -0.0204639589
 8  4   0.0016857289   0.2269292055  -0.0411778311   0.2148095036  -0.0034499485
 8  5   0.0282174807   0.1349178751  -0.0068390618   0.0233977928   0.0365837800
 8  6  -0.0545506120   0.0655894344  -0.0151595600   0.0227546196  -0.0967856340
 8  7  -0.0006648309  -0.0022429894  -0.0003161672  -0.0000834783  -0.0000321698
 8  8  -0.0000831029
 9  1   0.0386482776  -0.0863748532  -0.2321378425   0.1258200148   0.0783170664
 9  2   0.1867757331  -0.1706009525  -0.0240673688  -0.1118063612   0.0034260346
 9  3   0.3762493865  -0.0106304136  -0.0629418442   0.0420161091  -0.0170136684
 9  4   0.0171821846   0.0419384140   0.0331925481  -0.0196928237  -0.0005892902
 9  5   0.0060062015   0.0940482559   0.0448178946   0.0493702647   0.0553292414
 9  6  -0.1105493365   0.1115377512  -0.1774285302   0.2177069385  -0.4185243397
 9  7  -0.0062292739   0.0013348144  -0.0000995953  -0.0001594729   0.0004356510
 9  8   0.0002099133
10  1  -0.0426662412  -0.0499358503   0.0652866267  -0.1131951139  -0.1543272415
10  2   0.0821465255   0.0619733461   0.0066718323   0.0042043975   0.0317885752
10  3   0.0601322800  -0.0063925064  -0.0096990345   0.0162051383   0.0689471154
10  4  -0.0015136245   0.0054823592   0.0588212625   0.0053944051   0.0224358984
10  5  -0.0704687022   0.0014002494   0.0011263165  -0.0036764277   0.0000418807
10  6   0.0066549210   0.0045102485  -0.0033152791  -0.0041041783   0.0021059710
10  7   0.0000962967  -0.0000623228   0.0000154431  -0.0000080564  -0.0000045032
10  8  -0.0000030371
11  1   0.0028485012   0.0006267816  -0.0222774001   0.0883888984  -0.2872809855
11  2  -0.0417131283   0.0202740663   0.0321798137  -0.0000710833  -0.0645696053
11  3   0.0251331909  -0.0020317202  -0.0031108466  -0.0256581487   0.0242937766
11  4  -0.0006502333   0.0017611881   0.0038462872  -0.0014970756   0.0073784345
11  5  -0.0040543102  -0.0007233358  -0.0007364686   0.0081567625  -0.0001843312
11  6  -0.0368589364  -0.0246957230   0.0005313011  -0.0001331516   0.0005876427
11  7  -0.0005061594   0.0002188771   0.0000076517   0.0000267910  -0.0000013142
11  8  -0.0000228198
12  1  -0.2202414796   0.0191280217  -0.0609706115   0.0330105205   0.0119966588
12  2   0.0556546458   0.0625369026  -0.0173378363   0.0038860908  -0.0116687180
12  3  -0.0655599338  -0.0074341163  -0.0101021346   0.0042983815   0.0719421405
12  4  -0.0018940913   0.0058683325  -0.0587645602  -0.0049648501   0.0256211571
12  5   0.0692780760  -0.0009438417  -0.0008903930   0.0011438496   0.0000363072
12  6   0.0048005526   0.0031844486   0.0029922461   0.0042520828   0.0015626805
12  7   0.0000620338  -0.0000063878   0.0000139396  -0.0000002131  -0.0000046910
12  8   0.0000100044
13  1  -0.1457187967  -0.0057537799   0.1573494858  -0.1293068186  -0.1593350032
13  2   0.0418066928  -0.1818753134   0.0513554849  -0.0260543653  -0.0167188670
13  3   0.0752428179  -0.0017902332  -0.0072332266  -0.0566286253   0.0022510546
13  4  -0.1171427683   0.0018067613   0.0933132182  -0.0006361809  -0.6273461649
13  5   0.4352631985  -0.0277117617  -0.0004457667   0.0911304435   0.0004246805
13  6   0.0184400032  -0.0107628614   0.2540160313   0.2295156044  -0.0126598118
13  7  -0.0006203619   0.0003422138  -0.0000464248   0.0000609562  -0.0000029033
13  8  -0.0000075532
14  1   0.0183380957  -0.0224840951  -0.2257539058  -0.0746839249  -0.4567315752
14  2  -0.1297093620  -0.1326478431  -0.1980499262   0.1251537545   0.1947276270
14  3  -0.0989102869   0.0099015621   0.0230479025   0.3488827866  -0.0046734648
14  4   0.6298222109  -0.0086421491  -0.0026710829  -0.0044042104  -0.0825729485
14  5   0.0078032674   0.0007226297   0.0003172273   0.0317638495   0.0001388339
14  6   0.0125547296   0.0014794887   0.0721183190   0.0641394565  -0.0036225793
14  7  -0.0000427402   0.0000304674   0.0000064949   0.0000065736   0.0000002742
14  8   0.0000028731
15  1  -0.4256825128   0.1030706247   0.0749295579  -0.0406769594  -0.0407372065
15  2  -0.0483903819  -0.5101319013   0.0148351217  -0.0326799177  -0.0453593875
15  3  -0.0525462837   0.0116633382   0.0178862859  -0.0604838496  -0.0692226812
15  4  -0.0758380084  -0.0048427767  -0.0905599758   0.0022665522   0.2850631966
15  5  -0.5575392535   0.0451842185   0.0033902573   0.1259562476   0.0000743422
15  6   0.0181431234  -0.0094796818   0.1995774554   0.1730003784  -0.0099744939
15  7  -0.0003338247   0.0001644597  -0.0000212478   0.0000150544   0.0000035298
15  8   0.0000016577
16  1   0.2276615615  -0.0833381678  -0.0660855394  -0.0090256821  -0.0997760009
16  2   0.2325507433  -0.1538920319  -0.0047615291  -0.0487801257  -0.0704399481
16  3  -0.3068870371  -0.0090814559  -0.0379588023  -0.0299761803  -0.0154508981
16  4   0.0184010751   0.1134877745  -0.0184383739  -0.0502261700  -0.0016763330
16  5  -0.0118649326  -0.1103533195  -0.0396241919  -0.0535744721   0.0664776139
16  6   0.1194994784  -0.1259690304   0.1822678599  -0.2570035201  -0.3791059498
16  7   0.0061275544  -0.0006537733  -0.0001968951   0.0001702437   0.0004003820
16  8  -0.0001719954
17  1  -0.0663526235  -0.3418655856  -0.0270194328   0.1912941292  -0.0619000530
17  2  -0.0513905949  -0.0597407685   0.0990823188  -0.2277625361   0.2232924786
17  3  -0.2187267562  -0.0098421212  -0.0593308368  -0.0371646442   0.0250238314
17  4  -0.0064757635  -0.2335075982  -0.0532467240   0.2395774988  -0.0001851679
17  5   0.0083653891  -0.0422179985  -0.0290518940  -0.0064653862  -0.0175471813
17  6  -0.0129086492   0.0237434886   0.0432561249  -0.0473930101  -0.0509053440
17  7   0.0010545533  -0.0019311851   0.0004725230   0.0000119925   0.0002285855
17  8  -0.0001095467
18  1  -0.1355316390   0.0422478951  -0.0984660339   0.0532559815   0.0061909129
18  2   0.1000274235   0.0873153390  -0.0242577989  -0.0386102496  -0.0079725805
18  3   0.2930410713   0.1039896476   0.2501952232   0.0372704759  -0.0098566193
18  4  -0.0320479861  -0.0646432019   0.0132627111   0.0619477287  -0.0169839773
18  5  -0.0577935773  -0.4774167966  -0.0264464916  -0.0477346857   0.0068237686
18  6   0.0211152474  -0.0229198042   0.0084853916   0.0015917401  -0.0855775486
18  7  -0.0006698908   0.0022443146   0.0003764560   0.0001474046   0.0001843239
18  8   0.0001122600
19  1  -0.0250590922  -0.2200439544  -0.1674496332  -0.2324268160  -0.2350798756
19  2   0.0011845333   0.0529800949  -0.1136878745   0.2094965667   0.1072444005
19  3   0.1128157823   0.0029361296  -0.0065622511  -0.4373576905  -0.4303865870
19  4  -0.1686645910   0.0059972065  -0.4770794387   0.0114722954   0.0048248601
19  5   0.0272367907   0.0048811252  -0.0020412955  -0.0997031287  -0.0003550404
19  6  -0.0507271390  -0.0276118214   0.0125775664   0.0163845178  -0.0060368615
19  7  -0.0002386155   0.0000782505   0.0000511398   0.0000153341   0.0000110709
19  8   0.0000121960
20  1  -0.0071761262  -0.0698086229  -0.0656487289   0.0740716536  -0.2794660856
20  2  -0.0619307357   0.0183009718   0.0340913406   0.0630675189  -0.0739417699
20  3   0.0527401015   0.0009898330  -0.0017761864  -0.0550302183  -0.1433084338
20  4  -0.0523151240   0.0015723665  -0.0014194688  -0.0019566167   0.0019382955
20  5   0.0380017852  -0.0320653932  -0.0017697903   0.5989559559   0.0017905454
20  6   0.3043694892   0.1747715525  -0.0673213916  -0.0831044884   0.0031939457
20  7   0.0017682643  -0.0006986531   0.0000097871  -0.0000809693   0.0000037193
20  8   0.0000536841
21  1  -0.3024427741  -0.2657204461  -0.1088589632   0.0594464938   0.1428533815
21  2   0.0059063956   0.0582447111   0.1056410679   0.2073203563  -0.0920264439
21  3  -0.1299065313   0.0010679355  -0.0055782351   0.3679095713  -0.5178671641
21  4  -0.1680653400   0.0044698733   0.4687424889  -0.0111717458   0.0030507814
21  5  -0.0386141349   0.0051012719   0.0026787539  -0.0862390882  -0.0003003825
21  6  -0.0435959749  -0.0265981895   0.0084947218   0.0088667282  -0.0055774173
21  7  -0.0003120844   0.0001391804   0.0000523513   0.0000088872   0.0000116785
21  8  -0.0000271773
22  1  -0.0498083794   0.1180471060   0.2918264091   0.0094448433  -0.0718805190
22  2   0.1684813247   0.1650598283   0.1125043311  -0.1684596583  -0.0312898696
22  3   0.0911992714  -0.0162667632  -0.0279618013   0.3618770249  -0.5007496956
22  4   0.2067194637  -0.0309082956  -0.4935350895  -0.0396058036   0.0053233008
22  5   0.0317751874  -0.0138839645  -0.0026596050   0.1416266689  -0.0000402477
22  6  -0.0427760160  -0.0360851425  -0.0089484810  -0.0150383051  -0.0046427373
22  7  -0.0016797346   0.0008226496  -0.0005452700   0.0000024753   0.0000196424
22  8   0.0000677045
23  1   0.0106859139   0.0646468528   0.0299841242   0.1121480155  -0.2827127303
23  2  -0.0178164369   0.0523455158   0.0417773175  -0.0542854484  -0.0863442962
23  3   0.0119746526  -0.0053933183  -0.0094889935  -0.0165887334  -0.1451878884
23  4   0.0649265224  -0.0098206643  -0.0473075236  -0.0134775024   0.0007321584
23  5  -0.0366857905   0.0340058838   0.0172779114  -0.7147223880   0.0009056599
23  6   0.2220666242   0.1747064112   0.0548562037   0.0835013945  -0.0067583843
23  7   0.0046861091  -0.0020543019  -0.0002118796  -0.0003370858   0.0000041863
23  8   0.0003364468
24  1  -0.1269432087   0.3017493182  -0.0196820654   0.0101496733  -0.1171125279
24  2   0.1110817393   0.1638624868  -0.1323592743  -0.1689259645   0.0675808177
24  3  -0.0931521771  -0.0184985534  -0.0323454264  -0.4274700372  -0.4352483475
24  4   0.2113724729  -0.0330032651   0.4941376826   0.0436774476   0.0045034450
24  5  -0.0194401262   0.0033803659  -0.0028279289   0.0812161350  -0.0000052745
24  6  -0.0265607913  -0.0184623217  -0.0080115196  -0.0115527089  -0.0047975505
24  7   0.0002079847  -0.0001850562  -0.0005545281   0.0001036801   0.0000210574
24  8  -0.0001742901
25  1   0.3308828620   0.0863021598   0.1272372555   0.1676189704   0.0126196697
25  2   0.3885548677  -0.2717039491  -0.2284268029   0.3298593526  -0.2825903266
25  3   0.0120859994  -0.5407309684   0.4273537351   0.0766612889   0.0259649192
25  4  -0.0704455871  -0.4336015691  -0.0362361492   0.2242099514   0.0010934893
25  5   0.0197045948   0.0356674354   0.0929262531  -0.0003567242   0.3232876457
25  6   0.0698205488  -0.0902864281  -0.0974530561   0.1098472986   0.2404663293
25  7  -0.1953021161  -0.6510882768   0.2238885086   0.1051281687   0.1099931005
25  8   0.0801951973
26  1  -0.0777910551  -0.2976777302   0.1788397406   0.3497839403   0.0955810652
26  2   0.0381001074  -0.0860529845  -0.2762057841  -0.1498667552  -0.0550808231
26  3   0.3046067134  -0.1467244238   0.1781617883   0.0325313238  -0.0701008662
26  4   0.0316610680   0.2883250567   0.0230004891   0.1026131631  -0.0064050634
26  5   0.0266594880   0.3013177634  -0.6049721813  -0.0526485113  -0.5874006743
26  6   0.3451540861  -0.3662499663  -0.3350253736   0.3279347636  -0.4380516601
26  7   0.4920251038  -0.0148673408   0.3549241166   0.2049337013   0.2574176170
26  8   0.1529613898
27  1   0.1350569083   0.3325797624  -0.1487155429   0.0799103746  -0.1156580930
27  2   0.2472858987  -0.0778828840   0.3201748311   0.2828811919   0.2920020393
27  3  -0.0703594226   0.1546693956  -0.1980936197  -0.0803954388   0.0738911463
27  4  -0.0303149442  -0.2396476378   0.0230244534  -0.2318531220   0.0023143182
27  5  -0.0263562761  -0.1131104633   0.0653473732   0.0014845624   0.0515236179
27  6  -0.0897702832   0.1078662503   0.1083578245  -0.1113948497   0.0577459618
27  7  -0.1929766842   0.1039132342  -0.2242480424   0.5294583007   0.6439506163
27  8   0.3704029396
28  1   0.1364096816   0.1386494351   0.2595485146   0.1139293440  -0.0124082624
28  2   0.2956585897  -0.0238544608  -0.3205125612   0.2852008600  -0.3715723234
28  3   0.0440170954   0.3824641981  -0.4134675357   0.1379381323   0.0677226771
28  4  -0.0235281634  -0.2561887709  -0.0439058674   0.4012017939   0.0067127969
28  5   0.0489314214   0.2426866484  -0.0156715474  -0.0566545538   0.1747200549
28  6   0.2781966156  -0.2806962888  -0.2330824812   0.2255610547   0.1396969242
28  7  -0.3005295544   0.1948631615   0.5136974471   0.3107494379  -0.0108561923
28  8  -0.4309673285
29  1  -0.0267286469  -0.0384135191   0.1957554188   0.2830376330  -0.0629179965
29  2   0.0511551318  -0.0068770079   0.0027697740   0.0925556965   0.2252998213
29  3  -0.0858257861   0.1162475181  -0.1272265894  -0.1472981864   0.0391569596
29  4  -0.0068858165  -0.0804518374   0.0699466878  -0.5881741204  -0.0012622254
29  5  -0.0804135609  -0.4141861902  -0.1016343390   0.1206947694   0.0507399020
29  6  -0.6780366429   0.6955215301   0.5731254231  -0.5401868796   0.0983249471
29  7   0.4802787885  -0.2663830650   0.1619726302   0.2706703908  -0.0016392920
29  8  -0.4010844534
30  1   0.0944556745   0.3630890453  -0.1173873522   0.0629031268  -0.1327223287
30  2   0.2270783644  -0.0163783523   0.3213495395   0.2891904109   0.2902124763
30  3  -0.0848101231   0.3755865260  -0.4077358628  -0.0731472770   0.0866318174
30  4  -0.0228840735  -0.2551525093   0.0200987839  -0.2258264474   0.0039944983
30  5  -0.0248964008  -0.1165634938   0.0461638400   0.0187336061   0.1705127727
30  6  -0.0766265839   0.0680055438   0.0503446763  -0.0392018560   0.1610852466
30  7   0.1549121505  -0.1041839493   0.5091949385  -0.4000631032  -0.0169924052
30  8   0.5627926498
31  1   0.1910507699   0.0777648147   0.1607300877   0.0943635842  -0.0285578132
31  2   0.2968037387  -0.0956039024  -0.2313137175   0.2075687458  -0.2815244633
31  3  -0.0439208173   0.1204211967  -0.1500039983   0.0782829054   0.0349905114
31  4  -0.0173151774  -0.1264447369  -0.0308804520   0.1968277799   0.0016725009
31  5   0.0176155821   0.0184080025   0.1211051771   0.0154630159  -0.1366827841
31  6  -0.0105459493   0.0030964746  -0.0024125142   0.0008967665  -0.0849991296
31  7   0.0308002180  -0.1178419199  -0.1129035985  -0.5641802221   0.6907687275
31  8  -0.3886517505
32  1  -0.0312322902   0.0305047020   0.3824267939   0.4177526088   0.0605370620
32  2   0.1329479814  -0.0353897191  -0.2775701793   0.3167953528  -0.0643536685
32  3   0.2930282156   0.0220825502  -0.0889008319   0.0462690878   0.0847887983
32  4  -0.0589713670  -0.4605971036   0.0195246423   0.0968692472   0.0082258729
32  5   0.0256740269   0.2980448999  -0.5971552999  -0.0511769365   0.6462316586
32  6   0.2943263575  -0.3340616435  -0.3261271454   0.3542790744   0.4259837465
32  7   0.5626700579   0.1442897642  -0.3243995066  -0.0010817431  -0.0114285634
32  8   0.0057885930
33  1   0.2623589993   0.2384963348  -0.2464365441   0.1329585322  -0.0629065937
33  2   0.3106852693  -0.2724425326   0.3209202744   0.2608826487   0.2962726503
33  3  -0.0088524022  -0.5690784799   0.4713938198  -0.0949606307   0.0170163950
33  4  -0.0558006645  -0.3167364065   0.0252223804  -0.2504391632  -0.0030379078
33  5  -0.0281565560  -0.1279455014   0.0942988561   0.0143709580   0.1311002742
33  6  -0.1777381552   0.2009408163   0.1929404424  -0.1932385858   0.1345116977
33  7   0.0297853587   0.6379119701   0.3196086224  -0.1291322700   0.1429327820
33  8  -0.0976556946
34  1  -0.2566408900  -0.0119432424   0.1846957510  -0.1869794678  -0.1917065459
34  2  -0.0306601050  -0.5115332285   0.0535329044   0.0051608040  -0.0180921797
34  3   0.0776435272   0.0152944656   0.0244633326  -0.0608874583  -0.0581496069
34  4   0.1191696878  -0.0078884827   0.0931765133  -0.0012573779   0.3116219190
34  5   0.5444273247  -0.0451216326  -0.0033577790  -0.1232379132  -0.0003530103
34  6  -0.0197520674   0.0078863008  -0.1944945833  -0.1684718209   0.0092443228
34  7   0.0002891597  -0.0001422592  -0.0000132307  -0.0000118481   0.0000039300
34  8  -0.0000034194
35  1   0.0550338654   0.2345186467  -0.0686928680  -0.0234403289  -0.4863289759
35  2  -0.0564519919  -0.0955414504  -0.2020342021  -0.1192694496   0.2013888728
35  3  -0.0963273811  -0.0065646667  -0.0154532420   0.3468349780  -0.0794735809
35  4  -0.6271687436   0.0070093444  -0.0004421164  -0.0043795456  -0.0216915718
35  5   0.0464494629  -0.0047151686  -0.0006580231  -0.0354216005  -0.0000414958
35  6   0.0005860997   0.0073620309  -0.0684954420  -0.0606469210   0.0034843625
35  7   0.0002460140  -0.0001233145  -0.0000253364  -0.0000159010  -0.0000000427
35  8   0.0000032684
36  1  -0.3284688860   0.0302733445   0.0000000000   0.0000000000   0.0000000000
36  2   0.0000000000  -0.1994682213   0.0131633310   0.0117126098  -0.0451960947
36  3  -0.0441295731   0.0001771902  -0.0011098368  -0.0517630782   0.0123132964
36  4   0.0783786353  -0.0002449667  -0.0909607682   0.0027403705  -0.6470647922
36  5  -0.4036697353   0.0269194974   0.0004030624  -0.0933165808  -0.0000268839
36  6  -0.0208757884   0.0095084112  -0.2587356890  -0.2337291127   0.0139453530
36  7   0.0005964974  -0.0003310240  -0.0000373681  -0.0000595273  -0.0000026275
36  8   0.0000060596
$end
