$dipgrad          cartesian dipole gradients
  0.59785769774605D+00  -.40643858110364D+00  0.73613515863503D-17
  -.29427324533737D+00  0.56087995043302D+00  0.28771591635860D-17
  0.21411900815481D-16  0.20617704459811D-17  0.38812465753624D+00
  0.33892527938907D-01  0.40187501649511D-02  -.24689521487360D-18
  0.81087352055140D-02  -.75456618496653D-01  -.35934711042774D-18
  -.13850312176588D-18  0.21095090853572D-17  0.82624909018898D-01
  -.34460940962457D-01  0.97634490079442D-01  -.71587299001391D-01
  -.25214068211616D-01  0.53903355582443D-01  -.73904119725036D-01
  -.10495743343341D+00  0.21380321932042D-02  -.41138383104744D-01
  -.34460940962457D-01  0.97634490079442D-01  0.71587299001391D-01
  -.25214068211616D-01  0.53903355582444D-01  0.73904119725036D-01
  0.10495743343341D+00  -.21380321932042D-02  -.41138383104744D-01
  -.60708344586460D+00  0.19889525180219D+00  -.29519098211812D-18
  0.53176824760397D+00  -.15919181662187D+01  -.15800340839845D-17
  0.10839374746895D-17  -.14764313666234D-17  -.45364512750209D+00
  0.71984561600127D+00  -.30529477185960D+00  -.33285747849134D-18
  -.33634136197192D+00  0.16939428518556D+01  -.17888806450419D-17
  0.10863197548536D-18  0.87773789159227D-19  0.57164335139209D+00
  -.67559051399684D+00  0.31355037083727D+00  -.24150365164098D-19
  0.14116576092316D+00  -.69525472883833D+00  0.34605514516462D-19
  0.82539390242991D-19  0.10769229830950D-18  -.50647102433567D+00
$end
