$grad          cartesian gradients
  cycle =      1    SCF energy =     -588.2454328392   |dE/dxyz| =  0.000276
    0.92341877276554     -1.51018304268245      0.00000000000000      c
    0.29080150051330     -3.46535007891724      0.00000000000000      h
    2.05909431410136     -1.16058177857283      1.68911766756530      h
    2.05909431410136     -1.16058177857283     -1.68911766756530      h
   -1.31547257949766     -0.01105154454001      0.00000000000000      o
   -0.76048293466391      3.04474498736100      0.00000000000000      s
   -3.25645338732043      4.26300323592436      0.00000000000000      o
  0.99337611113803D-04  -.36615332992262D-04  0.00000000000000D+00
  -.27178174411890D-04  -.88287395172415D-07  0.00000000000000D+00
  -.17253451074284D-04  0.18206513667796D-05  -.82988434841669D-04
  -.17253451074284D-04  0.18206513667796D-05  0.82988434841669D-04
  0.38760783326097D-04  0.24552818551626D-04  0.00000000000000D+00
  -.19731143620660D-03  0.19527372877803D-04  0.00000000000000D+00
  0.74197771116502D-04  -.51945471263082D-04  0.00000000000000D+00
  cycle =      2    SCF energy =     -588.2454336101   |dE/dxyz| =  0.000108
    0.92321983145186     -1.51009722952686      0.00000000000000      c
    0.29117292020843     -3.46542752263188      0.00000000000000      h
    2.05882684453355     -1.16026941373837      1.68934028592903      h
    2.05882684453355     -1.16026941373837     -1.68934028592903      h
   -1.31578550057754     -0.01128423326363      0.00000000000000      o
   -0.76015743475493      3.04441130469791      0.00000000000000      s
   -3.25610350539537      4.26293650820119      0.00000000000000      o
  -.51238805007792D-05  -.10368929970639D-04  0.00000000000000D+00
  -.41562434541786D-05  0.94433071819999D-05  0.00000000000000D+00
  0.95551584597953D-05  0.14902502830288D-04  -.19790776853768D-04
  0.95551584597953D-05  0.14902502830288D-04  0.19790776853768D-04
  -.12817934409881D-04  -.43038095394188D-05  0.00000000000000D+00
  0.32579933964882D-04  -.52556974488027D-04  0.00000000000000D+00
  -.76479291285736D-04  -.12867730278643D-04  0.00000000000000D+00
$end
