$hessapprox internal
  0.438484369593D+00 -0.135639015286D-01  0.122661980799D+01  0.352552841454D-02
 -0.343271174662D-01  0.597417972724D+00  0.487276011855D-02 -0.358246755311D-01
  0.126561305163D-01  0.503257568665D+00  0.365150994288D-03 -0.424171084429D-02
 -0.215133722003D-03  0.159446733177D-02  0.334153466809D+00 -0.547759607129D-02
  0.258731496645D-01 -0.249861962363D-01 -0.831557910124D-02 -0.413650366563D-02
  0.405042169172D+00 -0.261011007268D-02  0.267938400458D-01 -0.109704282379D-02
 -0.994016017803D-02  0.383929193734D-03  0.216119457973D-01  0.325807233251D+00
 -0.135235308770D-04  0.190992401515D-01  0.141624651107D-01 -0.788692455592D-02
  0.308884855267D-02  0.428929724575D-01 -0.137462070950D-01  0.298107960805D+00
  0.119908871278D-01 -0.787758380431D-01  0.381545309369D-01  0.273518061961D-01
  0.545102705170D-02  0.704842114914D-03 -0.312618145436D-01 -0.415792058807D-01
  0.477473758597D+00  0.818745467093D-02 -0.613950535231D-01  0.203682803850D-01
  0.218193483183D-01  0.248363178654D-02 -0.166813077539D-01 -0.158315522358D-01
 -0.104145518904D-01  0.485805674989D-01  0.568134904973D+00
$end
