$hessian (projected)
 1  1   0.4873182634   0.0747106123   0.0000000000  -0.0770927634  -0.0883802795
 1  2   0.0000000000  -0.1166882857  -0.0313359341  -0.1126004472  -0.1166882857
 1  3  -0.0313359341   0.1126004472  -0.1843584686   0.0659270774   0.0000000000
 1  4   0.0006373912   0.0167584772   0.0000000000   0.0068721488  -0.0063440193
 1  5   0.0000000000
 2  1   0.0747106123   0.5597116474   0.0000000000  -0.0999514954  -0.2926404103
 2  2   0.0000000000  -0.0271819484  -0.0613130642  -0.0428110078  -0.0271819484
 2  3  -0.0613130642   0.0428110078   0.0576085720  -0.1031739923   0.0000000000
 2  4   0.0233029814  -0.0351779130   0.0000000000  -0.0013067734  -0.0060932033
 2  5   0.0000000000
 3  1   0.0000000000   0.0000000000   0.5724369365   0.0000000000   0.0000000000
 3  2  -0.0484608448  -0.1083393291  -0.0453050906  -0.2325230947   0.1083393291
 3  3   0.0453050906  -0.2325230947   0.0000000000   0.0000000000  -0.0597989044
 3  4   0.0000000000   0.0000000000   0.0004547309   0.0000000000   0.0000000000
 3  5   0.0004142711
 4  1  -0.0770927634  -0.0999514954   0.0000000000   0.0871203136   0.0869100017
 4  2   0.0000000000  -0.0039742020  -0.0147533722   0.0017679574  -0.0039742020
 4  3  -0.0147533722  -0.0017679574   0.0015127760   0.0403326458   0.0000000000
 4  4  -0.0021534491  -0.0003970480   0.0000000000  -0.0014384730   0.0026126403
 4  5   0.0000000000
 5  1  -0.0883802795  -0.2926404103   0.0000000000   0.0869100017   0.3217858465
 5  2   0.0000000000  -0.0025184138  -0.0030820254   0.0003635856  -0.0025184138
 5  3  -0.0030820254  -0.0003635856   0.0042139265  -0.0255183346   0.0000000000
 5  4   0.0017719460   0.0038017047   0.0000000000   0.0005212329  -0.0012647555
 5  5   0.0000000000
 6  1   0.0000000000   0.0000000000  -0.0484608448   0.0000000000   0.0000000000
 6  2   0.0452571821  -0.0088608273  -0.0257289046   0.0011522954   0.0088608273
 6  3   0.0257289046   0.0011522954   0.0000000000   0.0000000000   0.0013627742
 6  4   0.0000000000   0.0000000000  -0.0011401792   0.0000000000   0.0000000000
 6  5   0.0006764769
 7  1  -0.1166882857  -0.0271819484  -0.1083393291  -0.0039742020  -0.0025184138
 7  2  -0.0088608273   0.1372621021   0.0215887365   0.1259205666   0.0113894014
 7  3   0.0028274756   0.0136124041  -0.0268397781   0.0089733779  -0.0218373689
 7  4  -0.0009059739  -0.0042598543  -0.0009441369  -0.0002432638   0.0005706264
 7  5   0.0004486915
 8  1  -0.0313359341  -0.0613130642  -0.0453050906  -0.0147533722  -0.0030820254
 8  2  -0.0257289046   0.0215887365   0.0612103273   0.0445353611   0.0028274756
 8  3   0.0022192414   0.0066627844   0.0196653466  -0.0027665004   0.0190698838
 8  4   0.0023784897   0.0044013445   0.0012819482  -0.0003707422  -0.0006693232
 8  5  -0.0005159823
 9  1  -0.1126004472  -0.0428110078  -0.2325230947   0.0017679574   0.0003635856
 9  2   0.0011522954   0.1259205666   0.0445353611   0.2433626548  -0.0136124041
 9  3  -0.0066627844  -0.0195952838  -0.0007721024   0.0053938868   0.0079706036
 9  4  -0.0007766113  -0.0010280870  -0.0005313119   0.0000730410   0.0002090458
 9  5   0.0001641366
10  1  -0.1166882857  -0.0271819484   0.1083393291  -0.0039742020  -0.0025184138
10  2   0.0088608273   0.0113894014   0.0028274756  -0.0136124041   0.1372621021
10  3   0.0215887365  -0.1259205666  -0.0268397781   0.0089733779   0.0218373689
10  4  -0.0009059739  -0.0042598543   0.0009441369  -0.0002432638   0.0005706264
10  5  -0.0004486915
11  1  -0.0313359341  -0.0613130642   0.0453050906  -0.0147533722  -0.0030820254
11  2   0.0257289046   0.0028274756   0.0022192414  -0.0066627844   0.0215887365
11  3   0.0612103273  -0.0445353611   0.0196653466  -0.0027665004  -0.0190698838
11  4   0.0023784897   0.0044013445  -0.0012819482  -0.0003707422  -0.0006693232
11  5   0.0005159823
12  1   0.1126004472   0.0428110078  -0.2325230947  -0.0017679574  -0.0003635856
12  2   0.0011522954   0.0136124041   0.0066627844  -0.0195952838  -0.1259205666
12  3  -0.0445353611   0.2433626548   0.0007721024  -0.0053938868   0.0079706036
12  4   0.0007766113   0.0010280870  -0.0005313119  -0.0000730410  -0.0002090458
12  5   0.0001641366
13  1  -0.1843584686   0.0576085720   0.0000000000   0.0015127760   0.0042139265
13  2   0.0000000000  -0.0268397781   0.0196653466  -0.0007721024  -0.0268397781
13  3   0.0196653466   0.0007721024   0.3010351596  -0.0772998834   0.0000000000
13  4  -0.0709854463  -0.0686050504   0.0000000000   0.0064755355   0.0447517422
13  5   0.0000000000
14  1   0.0659270774  -0.1031739923   0.0000000000   0.0403326458  -0.0255183346
14  2   0.0000000000   0.0089733779  -0.0027665004   0.0053938868   0.0089733779
14  3  -0.0027665004  -0.0053938868  -0.0772998834   0.3570124596   0.0000000000
14  4  -0.0622885369  -0.2103136116   0.0000000000   0.0153819413  -0.0124735203
14  5   0.0000000000
15  1   0.0000000000   0.0000000000  -0.0597989044   0.0000000000   0.0000000000
15  2   0.0013627742  -0.0218373689   0.0190698838   0.0079706036   0.0218373689
15  3  -0.0190698838   0.0079706036   0.0000000000   0.0000000000   0.0425420443
15  4   0.0000000000   0.0000000000   0.0016144644   0.0000000000   0.0000000000
15  5  -0.0016615856
16  1   0.0006373912   0.0233029814   0.0000000000  -0.0021534491   0.0017719460
16  2   0.0000000000  -0.0009059739   0.0023784897  -0.0007766113  -0.0009059739
16  3   0.0023784897   0.0007766113  -0.0709854463  -0.0622885369   0.0000000000
16  4   0.5644038077  -0.1481119235   0.0000000000  -0.4900903557   0.1805685536
16  5   0.0000000000
17  1   0.0167584772  -0.0351779130   0.0000000000  -0.0003970480   0.0038017047
17  2   0.0000000000  -0.0042598543   0.0044013445  -0.0010280870  -0.0042598543
17  3   0.0044013445   0.0010280870  -0.0686050504  -0.2103136116   0.0000000000
17  4  -0.1481119235   0.3690352029   0.0000000000   0.2088752533  -0.1361480719
17  5   0.0000000000
18  1   0.0000000000   0.0000000000   0.0004547309   0.0000000000   0.0000000000
18  2  -0.0011401792  -0.0009441369   0.0012819482  -0.0005313119   0.0009441369
18  3  -0.0012819482  -0.0005313119   0.0000000000   0.0000000000   0.0016144644
18  4   0.0000000000   0.0000000000   0.0005886893   0.0000000000   0.0000000000
18  5  -0.0004550817
19  1   0.0068721488  -0.0013067734   0.0000000000  -0.0014384730   0.0005212329
19  2   0.0000000000  -0.0002432638  -0.0003707422   0.0000730410  -0.0002432638
19  3  -0.0003707422  -0.0000730410   0.0064755355   0.0153819413   0.0000000000
19  4  -0.4900903557   0.2088752533   0.0000000000   0.4786676721  -0.2227301696
19  5   0.0000000000
20  1  -0.0063440193  -0.0060932033   0.0000000000   0.0026126403  -0.0012647555
20  2   0.0000000000   0.0005706264  -0.0006693232   0.0002090458   0.0005706264
20  3  -0.0006693232  -0.0002090458   0.0447517422  -0.0124735203   0.0000000000
20  4   0.1805685536  -0.1361480719   0.0000000000  -0.2227301696   0.1573181974
20  5   0.0000000000
21  1   0.0000000000   0.0000000000   0.0004142711   0.0000000000   0.0000000000
21  2   0.0006764769   0.0004486915  -0.0005159823   0.0001641366  -0.0004486915
21  3   0.0005159823   0.0001641366   0.0000000000   0.0000000000  -0.0016615856
21  4   0.0000000000   0.0000000000  -0.0004550817   0.0000000000   0.0000000000
21  5   0.0006976462
$end
