$vibrational normal modes
 1  1  -0.0107642297  -0.0426040521   0.2053862916   0.1156391185   0.3580495457
 1  2   0.0262421991   0.0000000000   0.0000000000  -0.1164079404  -0.2043171609
 1  3  -0.0649978310  -0.5097715615   0.0000000000  -0.0799765499   0.0296922218
 1  4   0.0665366044   0.0000000000   0.0514822686  -0.0470617273   0.0000000000
 1  5  -0.0448980297
 2  1  -0.0402576244  -0.1593368004   0.0506130932   0.3661094860   0.0704870524
 2  2   0.0773278813   0.0000000000  -0.0000000000  -0.2548092393   0.3293020738
 2  3   0.1217378004   0.3277960768  -0.0000000000  -0.1227295514  -0.0288979728
 2  4  -0.0712846825  -0.0000000000   0.0262418189   0.0065608302   0.0000000000
 2  5  -0.0806043099
 3  1  -0.1665642605   0.2633691510   0.2111133193   0.0239232810  -0.1228859548
 3  2   0.3760639015   0.1382648529  -0.0887460519  -0.0000000000   0.0000000000
 3  3  -0.0000000000  -0.0000000000  -0.1380842686   0.0000000000   0.0000000000
 3  4  -0.0000000000   0.0529842562  -0.0000000000   0.0000000000   0.0948142494
 3  5   0.0000000000
 4  1  -0.0405547140  -0.1605126597   0.2546011136   0.1468879893   0.4919734185
 4  2   0.1210531690   0.0000000000   0.0000000000  -0.5174412530  -0.0010721615
 4  3  -0.6792541785  -0.0802336491   0.0000000000   0.6566047071   0.0603302957
 4  4  -0.6137219468  -0.0000000000   0.2636426627  -0.1129825485  -0.0000000000
 4  5   0.2985848419
 5  1  -0.0306308040  -0.1212345334   0.0347092815   0.3560113868   0.0272094389
 5  2   0.0466896357   0.0000000000  -0.0000000000  -0.1285642339   0.2684962763
 5  3   0.3299430993   0.1642675166  -0.0000000000  -0.3588633580  -0.0428514040
 5  4   0.1627296794   0.0000000000  -0.0615301567  -0.3298389671  -0.0000000000
 5  5   0.8906318692
 6  1  -0.0788507619   0.0882456910   0.5797962176  -0.0788535698  -0.3244316566
 6  2   0.3251717501  -0.3296851377  -0.6877848574  -0.0000000000   0.0000000000
 6  3  -0.0000000000   0.0000000000   0.3126661351   0.0000000000  -0.0000000000
 6  4   0.0000000000  -0.7081956362   0.0000000000   0.0000000000   0.0242506504
 6  5   0.0000000000
 7  1   0.2922522636  -0.2719363512   0.4417964209   0.0185571608   0.2021316765
 7  2  -0.1378147257  -0.3747907945  -0.1226941916  -0.0460870195  -0.2235323302
 7  3  -0.0174216718  -0.3163908593  -0.5668027838  -0.1088798887   0.0697223581
 7  4  -0.2525136392  -0.0273276042  -0.5146452159   0.3511044763  -0.3847189672
 7  5   0.1168935685
 8  1  -0.0779722965  -0.2981882730   0.3184890418   0.3250243216   0.0167701166
 8  2   0.1359509578  -0.2684577207  -0.4667031302  -0.4957357338   0.4359686317
 8  3  -0.1540303461   0.1723126120   0.2923385814   0.4298166918  -0.0761510824
 8  4   0.4705255867   0.4933438352  -0.1885071148   0.1149578332  -0.1344802198
 8  5   0.0303241888
 9  1  -0.3624262810   0.4462635418  -0.0032535106   0.0976833043  -0.0069642023
 9  2   0.4741957635   0.4437702391   0.0885072193   0.0019166728  -0.0051147461
 9  3   0.0176684256  -0.0540462290   0.1817651535  -0.0942682254  -0.0152954359
 9  4   0.0891389029  -0.0601979223   0.4014917989   0.5491795318  -0.5736874755
 9  5   0.1999266877
10  1  -0.3031221461   0.2289141332  -0.0486321439   0.2015407108   0.4660515130
10  2   0.1563772173   0.3747907945   0.1226941916  -0.0460870195  -0.2235323302
10  3  -0.0174216718  -0.3163908593   0.5668027838  -0.1088798887   0.0697223581
10  4  -0.2525136392   0.0273276042  -0.5146452159   0.3511044763   0.3847189672
10  5   0.1168935685
11  1  -0.0371430489  -0.1574300379  -0.1601024016   0.4434885872   0.2797495953
11  2   0.1288228111   0.2684577207   0.4667031302  -0.4957357338   0.4359686317
11  3  -0.1540303461   0.1723126120  -0.2923385814   0.4298166918  -0.0761510824
11  4   0.4705255867  -0.4933438352  -0.1885071148   0.1149578332   0.1344802198
11  5   0.0303241888
12  1  -0.3624262810   0.4462635418  -0.0032535106   0.0976833043  -0.0069642023
12  2   0.4741957635   0.4437702391   0.0885072193  -0.0019166728   0.0051147461
12  3  -0.0176684256   0.0540462290   0.1817651535   0.0942682254   0.0152954359
12  4  -0.0891389029  -0.0601979223  -0.4014917989  -0.5491795318  -0.5736874755
12  5  -0.1999266877
13  1   0.0120701832   0.0477729227   0.1676631193   0.0916868519   0.2553968664
13  2  -0.0464304310  -0.0000000000  -0.0000000000   0.1771396040  -0.2284652235
13  3   0.2741250710   0.4345589896  -0.0000000000   0.0465485825  -0.0212698916
13  4   0.0169885959   0.0000000000   0.0106669655  -0.0014801249   0.0000000000
13  5   0.0004268417
14  1  -0.0061459691  -0.0243253065  -0.0057404401   0.3303279022  -0.0828627538
14  2  -0.0312356148  -0.0000000000  -0.0000000000   0.1455219176   0.1710813528
14  3   0.4282966713  -0.3769566912   0.0000000000   0.0730360283   0.0240620566
14  4  -0.0278778050  -0.0000000000   0.0083864231   0.0022800337  -0.0000000000
14  5  -0.0002361235
15  1   0.2460756313  -0.0060846168   0.3238036567  -0.0447831449  -0.1811207533
15  2   0.1779537770  -0.0976694109   0.1770582243   0.0000000000  -0.0000000000
15  3   0.0000000000   0.0000000000   0.0603297067  -0.0000000000  -0.0000000000
15  4  -0.0000000000   0.0115267673  -0.0000000000  -0.0000000000  -0.0005364369
15  5  -0.0000000000
16  1   0.0586245567   0.2320318062   0.0907538220   0.0428534193   0.0461105066
16  2  -0.1945940281  -0.0000000000  -0.0000000000   0.0438040273   0.1928348909
16  3  -0.1166981368  -0.0164316265  -0.0000000000  -0.0069416797  -0.4018914865
16  4  -0.0003202901   0.0000000000  -0.0011412506  -0.0000974578   0.0000000000
16  5  -0.0001204246
17  1  -0.0146105548  -0.0578275319   0.0082433232   0.3392068698  -0.0448099954
17  2  -0.0042962883   0.0000000000  -0.0000000000   0.1602689004  -0.0345266524
17  3  -0.2890739224   0.0396151807   0.0000000000  -0.0089905541   0.1941719115
17  4   0.0074871202  -0.0000000000  -0.0002472377  -0.0005317952   0.0000000000
17  5   0.0003599552
18  1   0.1851006410   0.2035697038  -0.1896631584   0.0924410792   0.1001073603
18  2   0.2198824236  -0.1094747419   0.0006442971  -0.0000000000  -0.0000000000
18  3   0.0000000000  -0.0000000000   0.0007852109  -0.0000000000  -0.0000000000
18  4   0.0000000000   0.0008329099   0.0000000000   0.0000000000   0.0000859961
18  5   0.0000000000
19  1   0.0771897004   0.3055113182   0.0600836176   0.0233794231  -0.0373495650
19  2  -0.2536793141  -0.0000000000  -0.0000000000  -0.1391297520   0.0236284545
19  3   0.0535307558   0.0259898099   0.0000000000  -0.0002439816   0.7918140167
19  4   0.0041843420  -0.0000000000   0.0012073418  -0.0001156965   0.0000000000
19  5  -0.0000191213
20  1   0.0234142175   0.0926717996  -0.0545748031   0.2993206032  -0.2157513180
20  2  -0.1253136412  -0.0000000000  -0.0000000000  -0.2048583704  -0.4209505239
20  3   0.0582589781   0.0194196825  -0.0000000000   0.0055691078  -0.3792079585
20  4  -0.0031504831   0.0000000000   0.0000371798   0.0001555611  -0.0000000000
20  5   0.0000952998
21  1   0.6396126920  -0.1156308397   0.0000000000   0.0000000000   0.0000000000
21  2   0.0000000000   0.1781209771  -0.0795467764   0.0000000000  -0.0000000000
21  3   0.0000000000  -0.0000000000  -0.0008407175  -0.0000000000  -0.0000000000
21  4   0.0000000000  -0.0007709213   0.0000000000   0.0000000000  -0.0000579573
21  5   0.0000000000
$end
