$vibrational normal modes
 1  1   0.0000000000   0.0000000000   0.0000000000   1.0000000000   0.0000000000
 1  2   0.0000000000
 2  1   0.0000000000   1.0000000000   0.0000000000   0.0000000000   0.0000000000
 2  2   0.0000000000
 3  1  -0.7071067812   0.0000000000   0.0000000000   0.0000000000   0.0000000000
 3  2   0.7071067812
 4  1   0.0000000000   0.0000000000   1.0000000000   0.0000000000   0.0000000000
 4  2   0.0000000000
 5  1  -0.0000000000   0.0000000000   0.0000000000   0.0000000000   1.0000000000
 5  2   0.0000000000
 6  1  -0.7071067812   0.0000000000   0.0000000000   0.0000000000   0.0000000000
 6  2  -0.7071067812
$end
