$jbas
*
c aug-cc-pVTZ
# c     (12s5p4d2f1g) / [6s4p3d1f1g]     {711111/2111/211/2/1}
*
   7  s
  1861.0916331      0.74417100000E-01
  642.99397640      0.16539570000
  235.11057250      0.55764840000
  90.702889400       1.3108298000
  36.779455200       2.1694681000
  15.604627300       1.7668846000
  6.8907294000      0.29307690000
   1  s
  3.1478850000     -0.17087020000
   1  s
  1.4777287000      0.16415530000
   1  s
 0.70764660000      0.41499410000
   1  s
 0.34301220000      0.16243660000
   1  s
 0.16694530000      0.20767500000E-01
   2  p
  13.547289200     -0.20647700000E-01
  5.4669419000     -0.11528200000E-01
   1  p
  2.1751721000      0.45591400000E-01
   1  p
 0.85821940000      0.28360000000E-02
   1  p
 0.33767200000      0.18187500000E-01
   2  d
  5.9287253000     -0.22594800000E-01
  1.9809209000     -0.47682700000E-01
   1  d
 0.80554170000     -0.36537200000E-01
   1  d
 0.35312440000     -0.14541700000E-01
   2  f
  1.6755626000      0.88798000000E-02
 0.59975360000      0.69903000000E-02
   1  g
  1.0024600000     -0.22192000000E-02
*
s aug-cc-pVTZ
# s     (14s5p5d2f1g) / [8s4p3d1f1g]     {71111111/2111/311/2/1}
*
   7  s
  7399.0303145      0.72279330000
  2710.1675859       1.3706745000
  1034.3279062       4.3217500000
  410.46454110       8.7624644000
  168.97625020       10.528990900
  71.968788900       3.0836598000
  31.617268300      -1.5821203000
   1  s
  14.279683600       4.4920092000
   1  s
  6.6060948000       5.6247567000
   1  s
  3.1181477000      0.23311330000
   1  s
  1.4954039000     -0.45274010000
   1  s
 0.72547790000      0.67316170000
   1  s
 0.35442160000      0.40156530000
   1  s
 0.17355250000      0.61036900000E-01
   2  p
  12.699879900      0.45797100000E-01
  4.4295784000     -0.39496800000E-01
   1  p
  1.5232889000      0.35733800000E-01
   1  p
 0.51946670000     -0.40859000000E-02
   1  p
 0.17665470000     -0.36880000000E-02
   3  d
  16.854646100      0.26323600000E-01
  5.0810461000     -0.19077300000E-01
  1.5102323000      0.21366800000E-01
   1  d
 0.44513310000      0.21936900000E-01
   1  d
 0.13083620000      0.16925000000E-02
   2  f
  1.0809860000       1.0000000000
 0.41614740000       1.0000000000
   1  g
 0.67071000000     -0.44361000000E-02
*
o aug-cc-pVTZ
# o     (12s5p4d2f1g) / [6s4p3d1f1g]     {711111/2111/211/2/1}
*
   7  s
  2876.8216605      0.14435580000
  1004.7443032      0.29200410000
  369.75799540       1.0258517000
  142.94424040       2.2875516000
  57.836642500       3.6080237000
  24.386498300       2.3737865000
  10.662266200      0.48941400000E-01
   1  s
  4.8070437000     -0.12951860000
   1  s
  2.2210770000      0.77471580000
   1  s
  1.0447795000      0.76478160000
   1  s
 0.49684250000      0.23698030000
   1  s
 0.23713840000      0.20809900000E-01
   2  p
  64.261338200     -0.12665900000E-01
  16.300607600     -0.37874400000E-01
   1  p
  4.3550542000      0.63807800000E-01
   1  p
  1.2019554000      0.16951600000E-01
   1  p
 0.33541960000      0.65743000000E-02
   2  d
  9.2146611000     -0.59791400000E-01
  2.8435251000     -0.84672400000E-01
   1  d
 0.99557590000     -0.46606600000E-01
   1  d
 0.36494410000     -0.96978000000E-02
   2  f
  2.6420115000       1.0000000000
 0.73456130000       1.0000000000
   1  g
  1.3931000000     -0.16533000000E-02
*
pu def-TZVPP
# pu    (18s7p7d6f6g3h5i) / [14s7p7d6f5g2h2i]
# {51111111111111/1111111/1111111/111111/21111/21/41}
*
   5  s
  9069.4526717      0.59770600000E-01
  5152.6607252     -0.15471350000
  2499.2296972      0.22521070000
  1235.3301712     -0.26143310000
  556.75942910      0.29834580000
   1  s
  314.82015880     -0.26695160000
   1  s
  130.63984800      0.42116100000E-01
   1  s
  69.024541800      0.79003720000
   1  s
  39.052886300      -2.7439276000
   1  s
  17.511210700       10.896788700
   1  s
  8.6496268000      -24.858077900
   1  s
  4.2750790000       18.352038800
   1  s
  2.1140526000       1.4992270000
   1  s
  1.0458550000       2.6239889000
   1  s
 0.51757150000       1.2007771000
   1  s
 0.25619560000      0.33270000000E-02
   1  s
 0.12681580000      0.13425620000
   1  s
 0.63407800000E-01  0.24307500000E-01
   1  p
  8.9142957000      0.17309000000E-01
   1  p
  3.5436854000     -0.42878800000E-01
   1  p
  1.4679749000      0.17933200000E-01
   1  p
 0.62867920000     -0.74183000000E-02
   1  p
 0.27590600000     -0.12040400000E-01
   1  p
 0.12291170000      0.20195400000E-01
   1  p
 0.55031800000E-01  0.49350000000E-03
   1  d
  5.9790057000      0.51002000000E-02
   1  d
  2.8179386000      0.69196000000E-02
   1  d
  1.3483371000     -0.21043500000E-01
   1  d
 0.65289080000      0.29598000000E-02
   1  d
 0.31887270000     -0.23105000000E-02
   1  d
 0.15654900000      0.12304100000E-01
   1  d
 0.76990700000E-01  0.18698000000E-02
   1  f
  6.1316519000      0.22945000000E-02
   1  f
  2.4877588000      0.40632000000E-02
   1  f
  1.0320778000     -0.54494000000E-02
   1  f
 0.43517150000      0.20910000000E-03
   1  f
 0.18530630000     -0.36480000000E-02
   1  f
 0.79169300000E-01 -0.49420000000E-03
   2  g
  7.3008941000      0.48089000000E-02
  3.0162331000      0.61529000000E-02
   1  g
  1.2605479000      0.49150000000E-03
   1  g
 0.53120830000      0.29708000000E-02
   1  g
 0.22498390000     -0.32820000000E-03
   1  g
 0.95448200000E-01 -0.15430000000E-03
   2  h
  4.9360272000     -0.17866000000E-02
  1.8912408000      0.11158000000E-02
   1  h
 0.72740030000      0.12702000000E-02
   4  i
  9.6877730000      0.20734000000E-02
  4.3445867000      0.49713000000E-02
  1.8544876000      0.23215000000E-02
 0.79179630000      0.33360000000E-03
   1  i
 0.33809680000      0.46300000000E-04
*
h aug-cc-pVTZ
# h     (5s2p1d) / [3s1p1d]     {311/2/1}
*
   3  s
  15.675292700      0.18688600000E-01
  3.6063578000      0.63167000000E-01
  1.2080016000      0.12046090000
   1  s
 0.47267940000      0.59248500000E-01
   1  s
 0.20181000000      0.51272000000E-02
   2  p
  2.0281365000       1.0000000000
 0.53587300000       1.0000000000
   1  d
  2.2165124000      0.33116000000E-02
*
$end
