$coord
   -3.09917383858293      2.10914743321868      2.44033342845703  c
   -2.08067080544202     -1.17067811779536      2.42697431740003  s
   -2.44581390463697     -1.87603192979197     -0.35678140172670  o
    2.10595842745158     -1.32887937234647     -1.69107950693469  pu
    6.02296628239040     -0.90168204223896     -3.93667600930837  o
    0.76647445927184     -0.88917795511499      2.86915064416847  o
    2.71067200886997     -4.57382223716235     -1.28858935434261  o
    1.53214426480509      1.92993622885003     -2.12884092893079  o
   -2.76713488455451      2.88257622254236      4.32148642257281  h
   -1.96567655884803      3.07941996604689      1.01813962671094  h
   -5.10487938133845      2.16777183314488      1.97050389730900  h
    4.32513393061405     -1.42858002935273     -5.64462113537521  o
$user-defined bonds
$redundant
     number_of_atoms            12
     degrees_of_freedom         30
     internal_coordinates       30
     frozen_coordinates          0
# definitions of redundant internals
   1 k  1.0000000000000 stre   4    7           val=   3.32526
   2 k  1.0000000000000 stre   4    8           val=   3.33778
   3 k  0.3753739634018 bend  12    7    4      val=   3.04218
        0.3577014689375 bend  12    8    4
        0.3755933574412 bend   5    7    4
        0.3579189760802 bend   5    8    4
       -0.3482868509205 bend   6    7    4
       -0.3316463032087 bend   6    8    4
       -0.3478277567713 bend   3    7    4
       -0.3311956125781 bend   3    8    4
   4 k -0.3576496965039 bend  12    7    4      val=   0.59866
        0.3755716271368 bend  12    8    4
       -0.3577180153932 bend   5    7    4
        0.3756616331140 bend   5    8    4
        0.3318786973354 bend   6    7    4
       -0.3482515895105 bend   6    8    4
        0.3312358476881 bend   3    7    4
       -0.3475758625313 bend   3    8    4
   5 k  0.2892065484289 bend  12    7    4      val=   0.04840
       -0.2761570990438 bend  12    8    4
       -0.2880420995718 bend   5    7    4
        0.2750202324431 bend   5    8    4
       -0.4206738487340 bend   6    7    4
        0.4026764422189 bend   6    8    4
        0.4226589610182 bend   3    7    4
       -0.4046443477412 bend   3    8    4
   6 k  0.2767156947739 bend  12    7    4      val=   0.20197
        0.2888079834256 bend  12    8    4
       -0.2754301604104 bend   5    7    4
       -0.2874280325681 bend   5    8    4
       -0.4024596983633 bend   6    7    4
       -0.4210724371649 bend   6    8    4
        0.4041993037281 bend   3    7    4
        0.4229525298717 bend   3    8    4
   7 k  0.4082482904639 tors   9    1    2    3 val=  59.95319
        0.4082482904639 tors   9    1    2    6
        0.4082482904639 tors  11    1    2    3
        0.4082482904639 tors  11    1    2    6
        0.4082482904639 tors  10    1    2    3
        0.4082482904639 tors  10    1    2    6
   8 k  1.0000000000000 stre   1    9           val=   2.06087
   9 k  1.0000000000000 stre   1   11           val=   2.06083
  10 k  1.0000000000000 stre   1   10           val=   2.06128
  11 k -0.3975793599698 bend  11    9    1      val=   2.21841
       -0.3906462019789 bend  10    9    1
       -0.3916290059803 bend  10   11    1
        0.4234530068903 bend   2    9    1
        0.4231991736291 bend   2   11    1
        0.4213584334928 bend   2   10    1
  12 k -0.7474492273353 bend  11    9    1      val=   0.50128
        0.4232220705987 bend  10    9    1
        0.3349529152107 bend  10   11    1
       -0.1396542726090 bend   2    9    1
       -0.1759614906145 bend   2   11    1
        0.3155051728081 bend   2   10    1
  13 k -0.0509590850313 bend  11    9    1      val=   0.02952
       -0.6278059322792 bend  10    9    1
        0.6785050265255 bend  10   11    1
       -0.2770036035420 bend   2    9    1
        0.2563264589836 bend   2   11    1
        0.0214373990287 bend   2   10    1
  14 k -0.3141099066381 bend  11    9    1      val=   0.95543
        0.1609210796551 bend  10    9    1
        0.1595741150665 bend  10   11    1
        0.3743311314737 bend   2    9    1
        0.3768394694979 bend   2   11    1
       -0.7535540410040 bend   2   10    1
  15 k -0.0005292741556 bend  11    9    1      val=  -0.01153
       -0.2670591325685 bend  10    9    1
        0.2675037118094 bend  10   11    1
        0.6554701974598 bend   2    9    1
       -0.6538175736984 bend   2   11    1
       -0.0015179967147 bend   2   10    1
  16 k  1.0000000000000 stre   2    1           val=   3.43435
  17 k  0.7074430750434 bend   3    1    2      val= 101.45611
        0.7067703273152 bend   6    1    2
  18 k -0.7067703273152 bend   3    1    2      val=   0.02422
        0.7074430750434 bend   6    1    2
  19 k  1.0000000000000 stre   4   12           val=   4.53488
  20 k  1.0000000000000 stre  12    5           val=   2.46522
  21 k  1.0000000000000 stre   5    4           val=   4.53521
  22 k  1.0000000000000 stre   4    6           val=   4.77318
  23 k  1.0000000000000 stre   6    2           val=   2.89500
  24 k  1.0000000000000 stre   2    3           val=   2.89485
  25 k  1.0000000000000 stre   3    4           val=   4.77476
  26 k -0.5000000000000 bend   4    2    6      val=  -7.08572
        0.5000000000000 bend   6    3    2
       -0.5000000000000 bend   2    4    3
        0.5000000000000 bend   3    6    4
  27 k -0.5000000000000 tors   6    2    3    4 val=   5.90122
        0.5000000000000 tors   2    3    4    6
       -0.5000000000000 tors   3    4    6    2
        0.5000000000000 tors   4    6    2    3
  28 k  0.7071068317126 bend   6    5    4      val=  -0.03462
       -0.7071067306605 bend   3   12    4
  29 k -0.4344540803475 outp  12    6    5    4 val=  -1.18511
       -0.4317967816595 outp   5   12    3    4
       -0.5589565895186 outp  12    3    6    4
       -0.5588995638320 outp   5    3    6    4
  30 k  0.5465489821294 outp  12    6    5    4 val=  -0.03769
       -0.5491031283740 outp   5   12    3    4
        0.4467494233321 outp  12    3    6    4
       -0.4474202915555 outp   5    3    6    4
        30 non zero eigenvalues  of BmBt
           1           4.853144530    1    0
         1
           2           3.910289716    2    0
         2
           3           3.399910151    3    0
         3
           4           3.380625036    4    0
         4
           5           3.198564581    5    0
         5
           6           2.704031515    6    0
         6
           7           2.078851830    7    0
         7
           8           2.065293199    8    0
         8
           9           1.897959137    9    0
         9
          10           1.837577355   10    0
        10
          11           1.222997102   11    0
        11
          12           1.124075026   12    0
        12
          13           0.998590002   13    0
        13
          14           0.903636488   14    0
        14
          15           0.725209046   15    0
        15
          16           0.724784952   16    0
        16
          17           0.643947573   17    0
        17
          18           0.580917669   18    0
        18
          19           0.483293491   19    0
        19
          20           0.428330366   20    0
        20
          21           0.402078027   21    0
        21
          22           0.385355561   22    0
        22
          23           0.259872343   23    0
        23
          24           0.228684562   24    0
        24
          25           0.204186215   25    0
        25
          26           0.186385712   26    0
        26
          27           0.152522802   27    0
        27
          28           0.067586828   28    0
        28
          29           0.041064065   29    0
        29
          30           0.014797119   30    0
        30
$end
