$dipgrad          cartesian dipole gradients
  -.14107945539792D-01  0.57419049317157D-01  0.76165501404037D-01
  0.24204953360838D+00  -.51754387673728D+00  -.59265827211090D-01
  0.19619922734269D-01  0.12386755035889D+00  0.22420801532855D-01
  0.14030644376019D+01  -.22137837719724D+00  0.60535944444218D-01
  -.13503049779448D+00  0.95341867539027D+00  0.27047177685502D+00
  0.35609208427591D-01  0.35762307908959D+00  0.12517501744660D+01
  -.90255610672788D+00  -.60029197905159D-02  0.26217041778771D+00
  -.36420138490981D-01  -.51526617695026D+00  -.15676753280283D+00
  0.22226475070803D+00  -.47854979889741D+00  -.14185113097175D+01
  0.20199380058121D+01  -.53952574976587D+00  -.89019676742902D+00
  -.51675785937632D+00  0.33418171841042D+01  -.22285881538003D+00
  -.89719636750570D+00  -.20073650880763D+00  0.19128463467157D+01
  -.78830122861013D+00  -.26991730102665D-01  0.41206933948286D+00
  -.11213542152817D+00  -.20699552951051D+00  0.82740508873977D-01
  0.19278262633603D-01  -.14416164478548D-01  -.27374640106210D+00
  -.15388199253675D+01  0.20874959132619D+00  0.11467647581796D+00
  -.83822482830270D-01  -.40326076522357D+00  -.55678143631056D-01
  0.25424677443097D+00  -.55732717856027D-01  -.89339796389986D+00
  -.44675814361630D+00  0.29005773727837D+00  -.15987578585020D-01
  0.29692135036639D+00  -.18116857550729D+01  0.14911671669114D+00
  -.17134218815115D-01  0.15684732329000D+00  -.40442084546469D+00
  -.47389125619171D+00  0.22730974819965D+00  0.14294107693176D-01
  0.27278285816826D+00  -.16862384410525D+01  0.13051593752146D+00
  -.98652352483389D-03  0.17502796595902D+00  -.44205569146230D+00
  0.61677213823996D-01  -.12346030774855D-02  -.34451772483588D-01
  0.28103666381568D-01  0.15026190210367D-01  -.55880234519494D-01
  0.47405653264188D-02  -.94854586723916D-01  -.94068378817862D-01
  0.75336861700321D-01  -.37131383117339D-01  -.15338521279691D-02
  0.19310419651487D-01  -.23317480752641D-02  0.70417644658560D-03
  -.18884220965626D-01  0.56897414353865D-01  0.64292548987184D-01
  -.12546114115033D+00  0.50866911474705D-01  -.11779127604602D-01
  0.10003077738797D-02  0.40075328887556D-01  -.18822093257960D-01
  -.45060450028236D-01  -.38867920874848D-05  0.67905610409435D-01
  -.27012077174562D+00  -.21382745451084D-02  0.14037311599957D-01
  0.23998264070335D-01  -.20701508598177D+00  -.64276469585850D-01
  0.42350229657884D+00  -.25969669495674D-01  -.79301489169830D+00
$end
