$grad          cartesian gradients
  cycle =      1    SCF energy =    -1443.0255101310   |dE/dxyz| =  0.004052
   -3.09640564015270      2.10836313099580      2.43781478417898      c
   -2.07880345996156     -1.17150459794623      2.42548926888748      s
   -2.44306880066542     -1.87754232611509     -0.35834404700524      o
    2.10346797427826     -1.32723402397647     -1.68914661855802      pu
    6.01839891609983     -0.90038659492539     -3.93258497263550      o
    0.76867800678700     -0.89075933455929      2.86688407849793      o
    2.70923209815293     -4.57950269358483     -1.28553000439302      o
    1.52675936285333      1.93890369619314     -2.12627904064019      o
   -2.76452957089079      2.88192239261429      4.31895097087241      h
   -1.96232068694273      3.07782946177783      1.01549846549274      h
   -5.10207005488156      2.16711551092653      1.96779143723460      h
    4.32066185532346     -1.42720462140028     -5.64054432193228      o
  0.25070764531065D-06  0.22218032875720D-05  0.65461277545253D-05
  0.30898611210972D-04  0.49967591095879D-05  -.44183882777382D-04
  0.11243373646863D-03  -.15691081736158D-04  -.22740090244611D-04
  -.13121189312848D-04  0.23824393721794D-03  -.58733852402071D-04
  -.71771137761800D-05  -.23152725443509D-05  0.87189473065852D-04
  0.16446486096555D-04  -.67827396482922D-04  -.96418703657619D-04
  0.47811030706546D-03  -.28493776137157D-02  0.38099016204973D-03
  -.52101723513109D-03  0.27308637247501D-02  -.30059981169739D-03
  0.58086082821429D-05  -.17078733848708D-04  0.13219180293289D-04
  0.22378517001709D-04  -.13623002663055D-04  0.69380695393306D-05
  0.38205422341342D-05  0.11486802490857D-05  0.28903825352034D-05
  -.69145640117618D-04  -.65375006261803D-05  0.18125283030912D-04
  cycle =      2    SCF energy =    -1443.0255321540   |dE/dxyz| =  0.000719
   -3.09893293100673      2.10885005068118      2.44011750006666      c
   -2.08076883756511     -1.17095313973520      2.42709606817334      s
   -2.44575576589554     -1.87614373439358     -0.35681452770004      o
    2.10583702039275     -1.32820172289253     -1.69102786494658      pu
    6.02263005530405     -0.90187864409514     -3.93639533287374      o
    0.76645938907667     -0.88934007920171      2.86924791362461      o
    2.71045534500399     -4.57440048848136     -1.28817381024506      o
    1.53170135030890      1.93208422476073     -2.12873032029063      o
   -2.76662500652674      2.88260775493860      4.32107964731079      h
   -1.96511084501190      3.07832621430125      1.01757991665768      h
   -5.10461726597757      2.16772603495002      1.97027725414031      h
    4.32472749189727     -1.42867647083226     -5.64425644391744      o
  -.17160578642539D-04  -.86829536698474D-05  0.27922006703207D-04
  -.45528252519134D-04  0.64791858953583D-05  0.30207069109167D-04
  -.18725885575499D-04  -.78158434035913D-05  -.52877495736681D-04
  0.44840080567710D-04  -.13235941273892D-04  -.44914060196355D-04
  0.17443328037103D-04  -.34724537814057D-05  0.51392397502070D-05
  0.34198771842853D-04  -.13795625074975D-04  0.27459757770742D-04
  0.63681020641582D-04  -.45030192836037D-03  0.50949191980010D-04
  -.75170261865320D-04  0.53052509070639D-03  -.57105389277723D-04
  0.63105296498889D-05  -.18758500263782D-04  0.86399298337980D-05
  0.32820384323173D-04  -.24293726601066D-04  -.31785710969956D-05
  0.10907878693622D-04  -.10959614682449D-06  0.43159410002547D-05
  0.67905982215066D-05  0.99777651865196D-05  -.33445852078984D-05
  cycle =      3    SCF energy =    -1443.0255330820   |dE/dxyz| =  0.000112
   -3.09902549872832      2.10907956878557      2.44012945145848      c
   -2.08072483622548     -1.17082085379004      2.42708404321696      s
   -2.44581496280865     -1.87620977825816     -0.35668932362216      o
    2.10581521719340     -1.32874568623337     -1.69089021966380      pu
    6.02281810246325     -0.90157298443867     -3.93655924697908      o
    0.76644167799868     -0.88935212291821      2.86928361444553      o
    2.71059039923380     -4.57382473914912     -1.28872735956566      o
    1.53184316525395      1.93025791262091     -2.12826419194937      o
   -2.76668982424909      2.88286128833150      4.32108214796785      h
   -1.96546130393911      3.07881066253822      1.01760174719331      h
   -5.10475400348855      2.16788432406766      1.97042821433046      h
    4.32496186729616     -1.42836759155629     -5.64447887683261      o
  -.14333808724842D-04  -.27207683714892D-05  0.24069025361451D-04
  -.17628280867044D-04  0.70365055746535D-05  0.26172643625699D-05
  0.76613988397867D-06  -.56601508156007D-05  -.44857706328116D-04
  0.93128286593469D-06  0.50284718664528D-05  -.22902759795329D-05
  0.78648021109018D-05  -.59028812149364D-06  -.27716767032615D-05
  0.28873449050337D-04  -.19017504543584D-04  0.69626599863426D-05
  0.62766916748558D-05  -.25608399187860D-04  -.28112546409886D-04
  -.48442153643968D-05  0.63559839130534D-04  0.17985168714318D-04
  0.47518613008612D-05  -.14330433291132D-04  0.96768093711397D-05
  0.24866800174189D-04  -.21360369660162D-04  0.34306312470811D-05
  0.73869657688519D-05  0.42310247916344D-05  0.38715608093598D-05
  0.15583890653481D-04  0.16715436595760D-04  0.26493299074559D-05
$end
