$hessapprox internal
  0.462170240872D+00 -0.537292844517D-01  0.430041106542D+00 -0.505138750787D-02
 -0.137788877982D-01  0.201197149478D+00 -0.994002495802D-02 -0.126532471997D-01
  0.135677456482D-01  0.214748444893D+00  0.155534693614D-01  0.209373837796D-03
  0.226287858687D-01  0.500369427022D-01  0.332371828531D+00 -0.429038602878D-02
 -0.116725281947D-02 -0.105854784476D-01 -0.217849486172D-01 -0.661884456122D-01
  0.744459568053D+00 -0.234828991578D-02  0.509952927255D-04 -0.313789453751D-02
 -0.716313622293D-02 -0.195824036148D-01  0.910126590842D-02  0.587588288533D-02
  0.848669570902D-03  0.461197962872D-03  0.462910160065D-03  0.153136703656D-02
  0.151655283115D-02  0.504139831263D-03 -0.249342835846D-03  0.431991142081D+00
  0.350139551472D-03  0.648936149070D-03 -0.855934475482D-03 -0.841051135577D-03
 -0.453181719593D-02  0.264625436066D-02  0.640978536817D-03 -0.104207269746D-03
  0.432170977874D+00 -0.383518965340D-02 -0.316339579547D-02  0.250080727103D-03
 -0.582686994137D-03 -0.160558699187D-02  0.145699711109D-02  0.337941363522D-03
  0.145173033800D-04  0.705756749074D-04  0.432235248037D+00  0.101654995108D-01
  0.732619705079D-02  0.723016729371D-02  0.591680078500D-02  0.138621638295D-01
 -0.650563736845D-02 -0.222996113177D-02  0.113522025155D-03 -0.526278232690D-03
 -0.650772300910D-03  0.332843962551D+00  0.126469953047D-01  0.105002863501D-01
 -0.592588737737D-02  0.100308275547D-01 -0.981873801285D-02  0.637343971635D-02
  0.133444716012D-02 -0.172878153615D-02 -0.109438491762D-02  0.166237845820D-02
 -0.109631732134D-02  0.300066075589D+00  0.345583605166D-02  0.549492516418D-03
  0.346254852455D-02  0.948729833814D-02  0.229327714253D-01 -0.147433791112D-01
 -0.340924447520D-02  0.155490423762D-03 -0.868652224800D-03 -0.229648322067D-03
  0.261406909766D-02 -0.326995759592D-02  0.325735492701D+00 -0.267837216827D-01
 -0.223709594032D-01  0.739456478213D-02 -0.228233517216D-01  0.586247293085D-02
 -0.503272716458D-02 -0.734349523044D-03  0.297529779941D-02  0.241036359975D-02
 -0.319584573109D-02  0.222255510234D-02  0.393300562721D-01  0.376806273821D-02
  0.278646187447D+00 -0.159951380946D-02  0.366298791158D-03 -0.285201041726D-02
 -0.655421400497D-02 -0.171023150443D-01  0.883596967090D-02  0.253100959638D-02
 -0.197911996760D-03  0.581362719113D-03  0.209064872271D-03 -0.193719287761D-02
  0.141823438744D-02 -0.295291713414D-02 -0.997536757781D-03  0.350339083426D+00
  0.254351346741D-02  0.190284467394D-02  0.178916515604D-01 -0.707763220004D-02
  0.203469825812D-01 -0.113959613130D-01 -0.316479853098D-02  0.195121651766D-02
  0.774956002218D-03 -0.274553145409D-02 -0.793402947746D-02  0.244740169359D-01
  0.570822746327D-02 -0.419735980513D-01 -0.309059922538D-02  0.307620342086D+00
  0.223110047749D-01  0.212089578381D-01 -0.614831226323D-02 -0.237941139478D-01
 -0.450727873496D-01  0.192674980264D-01  0.556670753426D-02  0.616007776784D-05
  0.214260360940D-02 -0.402253043422D-02 -0.704833308577D-02 -0.224309610062D-02
 -0.740243097525D-02  0.133102801282D-01  0.552837116771D-02 -0.791629444598D-02
  0.525417709692D+00 -0.129294114477D-01 -0.316350067975D-04 -0.191543293506D-01
 -0.407945547697D-01 -0.109667278287D+00  0.547131679253D-01  0.162689927414D-01
 -0.130500185940D-02  0.370389027755D-02  0.158571565912D-02 -0.117296275975D-01
  0.762726829939D-02 -0.190603474764D-01 -0.413547685963D-02  0.141746674521D-01
 -0.165712197368D-01  0.350503539232D-01  0.554925012766D+00  0.175942381398D-01
  0.153760460098D-01 -0.154094873736D-01  0.782763470100D-03  0.815246445885D-02
 -0.106335508288D-01 -0.136763514525D-02  0.741226476556D-03  0.368424399452D-03
 -0.921922199740D-03  0.866438751442D-03  0.343946405330D-02  0.190186050597D-02
 -0.436373714294D-02 -0.991718056823D-03 -0.126384641600D-02  0.263420775011D-02
 -0.719283199770D-02  0.292760499830D+00 -0.995260377396D-02 -0.225867707704D-02
  0.350669030078D-01  0.158765254148D-02 -0.196549334484D-01 -0.284986584562D-01
  0.358940861949D-02 -0.162445943019D-02 -0.888098516102D-03  0.382202886533D-02
 -0.703817885422D-03 -0.125103807184D-02 -0.376159428953D-02  0.937488496478D-04
  0.273733381117D-02  0.368705496584D-02 -0.295411851519D-01  0.170190784855D-01
 -0.245071648161D-01  0.571635792395D+00  0.157080034061D-01  0.142778961403D-01
 -0.157688376885D-01 -0.139636854114D-02  0.492114944831D-02 -0.233599690573D-02
 -0.865107055283D-03  0.834206457886D-03  0.584949124582D-03 -0.911574600368D-03
  0.826068910152D-03  0.545015771454D-02  0.139649966671D-02 -0.769012363379D-02
 -0.569158707570D-03 -0.304173550964D-02  0.396808483116D-02 -0.444087044371D-02
 -0.207969772630D+00 -0.239575208697D-01  0.291294318391D+00  0.954218491613D-02
  0.118979486598D-01  0.557378912886D-03  0.352357077121D-02  0.389192808634D-03
 -0.280335397460D-02 -0.156445376782D-03 -0.326966771673D-03 -0.300004467137D-03
 -0.445676228621D-03 -0.750243408162D-02  0.473626742689D-03  0.257409045065D-03
  0.505997515675D-02 -0.216208440857D-03 -0.523829125883D-02  0.833589988305D-02
 -0.725231516291D-03  0.476758440516D-02 -0.735739430529D-03  0.265627458904D-02
  0.268277105930D+00 -0.126016096851D-01 -0.113071474147D-01 -0.218428663101D-01
  0.465926305827D-02 -0.260356467718D-01  0.285747458098D-01  0.399045282127D-02
 -0.187110206350D-02 -0.362921852286D-03  0.276128230025D-02  0.140010795637D-01
 -0.242387743972D-01 -0.693272527571D-02  0.409927639936D-01  0.401226253610D-02
  0.595321699452D-01  0.181960535294D-01  0.211310911202D-01 -0.169350945242D-03
 -0.898036441083D-02  0.147822764940D-02  0.135326162519D-01  0.807656863202D+00
 -0.914499972297D-02 -0.114795930955D-01 -0.166572454471D-01  0.166328985129D-01
  0.416932288338D-02 -0.664592316626D-02 -0.463698089915D-03 -0.164187082119D-02
 -0.147137069702D-02  0.240540448906D-02  0.167521024238D-01 -0.274275042368D-01
 -0.161863530702D-02  0.440449776553D-01  0.912340328526D-04  0.644825270628D-01
  0.742898482476D-02 -0.390957444168D-02  0.217444428840D-02 -0.117262392589D-01
  0.290695287666D-02  0.124486732011D-01 -0.834783015296D-01  0.802682694783D+00
  0.135625358616D-01  0.169943127106D-01 -0.868813810823D-03  0.368519706363D-03
  0.231051058292D-02 -0.365158534341D-03 -0.487634967888D-03 -0.662796595671D-04
 -0.100699154764D-03 -0.888646380843D-03 -0.280499166462D-02  0.323242685726D-02
  0.708045472066D-03 -0.242812110593D-03 -0.338799971263D-03  0.157488429052D-03
  0.169999278661D-01 -0.248778088594D-02  0.660583379356D-02 -0.531660627767D-02
  0.395382563542D-02 -0.223724238537D+00  0.420430456813D-02  0.388370393892D-02
  0.281428318068D+00  0.217517375163D-03 -0.122036995867D-04 -0.324874818103D-02
  0.150857075416D-02  0.543226507068D-03 -0.354856985965D-03 -0.236780793253D-03
  0.160463829086D-04  0.113498385806D-03 -0.468153568616D-03  0.409920300630D-02
 -0.543610448699D-02 -0.259949699612D-03  0.947143989589D-02 -0.299914002113D-04
  0.134448894544D-01  0.127891053494D-01 -0.854652892716D-03  0.475398578146D-02
 -0.190350607476D-01  0.484024011589D-02  0.130378343714D-01 -0.173007859596D-01
 -0.170535658281D-01  0.110239060811D-01  0.286317291887D+00 -0.825522681411D-02
 -0.207017135373D-01  0.153558700158D-01  0.433098055864D-01  0.351937636371D-01
 -0.197719123895D-01 -0.495970271049D-02 -0.170424883206D-02 -0.335634398210D-02
  0.318989869685D-02 -0.189736404754D-01 -0.300661714519D-01  0.449852877334D-02
  0.500287012513D-01 -0.508713174066D-02 -0.743885243948D-02 -0.719701726658D-01
 -0.283927182116D-01 -0.111423271572D-01  0.183191447269D-01 -0.788345978357D-02
 -0.515306971342D-02  0.260648455364D-01  0.315345535756D-01  0.104368157946D-01
  0.504225241391D-02  0.120194343362D+00 -0.416742754581D-02 -0.320057617165D-02
 -0.213427241724D-02 -0.355977248796D-02 -0.151812647819D-01 -0.975439077843D-02
  0.226628692061D-02 -0.389215864240D-03  0.340839455608D-03  0.356681166130D-03
 -0.362718832878D-02 -0.109598217881D-02 -0.263214689896D-02  0.337676479966D-02
  0.190209254125D-02 -0.356681479623D-02  0.128039187677D-02  0.126241462860D-01
 -0.407711771555D-03  0.559319946839D-02  0.187509487707D-04 -0.563389192359D-02
  0.566070763877D-02  0.261836322000D-02 -0.432240575148D-02  0.777344903104D-03
 -0.126328803512D-01  0.201380742905D+00 -0.120361894728D-01 -0.157699828689D-01
 -0.518599649438D-02 -0.216895425830D-02 -0.285849019199D-01  0.862313542311D-02
  0.402973632041D-02 -0.127832507151D-02  0.813902984012D-04  0.284733690357D-03
 -0.105337361657D-01 -0.108259149319D-01 -0.556745336336D-02  0.224584436545D-01
  0.354287461089D-02 -0.437002969670D-02  0.229550001035D-02  0.233162487261D-01
 -0.152882671593D-02  0.515483137045D-02  0.579583917769D-03 -0.937381436631D-02
  0.131656500142D-01  0.558050846497D-02 -0.809035529044D-03  0.337505629147D-02
 -0.607124559040D-01 -0.154472955576D-02  0.181661662800D+00 -0.104788135646D-01
  0.154160231080D-03 -0.157569602280D-01 -0.330371667153D-01 -0.901619759843D-01
  0.511536623876D-01  0.134023780817D-01 -0.111383233133D-02  0.300124741868D-02
  0.150628451293D-02 -0.967923283583D-02  0.596558072449D-02 -0.157584422820D-01
 -0.302352969579D-02  0.116805884347D-01 -0.132883419457D-01  0.269801327948D-01
  0.748668379990D-01 -0.594879739059D-02  0.141986009542D-01 -0.355970739986D-02
 -0.665825059808D-03  0.171165875677D-01 -0.372581330539D-02 -0.215827104807D-02
 -0.125138493823D-02 -0.229044275520D-01  0.101886768806D-01  0.188296491733D-01
  0.261796897689D+00
$end
