$hessian (projected)
 1  1   0.5485004265   0.0624364899  -0.0022600536  -0.0422362395  -0.0121360892
 1  2   0.0088837220   0.0040121793   0.0026435820  -0.0046214881  -0.0009876843
 1  3   0.0009200538  -0.0020798635  -0.0001234633  -0.0000434006   0.0000327760
 1  4  -0.0240006116   0.0334557845  -0.0049388580   0.0002276830   0.0003771857
 1  5   0.0004928794   0.0001064094  -0.0002140397   0.0004986912  -0.0514599427
 1  6  -0.0183511202  -0.0408116884  -0.1284576579  -0.0770980726   0.1059022148
 1  7  -0.3055139892   0.0080229281  -0.0613035551  -0.0000671096  -0.0000133018
 1  8   0.0002052234
 2  1   0.0624364899   0.3517396754   0.0027422297   0.0202670943  -0.1369811651
 2  2   0.0103793987   0.0010553246  -0.0034943837  -0.0109874605  -0.0019472080
 2  3  -0.0006151782   0.0012698767   0.0004364728   0.0000587544  -0.0001229437
 2  4   0.0030463779   0.0091538081  -0.0004701892   0.0003882000  -0.0004467773
 2  5   0.0000082763   0.0008460309   0.0016101550  -0.0011708237  -0.0179620693
 2  6  -0.0796669817  -0.0924754097  -0.0731039821  -0.1003426538   0.0893440059
 2  7   0.0044286636  -0.0410172396   0.0019102533   0.0001086054   0.0000019865
 2  8  -0.0004272138
 3  1  -0.0022600536   0.0027422297   0.5666807814  -0.0009991315   0.0425585472
 3  2  -0.0491006876   0.0063951914  -0.0394897931  -0.0103475030  -0.0012404593
 3  3  -0.0015297690  -0.0011107031   0.0000683210   0.0000259527  -0.0000469714
 3  4  -0.0061838869  -0.0037801054   0.0049228020   0.0004942756   0.0000128954
 3  5   0.0003236294   0.0001807658  -0.0001211834   0.0004119241  -0.0401421240
 3  6  -0.0959878097  -0.2745252549   0.1046879720   0.0933111198  -0.1780235823
 3  7  -0.0610069097   0.0022686304  -0.0591955916   0.0000060392  -0.0000107147
 3  8   0.0000111571
 4  1  -0.0422362395   0.0202670943  -0.0009991315   0.4975954441   0.0396246396
 4  2   0.0142695999  -0.0709283926  -0.0153528856  -0.0240232595  -0.0101873170
 4  3  -0.0010053945   0.0310403154   0.0010774230   0.0002215591  -0.0001711410
 4  4  -0.3695109978  -0.0487920017  -0.0127632247  -0.0001438637  -0.0030950090
 4  5  -0.0024319832  -0.0026940098   0.0063405775  -0.0028394153  -0.0006823905
 4  6  -0.0061317997  -0.0007817733   0.0046895757  -0.0131938618   0.0000488928
 4  7  -0.0082663461   0.0210938231   0.0005436751   0.0012871144   0.0000232586
 4  8  -0.0018925549
 5  1  -0.0121360892  -0.1369811651   0.0425585472   0.0396246396   0.2933694257
 5  2   0.0312035677  -0.0077118604  -0.0717156670  -0.0738510958   0.0051453676
 5  3   0.0120528851  -0.0025048789  -0.0008057382  -0.0002384285   0.0004414560
 5  4  -0.0297483631  -0.0606167114  -0.0004097515  -0.0011370139  -0.0015499934
 5  5   0.0006009418   0.0019755461  -0.0070168818  -0.0009687032   0.0006433021
 5  6  -0.0022277838   0.0014133455   0.0081817143  -0.0304847250   0.0014149576
 5  7  -0.0039728405   0.0054278199  -0.0004800448  -0.0000586643  -0.0000187748
 5  8   0.0005816584
 6  1   0.0088837220   0.0103793987  -0.0491006876   0.0142695999   0.0312035677
 6  2   0.5005902161  -0.0100115291  -0.0492860992  -0.3628253287   0.0291523999
 6  3   0.0035172234  -0.0094056077  -0.0016691307  -0.0001414534   0.0011783981
 6  4  -0.0349232236   0.0015992410  -0.0751976577  -0.0030043082   0.0024936736
 6  5  -0.0012958924  -0.0015470566  -0.0052312082  -0.0004594554   0.0071654701
 6  6  -0.0221396282  -0.0022970382  -0.0064512084   0.0226740100   0.0002721881
 6  7  -0.0018304371   0.0048507682  -0.0023484824  -0.0000342981   0.0000805063
 6  8   0.0008893480
 7  1   0.0040121793   0.0010553246   0.0063951914  -0.0709283926  -0.0077118604
 7  2  -0.0100115291   0.0898733086   0.0164345779   0.0470861789  -0.0244213275
 7  3  -0.0015529803  -0.0017730760  -0.0031099806  -0.0001866309   0.0028782677
 7  4   0.0029995479  -0.0071198146  -0.0471270782  -0.0017039048   0.0079998858
 7  5  -0.0004646745   0.0022185977  -0.0099438248   0.0010752842   0.0006991525
 7  6   0.0023786929  -0.0001497615  -0.0008992442   0.0005442904  -0.0001760416
 7  7   0.0020243782  -0.0020111880  -0.0001413046  -0.0007643144   0.0001135274
 7  8   0.0024085432
 8  1   0.0026435820  -0.0034943837  -0.0394897931  -0.0153528856  -0.0717156670
 8  2  -0.0492860992   0.0164345779   0.0766438008   0.0983145833  -0.0019854195
 8  3  -0.0173289631   0.0016087521   0.0001310385   0.0002137656   0.0000669564
 8  4  -0.0011026769   0.0092756504  -0.0096590901   0.0041989051   0.0046663650
 8  5  -0.0016737271  -0.0060282237   0.0027736000   0.0011035030   0.0032265635
 8  6  -0.0090868678  -0.0009889534  -0.0018511311   0.0072163110  -0.0000388701
 8  7  -0.0002075823   0.0007727357  -0.0001765852  -0.0001067479   0.0000636532
 8  8   0.0002193235
 9  1  -0.0046214881  -0.0109874605  -0.0103475030  -0.0240232595  -0.0738510958
 9  2  -0.3628253287   0.0470861789   0.0983145833   0.3737880774  -0.0061917823
 9  3  -0.0029202570  -0.0080042842   0.0035642764   0.0004266511  -0.0016411811
 9  4  -0.0214676630  -0.0078430317   0.0041337754   0.0021914129  -0.0050310751
 9  5   0.0019943727   0.0010130631   0.0085419637   0.0016931393   0.0012606373
 9  6  -0.0036183389   0.0016901859  -0.0000084633  -0.0029704872   0.0002079855
 9  7   0.0014140221  -0.0000384142  -0.0004030429  -0.0002169347  -0.0000230376
 9  8  -0.0002861961
10  1  -0.0009876843  -0.0019472080  -0.0012404593  -0.0101873170   0.0051453676
10  2   0.0291523999  -0.0244213275  -0.0019854195  -0.0061917823   0.2259498181
10  3  -0.1381514202  -0.0600064604  -0.0451643843  -0.0020733404   0.0316827687
10  4  -0.0088710853   0.0004953442  -0.0015331454  -0.0597423463   0.0728497343
10  5  -0.0012496611  -0.0571978379   0.0656090973  -0.0013302635   0.0003546474
10  6  -0.0009159204  -0.0006362466  -0.0002854477   0.0008991680   0.0005715779
10  7   0.0001126301   0.0001078607   0.0001068995  -0.0195596651  -0.0000332635
10  8   0.0106743726
11  1   0.0009200538  -0.0006151782  -0.0015297690  -0.0010053945   0.0120528851
11  2   0.0035172234  -0.0015529803  -0.0173289631  -0.0029202570  -0.1381514202
11  3   0.8899190721  -0.1002534131  -0.0048168309  -0.0114322962   0.0047584627
11  4   0.0035779261  -0.0165386680  -0.0013542292   0.0727053084  -0.4258726094
11  5   0.0475687167   0.0631339848  -0.4143276489   0.0537319138  -0.0002215805
11  6  -0.0011184458   0.0006308676   0.0033918487  -0.0023796388  -0.0024797765
11  7  -0.0005128808  -0.0008736810   0.0006274682   0.0025319655  -0.0114848279
11  8  -0.0022972077
12  1  -0.0020798635   0.0012698767  -0.0011107031   0.0310403154  -0.0025048789
12  2  -0.0094056077  -0.0017730760   0.0016087521  -0.0080042842  -0.0600064604
12  3  -0.1002534131   0.2127612930   0.0108393292   0.0008873553  -0.0194983931
12  4  -0.0070269187  -0.0023758992  -0.0245562370  -0.0012383257   0.0475029836
12  5  -0.0515762244  -0.0005369106   0.0511322608  -0.0532999204   0.0002276948
12  6   0.0002582172  -0.0000877380  -0.0001948806   0.0000002942   0.0007559085
12  7  -0.0007698511   0.0010630654  -0.0000856244   0.0315189472   0.0014113859
12  8  -0.0458924691
13  1  -0.0001234633   0.0004364728   0.0000683210   0.0010774230  -0.0008057382
13  2  -0.0016691307  -0.0031099806   0.0001310385   0.0035642764  -0.0451643843
13  3  -0.0048168309   0.0108393292   0.2776083776   0.0740501327   0.2040285202
13  4  -0.0003139744   0.0003957131   0.0023354646   0.0054278273  -0.0102126022
13  5   0.0002510997  -0.0005609252   0.0101434728  -0.0020965325  -0.0000230024
13  6   0.0000782971   0.0001006334   0.0001307458  -0.0000961998  -0.0001415021
13  7  -0.0001037493   0.0000268892   0.0000036554  -0.2348448940  -0.0693306450
13  8  -0.2172841346
14  1  -0.0000434006   0.0000587544   0.0000259527   0.0002215591  -0.0002384285
14  2  -0.0001414534  -0.0001866309   0.0002137656   0.0004266511  -0.0020733404
14  3  -0.0114322962   0.0008873553   0.0740501327   0.0355490807   0.0685621430
14  4  -0.0001399021   0.0000773954   0.0003668098  -0.0050485900  -0.0003956522
14  5   0.0003004056   0.0053711086   0.0046353371  -0.0013981790  -0.0000012163
14  6   0.0000193297   0.0000110236   0.0000055786  -0.0000056305  -0.0000081449
14  7  -0.0000131447   0.0000077592  -0.0000002673  -0.0721421540  -0.0284894147
14  8  -0.0690322967
15  1   0.0000327760  -0.0001229437  -0.0000469714  -0.0001711410   0.0004414560
15  2   0.0011783981   0.0028782677   0.0000669564  -0.0016411811   0.0316827687
15  3   0.0047584627  -0.0194983931   0.2040285202   0.0685621430   0.2595505253
15  4  -0.0002067993  -0.0002244023  -0.0007810066   0.0010810105   0.0022633560
15  5  -0.0009643893   0.0005888595  -0.0025413444  -0.0001962231  -0.0000014100
15  6  -0.0000355309  -0.0000220015  -0.0000429233   0.0000211836   0.0000314714
15  7   0.0000320065   0.0000014072  -0.0000101607  -0.2399019355  -0.0731907437
15  8  -0.2376000680
16  1  -0.0240006116   0.0030463779  -0.0061838869  -0.3695109978  -0.0297483631
16  2  -0.0349232236   0.0029995479  -0.0011026769  -0.0214676630  -0.0088710853
16  3   0.0035779261  -0.0070269187  -0.0003139744  -0.0001399021  -0.0002067993
16  4   0.3976433304   0.0204689461   0.0615626923   0.0000580846   0.0048991984
16  5   0.0021088435   0.0046582207  -0.0083549045   0.0018050689  -0.0003907819
16  6  -0.0000422001   0.0012391691   0.0000050188   0.0005826263  -0.0007113821
16  7  -0.0006463701   0.0066896518   0.0001510549  -0.0016303813   0.0001233203
16  8   0.0036530448
17  1   0.0334557845   0.0091538081  -0.0037801054  -0.0487920017  -0.0606167114
17  2   0.0015992410  -0.0071198146   0.0092756504  -0.0078430317   0.0004953442
17  3  -0.0165386680  -0.0023758992   0.0003957131   0.0000773954  -0.0002244023
17  4   0.0204689461   0.0502082101   0.0120567900   0.0010512795   0.0025766542
17  5  -0.0045842833  -0.0013405305   0.0044840202   0.0052336983  -0.0004326245
17  6   0.0015234906   0.0007589918  -0.0021522117   0.0070750047  -0.0007994125
17  7   0.0037160036  -0.0074814295  -0.0000091089   0.0002541120   0.0002625753
17  8  -0.0000324778
18  1  -0.0049388580  -0.0004701892   0.0049228020  -0.0127632247  -0.0004097515
18  2  -0.0751976577  -0.0471270782  -0.0096590901   0.0041337754  -0.0015331454
18  3  -0.0013542292  -0.0245562370   0.0023354646   0.0003668098  -0.0007810066
18  4   0.0615626923   0.0120567900   0.0925159541   0.0017945955  -0.0088359219
18  5   0.0022956691  -0.0014760183   0.0086770254  -0.0024096488  -0.0007469674
18  6   0.0020236484   0.0012501739   0.0006855362  -0.0029789722  -0.0005253659
18  7  -0.0006246328   0.0005331150   0.0014484982   0.0028316362   0.0000507654
18  8  -0.0030969567
19  1   0.0002276830   0.0003882000   0.0004942756  -0.0001438637  -0.0011370139
19  2  -0.0030043082  -0.0017039048   0.0041989051   0.0021914129  -0.0597423463
19  3   0.0727053084  -0.0012383257   0.0054278273  -0.0050485900   0.0010810105
19  4   0.0000580846   0.0010512795   0.0017945955   0.0414623811  -0.0707557762
19  5   0.0015072915   0.0143926230  -0.0001273903  -0.0001205905  -0.0000368983
19  6   0.0002374852   0.0001004593   0.0000680024  -0.0000512928  -0.0000231627
19  7  -0.0000153681  -0.0001004974  -0.0000159830   0.0000057798  -0.0013606177
19  8  -0.0027666752
20  1   0.0003771857  -0.0004467773   0.0000128954  -0.0030950090  -0.0015499934
20  2   0.0024936736   0.0079998858   0.0046663650  -0.0050310751   0.0728497343
20  3  -0.4258726094   0.0475029836  -0.0102126022  -0.0003956522   0.0022633560
20  4   0.0048991984   0.0025766542  -0.0088359219  -0.0707557762   0.4045343944
20  5  -0.0483288452   0.0011264399   0.0123729274  -0.0005566180   0.0000411478
20  6   0.0000460678  -0.0002021726  -0.0006583368   0.0004943834   0.0005155382
20  7   0.0002275679  -0.0000043649  -0.0000551347  -0.0027994356   0.0035786051
20  8   0.0102213207
21  1   0.0004928794   0.0000082763   0.0003236294  -0.0024319832   0.0006009418
21  2  -0.0012958924  -0.0004646745  -0.0016737271   0.0019943727  -0.0012496611
21  3   0.0475687167  -0.0515762244   0.0002510997   0.0003004056  -0.0009643893
21  4   0.0021088435  -0.0045842833   0.0022956691   0.0015072915  -0.0483288452
21  5   0.0342818439  -0.0005121991   0.0007011606   0.0144731335  -0.0000602779
21  6   0.0000834076   0.0000195795   0.0001615237  -0.0001023954  -0.0001095091
21  7   0.0001063155  -0.0002181857   0.0000460388   0.0000908424   0.0056445282
21  8   0.0005117485
22  1   0.0001064094   0.0008460309   0.0001807658  -0.0026940098   0.0019755461
22  2  -0.0015470566   0.0022185977  -0.0060282237   0.0010130631  -0.0571978379
22  3   0.0631339848  -0.0005369106  -0.0005609252   0.0053711086   0.0005888595
22  4   0.0046582207  -0.0013405305  -0.0014760183   0.0143926230   0.0011264399
22  5  -0.0005121991   0.0407429951  -0.0633776285   0.0010403802  -0.0003879793
22  6  -0.0005326018   0.0005695618  -0.0000887009  -0.0011261739  -0.0004535934
22  7  -0.0001252515  -0.0002679546   0.0002064837  -0.0010641414   0.0002200027
22  8   0.0009266638
23  1  -0.0002140397   0.0016101550  -0.0001211834   0.0063405775  -0.0070168818
23  2  -0.0052312082  -0.0099438248   0.0027736000   0.0085419637   0.0656090973
23  3  -0.4143276489   0.0511322608   0.0101434728   0.0046353371  -0.0025413444
23  4  -0.0083549045   0.0044840202   0.0086770254  -0.0001273903   0.0123729274
23  5   0.0007011606  -0.0633776285   0.3924974992  -0.0516084284   0.0001988840
23  6   0.0007122371  -0.0004024636  -0.0024706970   0.0009449991   0.0019071710
23  7   0.0002656943   0.0007902937  -0.0005133010   0.0019307589   0.0005234620
23  8  -0.0105416523
24  1   0.0004986912  -0.0011708237   0.0004119241  -0.0028394153  -0.0009687032
24  2  -0.0004594554   0.0010752842   0.0011035030   0.0016931393  -0.0013302635
24  3   0.0537319138  -0.0532999204  -0.0020965325  -0.0013981790  -0.0001962231
24  4   0.0018050689   0.0052336983  -0.0024096488  -0.0001205905  -0.0005566180
24  5   0.0144731335   0.0010403802  -0.0516084284   0.0368863408   0.0000561953
24  6   0.0000393179  -0.0000662201  -0.0000408457   0.0005708895  -0.0010310528
24  7   0.0003369879   0.0003103204  -0.0004032627   0.0016150397  -0.0052868905
24  8   0.0044012456
25  1  -0.0514599427  -0.0179620693  -0.0401421240  -0.0006823905   0.0006433021
25  2   0.0071654701   0.0006991525   0.0032265635   0.0012606373   0.0003546474
25  3  -0.0002215805   0.0002276948  -0.0000230024  -0.0000012163  -0.0000014100
25  4  -0.0003907819  -0.0004326245  -0.0007469674  -0.0000368983   0.0000411478
25  5  -0.0000602779  -0.0003879793   0.0001988840   0.0000561953   0.0511604338
25  6   0.0188606877   0.0451137538   0.0032391395   0.0083884074   0.0140352201
25  7  -0.0024639054  -0.0127387361  -0.0269254685  -0.0000084727  -0.0000027657
25  8   0.0000172764
26  1  -0.0183511202  -0.0796669817  -0.0959878097  -0.0061317997  -0.0022277838
26  2  -0.0221396282   0.0023786929  -0.0090868678  -0.0036183389  -0.0009159204
26  3  -0.0011184458   0.0002582172   0.0000782971   0.0000193297  -0.0000355309
26  4  -0.0000422001   0.0015234906   0.0020236484   0.0002374852   0.0000460678
26  5   0.0000834076  -0.0005326018   0.0007122371   0.0000393179   0.0188606877
26  6   0.0826856864   0.1023751703   0.0041454397   0.0069988829   0.0139201977
26  7   0.0002686306   0.0001115524   0.0031366306   0.0000044090   0.0000028323
26  8  -0.0000552820
27  1  -0.0408116884  -0.0924754097  -0.2745252549  -0.0007817733   0.0014133455
27  2  -0.0022970382  -0.0001497615  -0.0009889534   0.0016901859  -0.0006362466
27  3   0.0006308676  -0.0000877380   0.0001006334   0.0000110236  -0.0000220015
27  4   0.0012391691   0.0007589918   0.0012501739   0.0001004593  -0.0002021726
27  5   0.0000195795   0.0005695618  -0.0004024636  -0.0000662201   0.0451137538
27  6   0.1023751703   0.2941037200  -0.0055024479  -0.0096282085  -0.0152060835
27  7   0.0007257722  -0.0014807584  -0.0047687916   0.0000325681  -0.0000114326
27  8  -0.0000905316
28  1  -0.1284576579  -0.0731039821   0.1046879720   0.0046895757   0.0081817143
28  2  -0.0064512084  -0.0008992442  -0.0018511311  -0.0000084633  -0.0002854477
28  3   0.0033918487  -0.0001948806   0.0001307458   0.0000055786  -0.0000429233
28  4   0.0000050188  -0.0021522117   0.0006855362   0.0000680024  -0.0006583368
28  5   0.0001615237  -0.0000887009  -0.0024706970  -0.0000408457   0.0032391395
28  6   0.0041454397  -0.0055024479   0.1342354650   0.0787561910  -0.1132059678
28  7  -0.0126780773  -0.0142167521   0.0200786676   0.0000411807  -0.0000276615
28  8  -0.0001669626
29  1  -0.0770980726  -0.1003426538   0.0933111198  -0.0131938618  -0.0304847250
29  2   0.0226740100   0.0005442904   0.0072163110  -0.0029704872   0.0008991680
29  3  -0.0023796388   0.0000002942  -0.0000961998  -0.0000056305   0.0000211836
29  4   0.0005826263   0.0070750047  -0.0029789722  -0.0000512928   0.0004943834
29  5  -0.0001023954  -0.0011261739   0.0009449991   0.0005708895   0.0083884074
29  6   0.0069988829  -0.0096282085   0.0787561910   0.1094090626  -0.0980750814
29  7   0.0024178082   0.0010512459  -0.0029055652  -0.0000228903   0.0000227585
29  8   0.0000832129
30  1   0.1059022148   0.0893440059  -0.1780235823   0.0000488928   0.0014149576
30  2   0.0002721881  -0.0001760416  -0.0000388701   0.0002079855   0.0005715779
30  3  -0.0024797765   0.0007559085  -0.0001415021  -0.0000081449   0.0000314714
30  4  -0.0007113821  -0.0007994125  -0.0005253659  -0.0000231627   0.0005155382
30  5  -0.0001095091  -0.0004535934   0.0019071710  -0.0010310528   0.0140352201
30  6   0.0139201977  -0.0152060835  -0.1132059678  -0.0980750814   0.1868607394
30  7  -0.0058073656  -0.0057136770   0.0066659007  -0.0000388904   0.0000130920
30  8   0.0001014001
31  1  -0.3055139892   0.0044286636  -0.0610069097  -0.0082663461  -0.0039728405
31  2  -0.0018304371   0.0020243782  -0.0002075823   0.0014140221   0.0001126301
31  3  -0.0005128808  -0.0007698511  -0.0001037493  -0.0000131447   0.0000320065
31  4  -0.0006463701   0.0037160036  -0.0006246328  -0.0000153681   0.0002275679
31  5   0.0001063155  -0.0001252515   0.0002656943   0.0003369879  -0.0024639054
31  6   0.0002686306   0.0007257722  -0.0126780773   0.0024178082  -0.0058073656
31  7   0.3277066588  -0.0066281796   0.0673031957  -0.0000306101   0.0000102598
31  8   0.0001208964
32  1   0.0080229281  -0.0410172396   0.0022686304   0.0210938231   0.0054278199
32  2   0.0048507682  -0.0020111880   0.0007727357  -0.0000384142   0.0001078607
32  3  -0.0008736810   0.0010630654   0.0000268892   0.0000077592   0.0000014072
32  4   0.0066896518  -0.0074814295   0.0005331150  -0.0001004974  -0.0000043649
32  5  -0.0002181857  -0.0002679546   0.0007902937   0.0003103204  -0.0127387361
32  6   0.0001115524  -0.0014807584  -0.0142167521   0.0010512459  -0.0057136770
32  7  -0.0066281796   0.0412053287  -0.0015231775   0.0000221550   0.0000099795
32  8  -0.0000530937
33  1  -0.0613035551   0.0019102533  -0.0591955916   0.0005436751  -0.0004800448
33  2  -0.0023484824  -0.0001413046  -0.0001765852  -0.0004030429   0.0001068995
33  3   0.0006274682  -0.0000856244   0.0000036554  -0.0000002673  -0.0000101607
33  4   0.0001510549  -0.0000091089   0.0014484982  -0.0000159830  -0.0000551347
33  5   0.0000460388   0.0002064837  -0.0005133010  -0.0004032627  -0.0269254685
33  6   0.0031366306  -0.0047687916   0.0200786676  -0.0029055652   0.0066659007
33  7   0.0673031957  -0.0015231775   0.0590541524  -0.0000073208  -0.0000111673
33  8   0.0000003662
34  1  -0.0000671096   0.0001086054   0.0000060392   0.0012871144  -0.0000586643
34  2  -0.0000342981  -0.0007643144  -0.0001067479  -0.0002169347  -0.0195596651
34  3   0.0025319655   0.0315189472  -0.2348448940  -0.0721421540  -0.2399019355
34  4  -0.0016303813   0.0002541120   0.0028316362   0.0000057798  -0.0027994356
34  5   0.0000908424  -0.0010641414   0.0019307589   0.0016150397  -0.0000084727
34  6   0.0000044090   0.0000325681   0.0000411807  -0.0000228903  -0.0000388904
34  7  -0.0000306101   0.0000221550  -0.0000073208   0.2566355138   0.0702778863
34  8   0.2041043067
35  1  -0.0000133018   0.0000019865  -0.0000107147   0.0000232586  -0.0000187748
35  2   0.0000805063   0.0001135274   0.0000636532  -0.0000230376  -0.0000332635
35  3  -0.0114848279   0.0014113859  -0.0693306450  -0.0284894147  -0.0731907437
35  4   0.0001233203   0.0002625753   0.0000507654  -0.0013606177   0.0035786051
35  5   0.0056445282   0.0002200027   0.0005234620  -0.0052868905  -0.0000027657
35  6   0.0000028323  -0.0000114326  -0.0000276615   0.0000227585   0.0000130920
35  7   0.0000102598   0.0000099795  -0.0000111673   0.0702778863   0.0355271648
35  8   0.0713337084
36  1   0.0002052234  -0.0004272138   0.0000111571  -0.0018925549   0.0005816584
36  2   0.0008893480   0.0024085432   0.0002193235  -0.0002861961   0.0106743726
36  3  -0.0022972077  -0.0458924691  -0.2172841346  -0.0690322967  -0.2376000680
36  4   0.0036530448  -0.0000324778  -0.0030969567  -0.0027666752   0.0102213207
36  5   0.0005117485   0.0009266638  -0.0105416523   0.0044012456   0.0000172764
36  6  -0.0000552820  -0.0000905316  -0.0001669626   0.0000832129   0.0001014001
36  7   0.0001208964  -0.0000530937   0.0000003662   0.2041043067   0.0713337084
36  8   0.2810509561
$end
