$vibrational normal modes
 1  1   0.2799888938   0.0021150630   0.1462478478  -0.0931012361   0.1822825269
 1  2  -0.0473379831   0.1383692068   0.2157946981   0.1946904943   0.2802905809
 1  3  -0.0943759252  -0.0395178507  -0.0000863651   0.0883081810   0.0308106541
 1  4  -0.0465591862  -0.0164745948  -0.1554717757  -0.0132423979  -0.0035258167
 1  5   0.1597512062   0.0103639917  -0.1452418442  -0.0198076231   0.0541566448
 1  6   0.1045505017  -0.0919825973  -0.0791421198   0.0620757183   0.0035717343
 1  7   0.0392269016  -0.0413370369   0.0440828500   0.0113112186   0.0642223532
 1  8   0.0639450934
 2  1   0.0564451533   0.0972067949   0.2183542134  -0.2474455392  -0.0740085719
 2  2  -0.3149955493   0.0452706489   0.1808810523   0.0661084793  -0.0216344210
 2  3   0.1584515967  -0.0125381114  -0.0007639169  -0.0297540873   0.0092620405
 2  4  -0.0138939150   0.0338431502  -0.0481446603   0.0220120532  -0.0011777589
 2  5  -0.1712858502  -0.0282495440   0.3921181478   0.0252248055   0.0086468335
 2  6   0.0322806280  -0.0563330347  -0.0673903538   0.0186514362  -0.0140220914
 2  7  -0.1320515470  -0.0069234678   0.0134669486  -0.0404165100   0.0196120827
 2  8   0.0179645892
 3  1   0.2793539932   0.0190383011  -0.1542173791   0.2016244937   0.1475562350
 3  2  -0.1033994654   0.1311576566  -0.2714725680   0.2305808856  -0.2424628230
 3  3   0.0471062621  -0.0397049082  -0.0006978203  -0.0812250636   0.0300862726
 3  4  -0.0464212665   0.0083313444  -0.1566150304   0.0054448513  -0.0034422585
 3  5  -0.1063297210  -0.0016117514   0.0245280766   0.0120553965  -0.0560129744
 3  6   0.1043302267   0.1097125323   0.0992211745   0.0644478712   0.0006995057
 3  7   0.0011763040   0.0429574125   0.0445382544   0.0009287198   0.0657822050
 3  8  -0.0678103727
 4  1   0.1209517713   0.2282135124  -0.0138317923  -0.0468735882   0.2198856502
 4  2   0.1272454178   0.1327842476  -0.0149461900  -0.0715244008   0.0377467568
 4  3  -0.3253328133   0.0171769860  -0.0074317278  -0.0626448506  -0.0024445834
 4  4   0.0274518509  -0.0334038303   0.0696832142  -0.0050380696   0.0126073185
 4  5  -0.0194023362   0.1529416578   0.0619841994  -0.0144999081   0.0136928648
 4  6   0.0003287836  -0.0292972779   0.1545309297  -0.2649924540   0.0010827981
 4  7  -0.0036238425  -0.0041873316   0.0027639561  -0.0000427367   0.0005191489
 4  8   0.0002679659
 5  1   0.0076707578   0.1665583482   0.1689299387  -0.2322655618  -0.0619635744
 5  2  -0.2610245955   0.0435225912   0.1067988359  -0.0157296533  -0.0952019715
 5  3   0.0569974794   0.0045997933  -0.0028361190  -0.0771348684  -0.0010562405
 5  4   0.0088265370   0.0181791074   0.0212070101   0.0065554772   0.0037841266
 5  5  -0.1296651475   0.0582136925  -0.2049511501  -0.0033660128  -0.0224456946
 5  6  -0.0001658284   0.0632776790   0.0273911777  -0.0816008650  -0.0002527615
 5  7   0.0012688547  -0.0033314334   0.0008296975   0.0001931010   0.0001573519
 5  8   0.0004073529
 6  1   0.1290234035   0.2302020348  -0.2244765534  -0.0008349477   0.0572361890
 6  2  -0.0436342578   0.1336332227  -0.0204825156  -0.0683854205  -0.0173236116
 6  3   0.3052868034   0.0222050830  -0.0081656651   0.0866858081  -0.0022051207
 6  4   0.0283063528   0.0267108263   0.0698527557   0.0030108882   0.0125704246
 6  5   0.0586749071  -0.1701039300   0.0010073418   0.0153787339  -0.0065411401
 6  6   0.0004031483   0.0099266217  -0.1596873598  -0.2694854625  -0.0010325287
 6  7   0.0032133071   0.0051772982   0.0027974225  -0.0000181097   0.0005273974
 6  8  -0.0003796722
 7  1   0.0352254928   0.1683379537   0.0528538348  -0.0121904670   0.0571523660
 7  2   0.1819073499  -0.0494901017   0.0021315234  -0.1012443091   0.0418051379
 7  3  -0.2623906309   0.1107000025  -0.1000051228  -0.0539712319  -0.2052369550
 7  4   0.0915172474   0.0019198099  -0.1285775755  -0.0227472143  -0.0235932627
 7  5  -0.1342538826  -0.4485711854  -0.0331159535  -0.0560192724   0.0073804165
 7  6   0.0025707744  -0.0106826192   0.0062233423   0.0804004327  -0.0012995331
 7  7   0.0005307690   0.0016118455  -0.0005230965  -0.0001301775  -0.0002326287
 7  8  -0.0000916532
 8  1   0.1369254924  -0.0716246003   0.2778695980  -0.0578701196  -0.0426826092
 8  2  -0.3258568873  -0.0264857172  -0.0734696843   0.2075652055  -0.2177453492
 8  3  -0.1510203860   0.0231122784  -0.0381390056  -0.1137274390  -0.1001271787
 8  4   0.0692601664  -0.0331667894   0.2264171530  -0.0171065303   0.0014505006
 8  5   0.2139606556  -0.1337941805   0.0083550386  -0.0235677851   0.0198574120
 8  6  -0.0358399724  -0.0630825584   0.0355269785   0.1069407784   0.0003390337
 8  7  -0.0006964609   0.0022150788   0.0003427023  -0.0000916221   0.0000518011
 8  8  -0.0001016794
 9  1   0.1075172202   0.2984071566  -0.2608270133  -0.0495729858   0.0736963378
 9  2  -0.0343768806   0.1784476692   0.0207578311  -0.1176113900   0.0107691119
 9  3   0.3612164379  -0.0002496794   0.0173273083   0.0989578898   0.0604883958
 9  4  -0.0141217575   0.0357932080   0.0394071920   0.0178595056   0.0105743850
 9  5  -0.0243412448  -0.0924358226  -0.0432178254  -0.0493452807   0.0559199116
 9  6  -0.0500246754  -0.1019037075   0.2710013216   0.4348730540   0.0025707663
 9  7  -0.0061867117  -0.0013394392   0.0000701665  -0.0001884298  -0.0004635849
 9  8   0.0002138272
10  1   0.0369935673   0.0784729751   0.1281546319  -0.0080112710  -0.0312190070
10  2   0.1610090193  -0.0675060723  -0.0041942291   0.0060935594  -0.0275109382
10  3   0.0613364941  -0.0055659558   0.0060917514   0.0120893738   0.0043080914
10  4  -0.0637512709   0.0138885851   0.0052954887   0.0945294122  -0.0248944458
10  5   0.0033303586   0.0013351877  -0.0009451000   0.0005310926  -0.0146415177
10  6  -0.0000188220  -0.0009073426  -0.0006755911  -0.0016462221  -0.0001865640
10  7   0.0000774510   0.0000504965  -0.0000132749  -0.0000072143   0.0000040715
10  8  -0.0000033190
11  1  -0.0299637289   0.1408083687   0.0986838541   0.0921710497   0.0219342446
11  2  -0.1054459039  -0.0219553970  -0.0410800579  -0.0025416659   0.0615949666
11  3   0.0155587499  -0.0010281787   0.0020097522  -0.0036709811   0.0013419679
11  4  -0.0198859565   0.0006716868   0.0016420582   0.0045421047  -0.0076967533
11  5  -0.0016135151   0.0008693284   0.0008391865  -0.0077272148   0.0796346272
11  6  -0.0000469260   0.0056068640  -0.0005370871  -0.0004709091  -0.0000470568
11  7  -0.0004071954  -0.0001811270  -0.0000039535   0.0000230566   0.0000013617
11  8  -0.0000195669
12  1   0.0451128809   0.0789571851  -0.0774271075   0.0262107976  -0.2012730205
12  2  -0.0152852022  -0.0677109745   0.0179258328   0.0037228219   0.0087858411
12  3  -0.0652418138  -0.0064868348   0.0062985985  -0.0111164806   0.0042284549
12  4  -0.0647089329  -0.0135424986   0.0054284436  -0.0948523539  -0.0251869066
12  5  -0.0028222421  -0.0016170580   0.0006776026   0.0018513259  -0.0100789598
12  6  -0.0000225364  -0.0008305288   0.0008543829  -0.0016342934   0.0002181750
12  7   0.0000479390   0.0000056792  -0.0000133844   0.0000000619   0.0000040490
12  8   0.0000094137
13  1   0.0160696452  -0.0386592363   0.2307175103   0.0059621034  -0.1741630385
13  2   0.1521018719   0.2046076558  -0.0583481427  -0.0360872690   0.0185246410
13  3   0.0714845476  -0.0681880459  -0.0155775957  -0.0318251656  -0.0142926046
13  4  -0.0599970698   0.3265051637  -0.0047498426  -0.3842207321   0.6175132749
13  5   0.0069920584   0.0126855811   0.0011154030   0.0161425621   0.0024711889
13  6  -0.0003467522  -0.0002096099   0.0007275749   0.0031191782   0.4837571284
13  7  -0.0041504572  -0.0002191128   0.0000142923   0.0000342364  -0.0000014888
13  8  -0.0000017599
14  1  -0.1295953691   0.2396692242  -0.0196157544   0.2920595565   0.0868269604
14  2   0.0663288755   0.1421777794   0.2377701933   0.1664187086  -0.1983750170
14  3  -0.1209605796   0.4075743885   0.0631793954   0.2379443049   0.0070144730
14  4  -0.0027080600   0.0151681099  -0.0044722411  -0.0201457051   0.0694042072
14  5  -0.0021302616   0.0007257514  -0.0000526959  -0.0008008576  -0.0074566087
14  6  -0.0000366737  -0.0003899445  -0.0003617726   0.0003268413   0.1501315608
14  7  -0.0012336129  -0.0000385736   0.0000018650   0.0000035954  -0.0000005215
14  8   0.0000010269
15  1  -0.0103385494  -0.1065501837   0.0789688981   0.0886109898  -0.4382661307
15  2   0.0018560610   0.4944249868  -0.0206497832  -0.0420024902   0.0421883156
15  3  -0.0357559709  -0.0451280129  -0.0146073634  -0.0421873182  -0.0036510291
15  4   0.0677040733  -0.3235631940  -0.0001243731   0.3897487099  -0.3277781605
15  5  -0.0063339091  -0.0129337439  -0.0011689757  -0.0368135441  -0.0023709565
15  6   0.0001876757   0.0012272566  -0.0043929774  -0.0018046739   0.4869145406
15  7  -0.0039673407  -0.0000872022   0.0000131831  -0.0000069558   0.0000001378
15  8   0.0000006426
16  1   0.1427729467   0.2260153573  -0.0161282246  -0.0547650412   0.2437492116
16  2   0.1095467757   0.1644799671  -0.0012664632  -0.0534294979   0.0493005458
16  3  -0.3133150296  -0.0033430221   0.0111355868  -0.0646852209   0.0383898721
16  4   0.0015367677  -0.0258584153   0.1101216583  -0.0129941565   0.0117448408
16  5  -0.0462180436   0.1052187520   0.0372275741   0.0513927993  -0.0595407621
16  6  -0.0587493182   0.1146069476  -0.2731844793   0.4370771384  -0.0026562895
16  7   0.0061275310   0.0006945136   0.0001943025   0.0002015942  -0.0004125272
16  8  -0.0001872460
17  1  -0.1478940705   0.3971078234   0.0150818874  -0.2207561607  -0.0323508709
17  2  -0.1023317024   0.0611726675  -0.0759905858  -0.2232212349  -0.2446959208
17  3  -0.1683757091   0.0054821870   0.0104554680  -0.1167076081   0.0479710855
17  4  -0.0407129757  -0.0382318845  -0.2313184356  -0.0154802143  -0.0050950967
17  5   0.2418463991   0.0365484526   0.0298321242   0.0093742481  -0.0004042178
17  6   0.0189762897  -0.0243024518  -0.0493466442   0.0525536180  -0.0000897113
17  7   0.0010424883   0.0019456594  -0.0004112931   0.0000114343  -0.0002490466
17  8  -0.0001362594
18  1   0.0875545811   0.0975824341  -0.1117465749   0.0426504530  -0.1152719306
18  2  -0.0307015665  -0.0614461139   0.0212895345  -0.0339889097   0.0207631580
18  3   0.3013696944   0.1178587147  -0.1080076196   0.0956087966  -0.2271455700
18  4   0.1086823519   0.0107308624  -0.0579147772   0.0275880689  -0.0224298884
18  5   0.0649008351   0.4643118261   0.0274198640   0.0585097134  -0.0106860718
18  6  -0.0061678220   0.0244694767  -0.0061767931   0.0904059635   0.0012404264
18  7  -0.0005522895  -0.0022475741  -0.0004115628   0.0001431253  -0.0001911655
18  8   0.0001231289
19  1  -0.1126499144   0.3183861274  -0.0453374685   0.0340261795   0.0315196626
19  2   0.3311769578  -0.0288412185   0.1020694639   0.2021435527  -0.0210361555
19  3   0.2259081720  -0.1399469940  -0.0230800540  -0.3815802912   0.0274443998
19  4   0.4324141640  -0.3726429370   0.0005713970  -0.2981968963   0.0395808503
19  5   0.0122264932  -0.0080663351   0.0013919627   0.1147595321   0.1225946863
19  6   0.0000189526   0.0047089385   0.0042742979   0.0045815280   0.0052689054
19  7  -0.0003019720  -0.0000975222  -0.0000465132   0.0000220732  -0.0000101365
19  8   0.0000065083
20  1  -0.0753727044   0.2133810039   0.0559133190   0.0747150825   0.0256123308
20  2  -0.0667075704  -0.0104101265  -0.0362233503   0.0582211599   0.0727774446
20  3   0.0501127521  -0.0421508098  -0.0068911931  -0.0238308318   0.0089347268
20  4   0.1351291454   0.0029051162   0.0003037671  -0.0462122949   0.0123937270
20  5  -0.0000446210   0.0355782300   0.0050927995  -0.6227999863  -0.6555380886
20  6   0.0003042639  -0.0298004281  -0.0185095234   0.0010370940  -0.0141363079
20  7   0.0017937030   0.0007291363  -0.0000156172  -0.0000957431  -0.0000035834
20  8   0.0000459457
21  1  -0.0961528988   0.3035969997  -0.1615904423  -0.1776804849  -0.2658801815
21  2   0.0413641718  -0.0321669477  -0.0908149345   0.2028393587   0.0280674468
21  3  -0.2360597025  -0.1385267172  -0.0214775591   0.3886943656   0.0305119989
21  4   0.4384823296   0.3642196597   0.0013571581   0.3081463778   0.0399383876
21  5  -0.0122405982  -0.0029977650  -0.0030377784   0.0785927158   0.0808723676
21  6   0.0000316125   0.0045575993   0.0014076246   0.0046238459  -0.0008833941
21  7  -0.0002617187  -0.0001284689  -0.0000453013   0.0000066510  -0.0000102387
21  8  -0.0000203427
22  1   0.1866551803  -0.1637748709   0.3036083316  -0.0499299405  -0.0962867920
22  2  -0.0096799153  -0.1573810647  -0.1014594626  -0.1628659016  -0.0381109928
22  3   0.0050652654   0.1096385189   0.0430918388   0.4170417250   0.0630750430
22  4   0.4305220750  -0.3800168221  -0.0299473645  -0.3142922213   0.0384563349
22  5  -0.0296393514   0.0115812559   0.0026501472  -0.1269587550   0.0888875082
22  6  -0.0000638332   0.0102424068  -0.0049213654   0.0049504970  -0.0001970102
22  7  -0.0014423700  -0.0007332566   0.0005614434   0.0000064505  -0.0000203831
22  8   0.0000557680
23  1   0.0153630009   0.0676725278   0.1410955092   0.1123361094   0.0189166482
23  2  -0.1431155519  -0.0495320166  -0.0437224592  -0.0562388558   0.0701454324
23  3  -0.0047498323   0.0340245985   0.0133668864   0.0019632929   0.0194166324
23  4   0.1347928063  -0.0376484732  -0.0092503038   0.0180979580   0.0121477194
23  5  -0.0118462461  -0.0379366517  -0.0217517369   0.7362045315  -0.5282770010
23  6   0.0002789919  -0.0513482947   0.0276421797   0.0015037458   0.0150705597
23  7   0.0035194607   0.0016004234   0.0001664392  -0.0002921340  -0.0000083763
23  8   0.0003126667
24  1   0.1863621961  -0.1479494571   0.0083135346   0.2312716661  -0.1384465017
24  2  -0.0719706649  -0.1551773896   0.1178299364  -0.1682028054  -0.0092541966
24  3  -0.0074887804   0.1040879812   0.0420464863  -0.4172418733   0.0619633600
24  4   0.4394397630   0.3845481778  -0.0290176553   0.3045049188   0.0390898048
24  5   0.0330919704   0.0002593074   0.0041890679  -0.1015435445   0.0751029636
24  6  -0.0000355669   0.0056663514  -0.0036764385   0.0048906275  -0.0044411133
24  7   0.0003587026   0.0002378701   0.0005685591   0.0000844059  -0.0000183621
24  8  -0.0001530836
25  1   0.3522875905   0.0220707081   0.1157132352  -0.1207109306   0.2887744915
25  2  -0.1000662894   0.2742030918   0.2267614245   0.3006921612   0.3030998267
25  3  -0.0668894832  -0.4621616339   0.5313583755   0.1108348924  -0.4481414508
25  4   0.0811861578  -0.0169298145  -0.4304160081  -0.0156500271  -0.0199908962
25  5   0.2258284974  -0.0448015223  -0.0838286164  -0.0070145018  -0.0330624478
25  6  -0.3150317416   0.0945973773   0.1097101075  -0.2246266607  -0.0168296086
25  7  -0.1873381800   0.6552815514  -0.2252273642   0.1009643205  -0.1062062481
25  8   0.0769189625
26  1  -0.0350293419   0.2640545804   0.1405616721  -0.3640961160  -0.0860387103
26  2  -0.2666466473   0.0858680273   0.2814412472  -0.1525510415   0.0766476985
26  3   0.2779508143  -0.0695889891   0.1451940279   0.0797984039  -0.1637407100
26  4   0.1127012102   0.0259565080   0.2904564515   0.0145889882   0.0180652096
26  5   0.0900192352  -0.3048348023   0.6061508765   0.0418768794  -0.1729077631
26  6   0.5913135098   0.3779457382   0.3831839960   0.3779438280   0.0558867253
26  7   0.4928175483   0.0106085711  -0.3484075729   0.2071082234  -0.2633138187
26  8   0.1528422655
27  1   0.3042020649  -0.0530828569  -0.1168436663   0.2544582657   0.1337056736
27  2  -0.1139709506   0.0904730591  -0.3146327412   0.3017037858  -0.2869038783
27  3  -0.0061148299   0.0590363357  -0.1554776007  -0.1303084308   0.1872043711
27  4  -0.1215425666   0.0120201555  -0.2472400127   0.0097134409  -0.0083486844
27  5  -0.2277118199   0.1209122041  -0.0724523838   0.0020420408   0.0377727017
27  6  -0.0609267089  -0.1107064570  -0.1271227620  -0.0526735089  -0.0229917174
27  7  -0.1990233332  -0.0989147209   0.2229910051   0.5277066289  -0.6474753249
27  8   0.3645875521
28  1   0.3006133898  -0.1204147766   0.2454585405  -0.0940883833   0.0835550966
28  2  -0.0902071638   0.0397283829   0.3123284679   0.2593011448   0.3859763043
28  3  -0.0080963228   0.2295874846  -0.3819118294   0.1689998557   0.4081030720
28  4  -0.1940770470  -0.0182191903  -0.2538351446  -0.0155861006  -0.0070998199
28  5   0.3971595473  -0.2483281441   0.0173773841   0.0260898946  -0.1577053065
28  6  -0.1709821491   0.2843321935   0.2325111409  -0.1456639518  -0.0320953314
28  7  -0.2958218773  -0.1864377039  -0.5118949786   0.3233100176   0.0179290638
28  8  -0.4416465243
29  1   0.0585714153   0.0667300206   0.2093869996  -0.1397909972  -0.0486935525
29  2  -0.2778855076   0.0115642878   0.0061801746   0.1001838976  -0.2043225287
29  3  -0.0197337519   0.0675510965  -0.1178566203  -0.1822067985   0.1242243916
29  4  -0.0592811638   0.0327309780  -0.0783079387   0.0233539687  -0.0021842369
29  5  -0.5969455040   0.4361777930   0.0986512415  -0.0524341022   0.3779381801
29  6  -0.0491342291  -0.7277464068  -0.6081045661  -0.0520794099   0.0519115309
29  7   0.4873679276   0.2717497729  -0.1555164726   0.2650938067   0.0079366742
29  8  -0.3878073667
30  1   0.2972424580  -0.0994111090  -0.0812636023   0.2742835900   0.0861406912
30  2  -0.1122486431   0.0295664562  -0.3126657895   0.3053149381  -0.2831420822
30  3  -0.0059675044   0.2293780988  -0.3848975312  -0.1237958803   0.4092234022
30  4  -0.1949484050   0.0093527930  -0.2556119210   0.0059068495  -0.0069787750
30  5  -0.2118370088   0.1137555828  -0.0480522184  -0.0102017722   0.0412294551
30  6  -0.1707457998  -0.0629795012  -0.0457945197  -0.1496074683   0.0161409041
30  7   0.1460815376   0.1054147116  -0.5139011730  -0.4021447138   0.0082311857
30  8   0.5573525364
31  1   0.2741221659  -0.0202666290   0.1662006975  -0.0897453282   0.1527357049
31  2  -0.0475652615   0.1049667176   0.2288516525   0.1919054357   0.2948284297
31  3  -0.0840170481   0.0596809811  -0.1320306645   0.1020514146   0.1546315230
31  4  -0.0879443627  -0.0188432174  -0.1299372985  -0.0154871056  -0.0018170255
31  5   0.2032512745  -0.0294276664  -0.1119223255  -0.0143951396   0.0129569196
31  6   0.1292597078   0.0021146875   0.0157462971   0.0710260039   0.0048819385
31  7   0.0376373236   0.1234310196   0.1237155553  -0.5582022576  -0.6837608607
31  8  -0.4014898692
32  1   0.1723808628  -0.0773188012   0.3319138032  -0.2453423248  -0.0935296359
32  2  -0.4293711841   0.0393835280   0.2828922502   0.3024434367   0.1062946535
32  3   0.2750825876  -0.0518854945  -0.0242742834   0.0743353022   0.0741946908
32  4  -0.1140720065   0.0311170212  -0.4631027938   0.0127784480  -0.0250653692
32  5   0.0843442795  -0.2996567366   0.5980250773   0.0394458416  -0.1619263277
32  6  -0.6510895437   0.3429129428   0.3547183480  -0.4172196526   0.0624668368
32  7   0.5609948725  -0.1533297295   0.3166121878   0.0051235061   0.0196699218
32  8   0.0107292492
33  1   0.3188653243   0.0928089414  -0.2252264924   0.1875605342   0.2712560244
33  2  -0.1167007778   0.2729283365  -0.3149949913   0.2716091312  -0.2886227841
33  3   0.0141225245  -0.4653375523   0.5557429190  -0.1268179804  -0.4845668106
33  4   0.1156253236   0.0165986771  -0.3169676901   0.0106764222  -0.0133135822
33  5  -0.2510238858   0.1381100269  -0.0994752397  -0.0056305660   0.0834315600
33  6  -0.1243413447  -0.2067790908  -0.2216278878  -0.1073690354  -0.0011683937
33  7   0.0273372485  -0.6313200787  -0.3288902937  -0.1361435306  -0.1515130275
33  8  -0.1067274732
34  1  -0.0410843149  -0.0688909967   0.2670233643   0.0285649640  -0.2729035854
34  2   0.1906475596   0.4997533434  -0.0595924105   0.0083644199   0.0210194064
34  3   0.0706900961   0.0821589730   0.0053940228  -0.0341588667  -0.0005312368
34  4   0.0688404484   0.3209975487   0.0001829203  -0.3861947212  -0.3248453961
34  5   0.0070038840   0.0128237410   0.0011974965   0.0362177928   0.0046023718
34  6   0.0001853249  -0.0010669602   0.0043540234  -0.0017061327  -0.4841046620
34  7   0.0039373130   0.0000843013   0.0000136735   0.0000074025   0.0000001041
34  8  -0.0000011345
35  1   0.0210602975  -0.0082979523   0.1193737518   0.3783389468   0.0813907481
35  2  -0.0518611096   0.0880819564   0.2323627969  -0.1478439359  -0.2130846887
35  3  -0.1090650292  -0.4087707877  -0.0665571122   0.2490326717  -0.0106967316
35  4   0.0040736954   0.0132333888   0.0027309357  -0.0212810492   0.0209579523
35  5  -0.0021087524   0.0007675165   0.0000122480   0.0054231471  -0.0068792175
35  6  -0.0000073936  -0.0006728800   0.0007599900   0.0001071463  -0.1502909877
35  7   0.0012807920   0.0000557642   0.0000041833  -0.0000042011   0.0000000036
35  8   0.0000008416
36  1   0.0000000000   0.0000000000   0.0000000000   0.0395249250  -0.3384331668
36  2   0.0000000000   0.2175173572  -0.0175770831   0.0107837707   0.0443143416
36  3  -0.0356167863   0.0573387101   0.0045818183  -0.0430480696  -0.0118680973
36  4  -0.0625623449  -0.3273751489  -0.0072607268   0.3869267233   0.6239167153
36  5  -0.0062943710  -0.0129168857  -0.0010919716  -0.0166354690  -0.0002024395
36  6  -0.0003497359   0.0003609067  -0.0007983758   0.0031296831  -0.4866791761
36  7   0.0041685698   0.0002172737   0.0000145787  -0.0000340127  -0.0000017407
36  8   0.0000013065
$end
