$coord
    1.80412677080108      4.28359473758486      2.06505115083159  c
    3.23739116974208      1.16767291157160      1.93686036669338  s
    1.16882018252450     -0.47043548871577      3.13057497255713  o
   -0.66899311786534     -2.12284471306032     -0.91214187459834  pu
   -2.59394680771824     -3.74256087484893     -5.00280683703657  o
   -4.76806977565102     -5.21460479021122     -3.79765039947185  s
   -4.62860005691954     -4.83764517399896     -0.93672765565125  o
    3.19351615727216      0.62593059671525     -0.90764767102366  o
    1.16781861513551     -4.85808004717243     -0.73281247415280  o
   -2.52047900726090      0.61604837921923     -1.09791795067896  o
    3.05077506956236      5.60947703678496      1.09837560399704  h
   -0.01703840955685      4.13482093963543      1.11233096297561  h
    1.57467920993426      4.80862648649623      4.04451180555854  h
$user-defined bonds
$redundant
     number_of_atoms            13
     degrees_of_freedom         33
     internal_coordinates       33
     frozen_coordinates          0
# definitions of redundant internals
   1 k  1.0000000000000 stre   4    9           val=   3.29963
   2 k  1.0000000000000 stre   4   10           val=   3.31120
   3 k -0.3631159295772 bend   3    9    4      val=  -0.00633
       -0.3413370130229 bend   3   10    4
       -0.3645826852648 bend   8    9    4
       -0.3427449106128 bend   8   10    4
        0.3640273149738 bend   7    9    4
        0.3422007692845 bend   7   10    4
        0.3654931726191 bend   5    9    4
        0.3435676720894 bend   5   10    4
   4 k  0.3414054791542 bend   3    9    4      val=   0.96182
       -0.3631753731070 bend   3   10    4
        0.3426641497732 bend   8    9    4
       -0.3645380038716 bend   8   10    4
       -0.3421417841339 bend   7    9    4
        0.3639588139150 bend   7   10    4
       -0.3436389383334 bend   5    9    4
        0.3655468954183 bend   5   10    4
   5 k  0.3747931342567 bend   3    9    4      val=   0.03835
       -0.3386809886459 bend   3   10    4
       -0.3701063166436 bend   8    9    4
        0.3344171344349 bend   8   10    4
        0.3719229869787 bend   7    9    4
       -0.3361285653686 bend   7   10    4
       -0.3670158879317 bend   5    9    4
        0.3316655036726 bend   5   10    4
   6 k  0.3387492049732 bend   3    9    4      val=   0.58368
        0.3748509601595 bend   3   10    4
       -0.3343898532780 bend   8    9    4
       -0.3700026717916 bend   8   10    4
        0.3360316087227 bend   7    9    4
        0.3718966535182 bend   7   10    4
       -0.3317215875393 bend   5    9    4
       -0.3670880113691 bend   5   10    4
   7 k  0.4082482904639 tors  13    1    2    3 val=  60.00739
        0.4082482904639 tors  13    1    2    8
        0.4082482904639 tors  11    1    2    3
        0.4082482904639 tors  11    1    2    8
        0.4082482904639 tors  12    1    2    3
        0.4082482904639 tors  12    1    2    8
   8 k  1.0000000000000 stre   1   13           val=   2.06072
   9 k  1.0000000000000 stre   1   11           val=   2.06072
  10 k  1.0000000000000 stre   1   12           val=   2.06069
  11 k -0.3956270942094 bend  11   13    1      val=   2.33994
       -0.3913721696102 bend  12   13    1
       -0.3916869140124 bend  12   11    1
        0.4241696172654 bend   2   13    1
        0.4241085560350 bend   2   11    1
        0.4208330512927 bend   2   12    1
  12 k -0.7502778968210 bend  11   13    1      val=   0.52831
        0.3807964439438 bend  12   13    1
        0.3775554069628 bend  12   11    1
       -0.1563341741949 bend   2   13    1
       -0.1576124096946 bend   2   11    1
        0.3166180897924 bend   2   12    1
  13 k  0.0019686637998 bend  11   13    1      val=   0.00129
        0.6538743525186 bend  12   13    1
       -0.6555244464302 bend  12   11    1
        0.2674514696509 bend   2   13    1
       -0.2668354773119 bend   2   11    1
       -0.0008336923201 bend   2   12    1
  14 k -0.3133981296740 bend  11   13    1      val=   0.91111
        0.1594331224776 bend  12   13    1
        0.1609180611094 bend  12   11    1
        0.3775194737172 bend   2   13    1
        0.3738000322387 bend   2   11    1
       -0.7538041206078 bend   2   12    1
  15 k -0.0008443474499 bend  11   13    1      val=   0.00941
        0.2676069901954 bend  12   13    1
       -0.2666794216168 bend  12   11    1
       -0.6536454936401 bend   2   13    1
        0.6557520724351 bend   2   11    1
       -0.0021587271870 bend   2   12    1
  16 k  1.0000000000000 stre   2    1           val=   3.43215
  17 k  0.7078870060131 bend   8    1    2      val= 101.53793
        0.7063256945049 bend   3    1    2
  18 k -0.7063256945049 bend   8    1    2      val=   0.10186
        0.7078870060131 bend   3    1    2
  19 k  1.0000000000000 stre   4    3           val=   4.73831
  20 k  1.0000000000000 stre   3    2           val=   2.89609
  21 k  1.0000000000000 stre   2    8           val=   2.89597
  22 k  1.0000000000000 stre   8    4           val=   4.74076
  23 k -0.5000000000000 bend   4    2    3      val=  -7.13764
        0.5000000000000 bend   3    8    2
       -0.5000000000000 bend   2    4    8
        0.5000000000000 bend   8    3    4
  24 k -0.5000000000000 tors   3    2    8    4 val=  -5.35120
        0.5000000000000 tors   2    8    4    3
       -0.5000000000000 tors   8    4    3    2
        0.5000000000000 tors   4    3    2    8
  25 k  1.0000000000000 stre   4    7           val=   4.80096
  26 k  1.0000000000000 stre   7    6           val=   2.88902
  27 k  1.0000000000000 stre   6    5           val=   2.88897
  28 k  1.0000000000000 stre   5    4           val=   4.80234
  29 k -0.5000000000000 bend   4    6    7      val=  -6.80975
        0.5000000000000 bend   7    5    6
       -0.5000000000000 bend   6    4    5
        0.5000000000000 bend   5    7    4
  30 k -0.5000000000000 tors   7    6    5    4 val=  -1.45289
        0.5000000000000 tors   6    5    4    7
       -0.5000000000000 tors   5    4    7    6
        0.5000000000000 tors   4    7    6    5
  31 k -0.7071020236222 bend   7    3    4      val=   0.05079
        0.7071115387189 bend   5    8    4
  32 k  0.4997711143308 outp   8    3    7    4 val=  -0.98592
        0.5027004165780 outp   5    8    3    4
       -0.4956044704489 outp   5    7    3    4
       -0.5018937470461 outp   8    5    7    4
  33 k  0.4999469863290 outp   8    3    7    4 val=  -0.02905
       -0.4975756944108 outp   5    8    3    4
        0.5041130060898 outp   5    7    3    4
       -0.4983387565535 outp   8    5    7    4
        33 non zero eigenvalues  of BmBt
           1           4.496764983    1    0
         1
           2           4.053788934    2    0
         2
           3           3.441222930    3    0
         3
           4           3.380654120    4    0
         4
           5           3.201222577    5    0
         5
           6           2.713077781    6    0
         6
           7           2.344139617    7    0
         7
           8           2.254528982    8    0
         8
           9           1.900427661    9    0
         9
          10           1.859763463   10    0
        10
          11           1.747096053   11    0
        11
          12           1.491479954   12    0
        12
          13           1.324919198   13    0
        13
          14           1.258508694   14    0
        14
          15           1.000002766   15    0
        15
          16           0.905436810   16    0
        16
          17           0.810265758   17    0
        17
          18           0.725292242   18    0
        18
          19           0.724480586   19    0
        19
          20           0.560911503   20    0
        20
          21           0.505230793   21    0
        21
          22           0.451352030   22    0
        22
          23           0.403690219   23    0
        23
          24           0.288789842   24    0
        24
          25           0.277550617   25    0
        25
          26           0.266034502   26    0
        26
          27           0.219478542   27    0
        27
          28           0.172980738   28    0
        28
          29           0.169591419   29    0
        29
          30           0.140387678   30    0
        30
          31           0.066008894   31    0
        31
          32           0.036676646   32    0
        32
          33           0.012853136   33    0
        33
$end
