$dipgrad
 -0.160556311603999       0.330323479986006       1.736046149999337E-002
  0.106831407878999      -0.439202527284999      -8.053201273600097E-002
 -6.680401280050319E-002  3.038588643948792E-002  3.447251289799835E-002
  0.887906718458498       0.319744525845000      -0.115885041451502     
  0.245293110271000        1.38799144258301       0.150092193269502     
 -0.138429535070500       0.184824706808495        1.27727376544801     
  -1.01158634871850      -0.774604791379985       3.340329960750399E-002
 -0.458623955456999       -1.00729369494801      -7.536644860506314E-003
 -9.916999036699847E-002 -2.506956250099002E-002 -0.883539642806508     
   2.58218170298300      -0.282973376672002       0.723889191082494     
 -0.331978716342501        3.33453694438250       0.467644720105997     
  0.707396849060504       0.487611905653496        1.48333617049750     
  -1.02054286096350      -0.546605721082516       0.164799704272500     
 -0.548032023138501      -0.655236922436497       7.811168450050365E-002
 -7.522243717399957E-002 -0.115712887340003      -0.845246188388005     
  0.719614195654000       0.462445428204994      -0.196396132262000     
  0.452047733105498       0.397379374291496      -2.909758550750929E-002
 -0.194290323365004      -2.377338406749363E-002   1.24536325522351     
 -0.718441462287001      -0.370966128626504      -0.273365611117005     
 -0.322316745175000      -0.522339258490501      -0.286364947224993     
 -1.265666662549902E-002 -0.109252271766014       -1.26931569708550     
 -0.799077436266998      -0.394797605127994      -0.265259847214505     
 -0.276346109879000      -0.766457859333514      -0.296496579757499     
  9.752385820999132E-003 -0.477081075795982       -1.33219083721701     
 -0.794588348143499       0.665932554022985      -4.693574214450491E-002
  0.615786722956496       -1.40038666441900       1.930792450949292E-002
 -6.040500727800269E-002  4.544315146250977E-002 -0.357150839613496     
 -0.801990307227002       0.587377876340001      -7.929600029099593E-002
  0.543832696861501       -1.33721246467948       2.623231688503314E-003
 -9.175828703250066E-002  2.242973264998671E-002 -0.365201903963996     
 -7.951681320006454E-004 -8.842853436150655E-002  4.829003544450927E-002
 -4.633025174849981E-002 -3.301650667000278E-002  1.743302871399788E-002
  5.746936683099779E-002  6.662882680048554E-002  4.005673656449771E-002
  2.442230073150253E-002  7.517407796950870E-002 -7.794179949227598E-005
  1.110924335799846E-002  4.458488088250334E-002  2.858516149006896E-003
 -1.742027281400049E-002  3.390008247201592E-002  6.433665243950060E-002
  8.529574665250284E-002  1.915154193750102E-002  7.561288859503357E-003
  2.646882322998589E-003  1.206796626849194E-002 -2.210904786400514E-002
  1.139939186799999E-002 -8.836128754849959E-002 -0.101138271227996     
$end
