$grad          cartesian gradients
  cycle =      1    SCF energy =    -1841.1777018000   |dE/dxyz| =  0.006650
    1.80302031623188      4.28300637551106      2.06560434160169      c
    3.23974397808744      1.16852944228073      1.94018783323721      s
    1.17022594550787     -0.47026551632964      3.13052715382331      o
   -0.66033438166338     -2.13303477143257     -0.91395399616569      pu
   -2.59197498572855     -3.75046341815682     -5.00398916035847      o
   -4.80346070453607     -5.16668444199317     -3.79967213174560      s
   -4.62303037586982     -4.84543803377670     -0.93414162686952      o
    3.19836430339852      0.62605870735755     -0.90379132811581      o
    1.20808222152621     -4.85780243040451     -0.71328146034380      o
   -2.54292796681483      0.59561302863231     -1.12257170202897      o
    3.04657938332011      5.60940448084071      1.09564996441313      h
   -0.01904328394731      4.13045776443254      1.11489985041758      h
    1.57475555048802      4.81061881303851      4.04453226213492      h
  -.11053677161810D-04  -.80170469143326D-05  -.83267287607214D-05
  0.12361281404250D-03  -.45257855004976D-04  0.30160460195106D-04
  0.33503250179479D-03  -.24458136760330D-04  0.71690111219880D-04
  -.27422972723645D-03  -.39319448097430D-04  -.10346020107566D-03
  -.12607087913352D-03  -.16143751208730D-04  -.27331887662108D-03
  -.55942170252621D-04  0.33773170009255D-03  0.83177869452555D-04
  -.25719857463002D-03  -.10696620280015D-03  0.70458846552768D-04
  0.26647065713536D-03  -.32124450755067D-04  0.16844069112487D-03
  0.29277079505086D-02  -.36080264262175D-02  0.44884506035103D-03
  -.29426976184617D-02  0.35926290314521D-02  -.49838270362246D-03
  0.25598727331211D-05  0.23788088250321D-05  0.14840517452708D-05
  -.79478653685072D-05  0.45275081896889D-05  0.13541612075230D-04
  0.21638728224471D-04  -.92745749061818D-05  0.87185680331947D-05
  cycle =      2    SCF energy =    -1841.1777700320   |dE/dxyz| =  0.001454
    1.80975746165601      4.28727261880924      2.06962325845122      c
    3.23240809343739      1.16800766071035      1.93605038316693      s
    1.15907268022604     -0.46603254794292      3.12841771412913      o
   -0.66567750818002     -2.13287531028645     -0.91575771951682      pu
   -2.58897917052771     -3.75612559431338     -5.00437765655476      o
   -4.79691370963741     -5.18035517802532     -3.80168600334186      s
   -4.62062487193919     -4.85296464747759     -0.93606886900739      o
    3.18761557989994      0.63047703627077     -0.90971056533912      o
    1.19596667616030     -4.85156260196171     -0.71640403461069      o
   -2.54208207109718      0.58929524724566     -1.12101715730562      o
    3.05733688350668      5.61039291523440      1.10027374078181      h
   -0.01386066018988      4.14252951288024      1.12076755871221      h
    1.58598061668512      4.81194088885671      4.04988935043494      h
  0.22134751132996D-03  -.26637620923697D-04  0.10308273306259D-03
  -.19244698490972D-03  0.42541471282931D-03  -.20517974142820D-04
  -.61401049954668D-04  -.34425036547070D-03  0.25598974931818D-03
  -.94715347167096D-04  -.92568876594257D-04  -.12985291963830D-03
  0.23863499636256D-03  0.14926547505478D-03  -.81330259489754D-04
  -.39663200785256D-03  0.93869444661721D-04  -.16178159069113D-03
  0.82079429416737D-04  0.42993910495781D-04  0.32062336898875D-03
  0.21479770065014D-03  -.17040946125402D-03  -.32895952261924D-03
  0.52233187359052D-03  -.37217397753775D-03  0.15821447976649D-03
  -.62711091114931D-03  0.41540034345644D-03  -.14383410127783D-03
  0.25807953171419D-04  0.28159254809701D-04  -.41885462698232D-05
  0.40241456391144D-04  -.11240575756966D-03  0.28939562981556D-05
  0.28100412700766D-04  0.71675273509708D-05  0.42127597180031D-04
  cycle =      3    SCF energy =    -1841.1777783510   |dE/dxyz| =  0.000757
    1.81209269220608      4.28785134509954      2.07028225172521      c
    3.23196170974788      1.16704093682745      1.93501439017658      s
    1.15627134626338     -0.46374124673279      3.12686837387940      o
   -0.66892260758186     -2.13119735844797     -0.91603215998423      pu
   -2.58836977048366     -3.75793012870843     -5.00393280898445      o
   -4.79294327232035     -5.18718163534301     -3.80171116701903      s
   -4.61918842978800     -4.85653334776689     -0.93662033539550      o
    3.18308268946831      0.63237581742144     -0.91087868800764      o
    1.19035734660275     -4.84961904695644     -0.71901235867627      o
   -2.54256702145298      0.59082175757424     -1.11794546138906      o
    3.06258283594200      5.61069775956709      1.10446067354431      h
   -0.01043421045134      4.14716740017766      1.11870403699502      h
    1.58607669184787      4.81024774728810      4.05080325313564      h
  0.10199431045854D-03  -.65115017911843D-04  0.33336022692509D-04
  0.12732427267625D-03  0.18817995781983D-03  0.72925595382856D-04
  -.10308818530902D-03  -.15492829343167D-03  0.47599541197485D-04
  -.18140475241779D-03  -.23220599310037D-04  -.17710730154796D-03
  0.20258901846049D-03  0.68440239795464D-04  0.51721426402196D-04
  -.31351412457781D-03  0.15124841312897D-03  -.10070318657895D-03
  0.18033053030742D-03  0.33071220496339D-04  0.18522555937928D-03
  -.22346287970265D-04  -.82886241981939D-04  -.17422356581687D-03
  0.12034473574118D-04  0.22541478541172D-03  0.58387989359421D-04
  -.49529166311402D-04  -.23106933306138D-03  0.47741515980526D-05
  0.11386482527354D-04  -.12895569898363D-04  0.61752270761328D-05
  0.10095647137387D-04  -.28917718200239D-04  -.36807300574093D-05
  0.25664317021362D-04  -.25825239881594D-04  0.83266140926685D-05
  cycle =      4    SCF energy =    -1841.1777817620   |dE/dxyz| =  0.000718
    1.81338150494172      4.28892126279077      2.07116434153060      c
    3.23094722526801      1.16672145836180      1.93450704895155      s
    1.15448350458345     -0.46269180920812      3.12607682509386      o
   -0.67035991344142     -2.13083014822019     -0.91654594799072      pu
   -2.58837976623339     -3.75952538038773     -5.00419505137221      o
   -4.79079627626929     -5.19168239795968     -3.80207379511509      s
   -4.61902225166466     -4.85847207776076     -0.93742543897766      o
    3.18101389763779      0.63321970531499     -0.91128093643710      o
    1.18733459157445     -4.84996245217282     -0.72051278931827      o
   -2.54242102943643      0.59184642715734     -1.11740196358719      o
    3.06479960955005      5.61096133288293      1.10544306130543      h
   -0.00964609447958      4.15064829936093      1.12030253524268      h
    1.58866499796939      4.81084577984052      4.05194211067409      h
  0.56699060334786D-04  -.43611214245232D-04  0.18039636163536D-04
  0.10063718671205D-03  0.27709585791680D-04  0.28191545920819D-04
  -.41443108676376D-04  -.53190173877837D-04  -.31644141021303D-04
  -.17333251102158D-03  -.10127037475272D-04  -.17364893804306D-03
  0.13035728397082D-03  0.17563170471302D-05  0.11538386809917D-03
  -.21911416752474D-03  0.19987444113667D-03  -.37344553344809D-04
  0.19661419848482D-03  0.11912620960786D-04  0.66290491664844D-04
  -.66960572354446D-04  -.38779297519831D-04  -.54551223978905D-04
  -.13629195034959D-03  0.32940931457759D-03  0.21832466081673D-04
  0.10259176234051D-03  -.34411591260408D-03  0.43249952684121D-04
  0.10873315029691D-04  -.14653729786041D-04  0.74849914755148D-05
  0.13533727415194D-04  0.26840780389392D-05  0.82784614505726D-05
  0.27587945664598D-04  -.27846991840885D-04  0.87652170055463D-06
  cycle =      5    SCF energy =    -1841.1777878580   |dE/dxyz| =  0.000555
    1.81489855235138      4.29073373715760      2.07247613708754      c
    3.22942179243311      1.16669599950875      1.93432145789806      s
    1.15230014255385     -0.46148476381187      3.12544149677141      o
   -0.67207234188383     -2.13035942734331     -0.91727291810918      pu
   -2.58927145348613     -3.76174035019042     -5.00499584408267      o
   -4.78760942772939     -5.19927052872806     -3.80259455233911      s
   -4.61976663699943     -4.86089128297713     -0.93865984923015      o
    3.17912412729959      0.63412001749912     -0.91126321219475      o
    1.18347463281646     -4.85162345017283     -0.72362365073542      o
   -2.54170548056915      0.59458160543349     -1.11687397118712      o
    3.06750363797498      5.61131185965449      1.10625567804883      h
   -0.00906457193182      4.15546403667873      1.12317365463606      h
    1.59276702717046      4.81246254729141      4.05361557343645      h
  0.19126459709362D-05  0.64547358444855D-05  -.88209638082759D-06
  -.15155722088878D-04  -.13701882902151D-03  -.50934460478658D-04
  0.70360757881360D-04  0.67344261973190D-04  -.90482645056511D-04
  -.13533989405801D-03  -.21096015842659D-04  -.10888913377372D-03
  0.24030886501158D-04  -.11421281193913D-03  0.14941999534734D-03
  -.10588567369574D-03  0.28814524183929D-03  0.49573206940323D-04
  0.17446007099764D-03  -.58775928319932D-04  -.88483164198294D-04
  -.64723340194917D-04  0.21574183568518D-04  0.94003708907664D-04
  -.61336736926876D-04  0.14024981107852D-03  -.13937819403065D-04
  0.28636728734099D-04  -.14192426733217D-03  0.30379156068516D-04
  0.18822348212044D-04  -.12478742569932D-04  0.10712083030828D-04
  0.29712217328282D-04  0.28372601602600D-04  0.27766205803026D-04
  0.36940100530014D-04  -.24867077757840D-04  0.29814160313890D-05
  cycle =      6    SCF energy =    -1841.1777921260   |dE/dxyz| =  0.000725
    1.81630246498237      4.29241833310238      2.07382907985870      c
    3.22805885634275      1.16679342483525      1.93438859530129      s
    1.15013511319022     -0.46021414692231      3.12506327931171      o
   -0.67393302375669     -2.12921681791639     -0.91808108224154      pu
   -2.59061922590281     -3.76362399440793     -5.00617612717764      o
   -4.78306551532328     -5.20915094640844     -3.80314335999917      s
   -4.62121114760952     -4.86285884513370     -0.94004610346420      o
    3.17768649030589      0.63512764800005     -0.91113479510688      o
    1.17840541540484     -4.85352730822369     -0.72722600492569      o
   -2.54006208731629      0.59893794113125     -1.11591455646361      o
    3.06965961070196      5.61134055188639      1.10626935724843      h
   -0.00896909605318      4.15958600861562      1.12684274954385      h
    1.59761214503382      4.81438815144149      4.05532896811470      h
  -.57586644128693D-04  0.45591899363373D-04  -.24506779197075D-04
  -.98289682597397D-04  -.26869663944673D-03  -.10644407785065D-03
  0.14488611452279D-03  0.17733954076604D-03  -.10826406651354D-03
  -.78976495103689D-04  -.20752372789090D-04  -.39725307405813D-04
  -.68454517044181D-04  -.20252017286992D-03  0.13943759937618D-03
  -.22318876737870D-05  0.32303775573084D-03  0.11287660137427D-03
  0.12101774057349D-03  -.13014483138907D-03  -.19386536102672D-03
  -.49338295617929D-04  0.95636491285411D-04  0.18751078688517D-03
  0.16966014722897D-04  -.12970502843501D-03  -.67862210089809D-04
  -.46168180078965D-04  0.14035007770552D-03  0.40727798171325D-04
  0.35029114554774D-04  -.13094869975916D-04  0.12322647437557D-04
  0.35018950189425D-04  0.47075043845712D-04  0.43228424849495D-04
  0.51930488230600D-04  -.22087445318508D-04  0.14113841205976D-04
  cycle =      7    SCF energy =    -1841.1777943490   |dE/dxyz| =  0.000567
    1.81552412350580      4.29183562877880      2.07375564776288      c
    3.22888508677226      1.16706076614933      1.93496291183794      s
    1.15123052782977     -0.46064241068846      3.12557515237392      o
   -0.67338009561474     -2.12852431993684     -0.91818382513103      pu
   -2.59174866389758     -3.76251749246689     -5.00661856690802      o
   -4.78195747168909     -5.21118489206731     -3.80292788662117      s
   -4.62289081860786     -4.86073204891688     -0.94001307410324      o
    3.17933696681070      0.63483854527796     -0.91063684501974      o
    1.17811090355490     -4.85347605005695     -0.72697712131249      o
   -2.53828307876391      0.60048615412841     -1.11684620983399      o
    3.06742799201515      5.61086528186013      1.10446566228072      h
   -0.01042438317285      4.15723583881685      1.12826595305784      h
    1.59816891125753      4.81475499912181      4.05517820161632      h
  -.61742849496782D-04  0.33411963145547D-04  -.25166633854656D-04
  -.49427723817885D-04  -.20132021481167D-03  -.68815724901583D-04
  0.11355976267069D-03  0.15312388753053D-03  -.63789422109828D-04
  -.57091698429268D-04  -.26115904776525D-04  -.11524861675660D-04
  -.55642131744804D-04  -.14444040310746D-03  0.73466097926023D-04
  -.26958131780219D-04  0.23328877903595D-03  0.69080179994074D-04
  0.60834229454798D-04  -.11261134014795D-03  -.11837752556332D-03
  -.28400172721987D-04  0.91767521500863D-04  0.12426322612313D-03
  0.54868120036744D-04  -.16329736027743D-03  -.44980504700476D-04
  -.65521615063346D-04  0.18391522657346D-03  -.87478479593450D-06
  0.39907017883395D-04  -.18955143895050D-04  0.10604399443205D-04
  0.23331840137031D-04  0.33876953111411D-04  0.42182010678182D-04
  0.57061336729683D-04  -.20627032270237D-04  0.22468204788906D-04
  cycle =      8    SCF energy =    -1841.1777978150   |dE/dxyz| =  0.000349
    1.81349511428682      4.28966107724937      2.07232748664704      c
    3.23170931803275      1.16752966371885      1.93625625920475      s
    1.15523121968745     -0.46240430696516      3.12740749600578      o
   -0.67227891875804     -2.12605898348848     -0.91742846787568      pu
   -2.59496137137993     -3.75827981825664     -5.00690689395672      o
   -4.77927456461523     -5.21523051786788     -3.80148156180183      s
   -4.62635302415953     -4.85567791021895     -0.93889070242906      o
    3.18392614769479      0.63368394633088     -0.90960242331316      o
    1.17782105604262     -4.85178826025420     -0.72783895954789      o
   -2.53503977654825      0.60420623081067     -1.11542179260964      o
    3.06428588758357      5.61055699335302      1.10415448852497      h
   -0.01084586748806      4.15091131065264      1.12417614236265      h
    1.59228477962111      4.81289057493583      4.05324892878873      h
  -.30191662249157D-04  -.17036726656094D-04  -.18765964653999D-04
  0.94605449490359D-04  0.35939269675822D-05  0.19446911830201D-04
  -.22580066481481D-04  0.28750095712127D-04  0.91272936280973D-04
  -.18733560786188D-04  0.85841841528378D-05  0.63864302559224D-04
  0.17354271500736D-04  -.85297348357827D-05  -.99150522519409D-04
  -.12517151115787D-03  0.42800591558034D-04  -.45834836608805D-04
  -.65338269775950D-04  -.81145672774952D-04  0.96204025421542D-04
  0.28599024487264D-04  0.75835016192904D-04  -.79292665363440D-04
  0.67015097467760D-04  -.78326044109289D-04  -.58687432234361D-04
  -.36092264825704D-04  0.11030279203794D-03  -.18906647139882D-04
  0.39932442226220D-04  -.21561033600292D-04  0.86829803800370D-05
  0.82623242567692D-05  -.23934042170382D-06  0.17438079378707D-04
  0.49246988709117D-04  -.21091174217336D-04  0.30501318693865D-04
  cycle =      9    SCF energy =    -1841.1777997490   |dE/dxyz| =  0.000310
    1.81318945736621      4.28922314738952      2.07219103372829      c
    3.23224347057065      1.16740525274299      1.93640531349578      s
    1.15585079510435     -0.46270416736484      3.12746643673207      o
   -0.67208159116757     -2.12546532734702     -0.91749191866106      pu
   -2.59553702221357     -3.75697413110097     -5.00702003161106      o
   -4.77758445174452     -5.21708120898222     -3.80135769790353      s
   -4.62726424332196     -4.85394958740820     -0.93910633668158      o
    3.18456321087862      0.63343640319628     -0.90942862510500      o
    1.17686682080187     -4.85175464652751     -0.72746066719601      o
   -2.53409687289381      0.60512750572563     -1.11504373308739      o
    3.06286025769978      5.61040543486556      1.10298260162002      h
   -0.01150281050110      4.14927033281471      1.12487924383177      h
    1.59249297942113      4.81306099199603      4.05298438083764      h
  -.25535261627185D-04  -.15543528519402D-04  -.10376715113392D-04
  0.11945154606252D-03  -.11554768333255D-04  0.23848690606343D-04
  -.29854288563058D-04  0.36777853168246D-04  0.77058371051208D-04
  0.29124080721754D-04  0.11019734087014D-04  0.32733416701625D-04
  0.20271673442096D-05  -.10216247101624D-04  -.94510783561930D-04
  -.12480925830261D-03  0.52615403781431D-04  -.47742396599659D-04
  -.71564618750131D-04  -.81944664371392D-04  0.87068756780440D-04
  0.10997058414119D-04  0.78195520978763D-04  -.68428421673872D-04
  0.43991771197405D-04  -.84145475014452D-05  -.24333713016078D-04
  -.30049828879442D-04  0.33230679911789D-04  -.15319700326089D-04
  0.31082522134795D-04  -.18355717828378D-04  0.73517193275308D-05
  0.60127473924254D-05  -.55143387749368D-05  0.19137749077469D-04
  0.46597890252964D-04  -.19704037833357D-04  0.20242922293967D-04
  cycle =     10    SCF energy =    -1841.1773076590   |dE/dxyz| =  0.009421
    1.79204225713520      4.25854519344061      2.06235655213820      c
    3.26801815842011      1.15859820530061      1.94600159414031      s
    1.19741530458927     -0.48352521766678      3.13072401300339      o
   -0.65922254965113     -2.08448387340535     -0.92237224172122      pu
   -2.63991166632569     -3.67010895395079     -5.01172094561820      o
   -4.65224608893974     -5.33825167545455     -3.78418507653236      s
   -4.68899528662680     -4.73537593832640     -0.96069172981574      o
    3.22737084026013      0.61630333975053     -0.89814969627916      o
    1.10982829144739     -4.84840670759875     -0.70323255727537      o
   -2.46937837674758      0.66848637854202     -1.08912790615699      o
    2.96454482129317      5.59711632129379      1.02435141658536      h
   -0.05391876315521      4.03716504201852      1.17260879133524      h
    1.60445305830096      4.82393788605650      4.03343778619646      h
  0.24567138813092D-03  0.13503284058602D-03  0.45973772493957D-03
  0.15798370276396D-02  -.11629161336835D-02  0.21275766079576D-03
  -.46318026741154D-03  0.32775219535353D-03  -.68644067899459D-03
  0.30795999634350D-02  0.14290090974711D-03  -.19570966838067D-02
  -.17847894537439D-02  0.11382215055527D-02  0.84776008497123D-03
  0.10170569912411D-02  -.17395897452310D-02  -.21763442664557D-03
  -.83835433291846D-03  0.15294578560494D-02  -.86666870771523D-03
  -.91741510570387D-03  0.14559328931418D-03  0.47101538192962D-03
  -.31197944594012D-02  0.41749989680007D-02  0.13218627192306D-02
  0.20952596623420D-02  -.45497224286208D-02  0.10825620230994D-02
  -.56734940029768D-03  0.23198815089032D-03  -.88256951664034D-04
  -.13887651428179D-03  -.44129978458596D-03  0.11063026609137D-03
  -.20201890739080D-03  0.58863871563064D-04  -.65255309040912D-03
  cycle =     11    SCF energy =    -1841.1778037750   |dE/dxyz| =  0.000348
    1.81284390411037      4.28843835860507      2.07188663624347      c
    3.23315477978454      1.16700411304789      1.93626449218829      s
    1.15708040910457     -0.46343813304666      3.12724210755254      o
   -0.67197018768846     -2.12432100290524     -0.91755524231796      pu
   -2.59649596270388     -3.75423201332002     -5.00696138846619      o
   -4.77387707067155     -5.22065467851701     -3.80078932240638      s
   -4.62866715514019     -4.85067056888611     -0.93929656496683      o
    3.18526329286430      0.63284226458656     -0.90946177603423      o
    1.17478339767198     -4.85166383067652     -0.72674079835978      o
   -2.53284496585884      0.60671847219989     -1.11396078498696      o
    3.06089187447501      5.61056792037921      1.10192998521699      h
   -0.01193318065860      4.14665088137761      1.12499010699238      h
    1.59177086471084      4.81275821715530      4.05245254934459      h
  0.69371211834923D-05  -.12548330827755D-05  0.17931627846135D-04
  0.12576586529356D-03  -.56151368021062D-04  0.13542100084862D-04
  -.19772901601822D-04  0.56536382992967D-04  0.25284073771559D-04
  0.11775676736114D-03  0.15581615686600D-04  -.36417886694728D-04
  -.69245534678686D-04  -.56442321141326D-05  -.70740945165682D-04
  -.38765895958193D-04  0.46845952144992D-04  -.69200044965356D-05
  -.94710129283193D-04  -.62416553403111D-04  0.23757597390706D-04
  -.36945134676003D-04  0.74885117589796D-04  -.19310132778116D-04
  -.25355532605076D-04  0.15011598256187D-03  0.15452901853008D-04
  -.21976867934370D-05  -.14758889640731D-03  0.21531346309001D-04
  0.46730917546700D-05  -.38276680029981D-05  0.53077111203947D-05
  0.91370921733169D-05  -.16796927137075D-04  0.20216584488919D-04
  0.31022192040167D-04  -.12358615592900D-04  -.25692647437348D-05
  cycle =     12    SCF energy =    -1841.1778043250   |dE/dxyz| =  0.000387
    1.81216530560807      4.28766327582272      2.07151168409604      c
    3.23396239947545      1.16683366779649      1.93606049881204      s
    1.15846021999795     -0.46422116775821      3.12713026125000      o
   -0.67160311038384     -2.12351338559022     -0.91753057083913      pu
   -2.59679460098021     -3.75278134885434     -5.00678319362309      o
   -4.77248839950563     -5.22143106018040     -3.80034106775191      s
   -4.62913278240466     -4.84850046949359     -0.93918737944611      o
    3.18630294573178      0.63234262929309     -0.90959627817771      o
    1.17375994727319     -4.85168879274350     -0.72568827405584      o
   -2.53179056797543      0.60798595735320     -1.11360527650372      o
    3.05905819001163      5.61061770566887      1.10122309113576      h
   -0.01263123594132      4.14457172947857      1.12482853390640      h
    1.59073168909310      4.81212125920730      4.05197797119718      h
  0.23802330886058D-04  -.12552384114350D-05  0.33467279300731D-04
  0.11310834471523D-03  -.80824891563580D-04  -.26237519179517D-06
  -.50146337464696D-05  0.56007323763652D-04  0.13727936189145D-04
  0.15845493305600D-03  0.45769408984597D-04  -.88914512456739D-04
  -.97339747518355D-04  0.13913512031394D-04  -.55774185547364D-04
  -.87305049376596D-05  0.20012350930187D-04  0.47491754777695D-05
  -.10386067881285D-03  -.35103667913816D-04  0.32473912625619D-06
  -.37228380868726D-04  0.62470084613686D-04  -.95193303870644D-05
  -.64985294864428D-04  0.14662233512297D-03  0.65644669537512D-04
  0.11109525885900D-04  -.16425274935017D-03  0.30791733765412D-04
  -.99840792091577D-05  0.19606799925853D-05  0.38071140082696D-05
  0.85334192254649D-05  -.20186692826440D-04  0.21576638735255D-04
  0.20781939505277D-04  -.87724038346781D-05  -.12332645636715D-04
  cycle =     13    SCF energy =    -1841.1778046670   |dE/dxyz| =  0.000303
    1.81175460036883      4.28732913301593      2.07095435135671      c
    3.23390883606592      1.16667030079322      1.93594622998452      s
    1.15883814936722     -0.46479999434219      3.12718454364565      o
   -0.67145161644655     -2.12364933913815     -0.91704488215025      pu
   -2.59604926097138     -3.75244730200920     -5.00605886579264      o
   -4.77342094194596     -5.21901605020303     -3.80010400467477      s
   -4.62811547512622     -4.84837754656841     -0.93875881712462      o
    3.18648128695954      0.63176067039932     -0.90962681184598      o
    1.17461769691975     -4.85155328187418     -0.72579844908890      o
   -2.53220733799881      0.60769985531826     -1.11285689693615      o
    3.05912490871487      5.61060504076026      1.10169912650980      h
   -0.01244928673096      4.14438468949352      1.12308985018280      h
    1.58896844082384      4.81139382435463      4.05137462593374      h
  0.43401391294995D-04  -.51022031311021D-05  0.32591367010060D-04
  0.73684630024218D-04  -.76507952419647D-04  -.87040932683635D-05
  0.42874748480415D-05  0.34700938172705D-04  0.36957055513653D-05
  0.12255409552608D-03  0.53085453696866D-04  -.66478198021969D-04
  -.65135686036832D-04  0.14986767657987D-05  -.16524263880768D-04
  -.59376914553155D-04  0.44544229456989D-04  -.43691416458103D-05
  -.47811082314553D-04  -.29691521046260D-04  -.12655395085659D-04
  -.31955524169902D-04  0.44730566939322D-04  -.62028818907933D-05
  -.83095733707239D-05  0.11966927388585D-03  0.49636183368840D-04
  -.36169095682936D-04  -.13221554419829D-03  0.27857971887091D-04
  -.12133029407613D-04  0.84921843290786D-05  0.21978555826418D-05
  0.90853882843689D-05  -.15214447457890D-04  0.18042120709882D-04
  0.16100016992260D-04  -.11095647404202D-04  -.11829380040851D-04
  cycle =     14    SCF energy =    -1841.1778049800   |dE/dxyz| =  0.000390
    1.81140866609904      4.28706746029208      2.07087908858380      c
    3.23394773711754      1.16652829984893      1.93609732807681      s
    1.15889614080446     -0.46514122217595      3.12706205095956      o
   -0.67133475116886     -2.12345411615013     -0.91709394457073      pu
   -2.59597954678750     -3.75123264379482     -5.00609773747504      o
   -4.77168228991464     -5.22006493912115     -3.79998705521115      s
   -4.62863223250933     -4.84682298305625     -0.93890768920759      o
    3.18667517650170      0.63128698811596     -0.90939912333581      o
    1.17370629249382     -4.85183783960801     -0.72560726239125      o
   -2.53129536346946      0.60825264606429     -1.11280562052159      o
    3.05755356318068      5.61012714820253      1.09977189349985      h
   -0.01367305959544      4.14320926425351      1.12484680757085      h
    1.59040966724808      4.81208193712900      4.05124126402219      h
  0.46167648784179D-04  0.31990809366000D-05  0.33667664026016D-04
  0.84753763155199D-04  -.70213071232672D-04  0.20471538810796D-05
  -.19186775759295D-05  0.27484215149087D-04  -.33280351283693D-04
  0.15067330835095D-03  0.24746262283770D-04  -.85788575027834D-04
  -.99055177944507D-04  0.22008777364135D-04  -.13296563407650D-04
  0.12904473948083D-04  0.30552853761634D-04  0.23850390027391D-04
  -.72824098664270D-04  -.33484713228837D-05  -.27739900762214D-04
  -.57813340099244D-04  0.26006150483315D-04  0.72593825866107D-05
  -.81603664579433D-04  0.18228307623502D-03  0.63539509195909D-04
  0.18830068288622D-04  -.18625856930043D-03  0.29014690884566D-04
  -.17003750807043D-04  0.10168348924755D-04  0.34597768894251D-06
  0.58803287261711D-05  -.20307593535662D-04  0.23472883356801D-04
  0.19691678592615D-04  -.10091892171937D-04  -.15801944077687D-04
  cycle =     15    SCF energy =    -1841.1778052870   |dE/dxyz| =  0.000326
    1.81055657596114      4.28650072912709      2.07011272749129      c
    3.23402650891934      1.16641683752194      1.93602349819833      s
    1.15965031219366     -0.46603465931025      3.12710917813683      o
   -0.67098885184723     -2.12352931238385     -0.91652587833273      pu
   -2.59514003069941     -3.75040588466868     -5.00529169042615      o
   -4.77245408111910     -5.21720396727118     -3.79959391440153      s
   -4.62753197785085     -4.84615120513069     -0.93831040001848      o
    3.18726661475027      0.63039003846070     -0.90933213986885      o
    1.17441164987379     -4.85183683055880     -0.72557988690408      o
   -2.53123315376614      0.60819407257737     -1.11194781355667      o
    3.05699420144403      5.60985493369142      1.09978031754125      h
   -0.01402493587094      4.14250503807505      1.12313834446727      h
    1.58846716801152      4.81130020986987      4.05041765767342      h
  0.55260549717495D-04  -.28077491780465D-05  0.29649952371535D-04
  0.50490918784618D-04  -.46269291876122D-04  -.40460217158866D-05
  0.59156775265023D-05  -.12809614435838D-05  -.52590806953745D-04
  0.10928887914652D-03  0.33964140022658D-04  -.72066743508792D-04
  -.64424274501818D-04  0.14398469367904D-04  0.24617230659274D-04
  -.32029175613957D-04  0.57198451877127D-04  0.13312289258494D-04
  -.14291855937820D-04  0.51416516262393D-05  -.30820895728922D-04
  -.55019727139616D-04  -.31846230177379D-05  0.92285660842073D-05
  -.40051410423736D-04  0.16541721243968D-03  0.54125616100631D-04
  -.14548953071625D-04  -.16837712990458D-03  0.26848003966018D-04
  -.16985296897865D-04  0.96624920669086D-05  0.12897162093850D-05
  0.73710516588221D-05  -.14163317849425D-04  0.21229844010762D-04
  0.17383125261949D-04  -.12943320354619D-04  -.13477095615499D-04
  cycle =     16    SCF energy =    -1841.1778054730   |dE/dxyz| =  0.000340
    1.80992394766785      4.28624594458365      2.06986471667389      c
    3.23415177396975      1.16650509200753      1.93627238447479      s
    1.16001861017550     -0.46636763540822      3.12724446597898      o
   -0.67064374633716     -2.12354180237919     -0.91643059353606      pu
   -2.59515989916403     -3.74970790117418     -5.00528173858134      o
   -4.77223686341891     -5.21680986790795     -3.79950482985608      s
   -4.62759008502161     -4.84540665514287     -0.93821051469072      o
    3.18792121805735      0.63000664518867     -0.90900016394441      o
    1.17428187361250     -4.85213333243505     -0.72559792460997      o
   -2.53039059329496      0.60848201745337     -1.11183826042434      o
    3.05599767233642      5.60933878242384      1.09870211971098      h
   -0.01500413859466      4.14178352515870      1.12365428548410      h
    1.58873023001201      4.81160518763168      4.05012605332008      h
  0.28681888381232D-04  -.72495250686977D-05  0.22505366843006D-04
  0.58872097007168D-04  -.26398057089594D-04  0.16202047277147D-05
  0.22109812825022D-05  0.25085406747394D-05  -.63973845474408D-04
  0.11211942566014D-03  0.27900340800358D-04  -.67938042655591D-04
  -.69884102302353D-04  0.28533499554229D-04  0.18163120742543D-04
  -.15961521732777D-04  0.39089591055586D-04  0.60369465089138D-05
  -.25525283078309D-04  0.16169887768314D-04  -.14975804162987D-04
  -.57751637630332D-04  -.57342983446063D-05  0.15180589336694D-04
  -.65190567092088D-04  0.18197003886655D-03  0.57562425491930D-04
  0.14502437847952D-04  -.17611649520077D-03  0.24118290009145D-04
  -.10674416963230D-04  -.34487642008862D-05  0.32598154287022D-05
  0.11299831968792D-04  -.20512208847467D-04  0.26194463222051D-04
  0.25906484761973D-04  -.19804307140436D-04  -.20510794157325D-04
  cycle =     17    SCF energy =    -1841.1778055170   |dE/dxyz| =  0.000324
    1.80929138787884      4.28642138348977      2.06976028033241      c
    3.23400758570958      1.16675666394172      1.93646900123332      s
    1.16021116990387     -0.46666203621843      3.12734403015686      o
   -0.67016500581452     -2.12413014757617     -0.91640892089424      pu
   -2.59519520511074     -3.74956314513112     -5.00533290494653      o
   -4.77284704751086     -5.21577609293466     -3.79949456121063      s
   -4.62737639315076     -4.84535636774359     -0.93805223669431      o
    3.18846690460298      0.62970503731553     -0.90870189545286      o
    1.17435820048497     -4.85302585731101     -0.72596885134923      o
   -2.52947592921654      0.60817341385187     -1.11191695280720      o
    3.05563205906626      5.60902599024586      1.09820164131827      h
   -0.01591513740067      4.14226994372464      1.12402571194444      h
    1.58900741055762      4.81216121434557      4.05007565836960      h
  -.17977632420063D-04  -.30178934316005D-05  0.10457849210832D-04
  0.51356161439031D-04  0.12906070574470D-04  -.86884626782080D-05
  0.11018745937008D-04  -.29141833721269D-04  -.58697506201355D-04
  0.98192040049128D-04  0.91875477439274D-05  -.23441087973808D-04
  -.36778139589799D-04  -.92593663314489D-05  0.10804056056912D-04
  -.81876029536687D-04  0.12331238533037D-03  -.19633733771229D-04
  0.14145924444264D-04  -.26490646618527D-04  0.19128296404602D-04
  -.23452681936931D-04  -.33759582715565D-04  0.16076841752977D-04
  -.98803442705631D-04  0.14896705412504D-03  0.18430697780403D-04
  0.47248179214421D-04  -.14814985058464D-03  0.90640694716537D-05
  0.13070158276118D-04  -.79747027967869D-05  -.18594282313877D-05
  -.11200113899434D-04  0.38884722033394D-05  0.28479841248430D-04
  0.43706208499916D-04  -.26426855050943D-05  0.72083393245492D-05
  cycle =     18    SCF energy =    -1841.1778056090   |dE/dxyz| =  0.000319
    1.80965844031576      4.28669684243216      2.06996095422712      c
    3.23398849530616      1.16679741495905      1.93620209731283      s
    1.16003952606510     -0.46635036241765      3.12723331744349      o
   -0.67028648729151     -2.12433578396861     -0.91652773862960      pu
   -2.59561543162583     -3.74990089936270     -5.00531896801657      o
   -4.77296742752379     -5.21646676036157     -3.79934472388311      s
   -4.62751755159438     -4.84576075011878     -0.93792793431884      o
    3.18796586976392      0.63015350149778     -0.90905463862220      o
    1.17445841890005     -4.85310995689244     -0.72624743240641      o
   -2.52969622111022      0.60788827824898     -1.11201514249733      o
    3.05681731496347      5.60958020685656      1.09980321262034      h
   -0.01492111940381      4.14313832713895      1.12288926615529      h
    1.58807617323512      4.81166994198824      4.05034773061488      h
  -.11266566600110D-04  0.25540503099108D-05  0.24048704275081D-04
  0.99699291929767D-04  -.33896725794236D-04  -.12562595136600D-04
  -.11175141178654D-04  -.28348700489289D-05  -.38951107701024D-04
  0.10313693684516D-03  -.52068802558480D-05  -.51018713901563D-04
  -.61552993749103D-04  0.32182521820801D-04  0.10309524078878D-04
  -.29490649602337D-04  0.35163816363593D-04  -.18831446130463D-04
  -.21489296777588D-04  0.14826392712664D-04  0.15913779312982D-04
  -.50502760132076D-04  -.52373390673210D-05  -.19272514357738D-05
  -.57005961105361D-04  0.17084976862947D-03  0.38727949415895D-04
  0.82418033784393D-05  -.16761574605084D-03  0.12710645997505D-04
  0.16327345909950D-04  0.38808690661085D-06  0.62675642804599D-05
  -.81825129045754D-05  -.73857905658059D-06  0.12829400340753D-04
  0.31865896202299D-04  -.25510511005855D-05  0.99014476608872D-05
  cycle =     19    SCF energy =    -1841.1778058400   |dE/dxyz| =  0.000298
    1.80914123339535      4.28639300398150      2.06956720672498      c
    3.23422599432097      1.16681799387484      1.93635123624080      s
    1.16057839056212     -0.46673639303647      3.12741772678239      o
   -0.67000322326121     -2.12430263121638     -0.91633345091908      pu
   -2.59560058590673     -3.74928837428296     -5.00516637301073      o
   -4.77302313168740     -5.21575343689283     -3.79917440526756      s
   -4.62732218903034     -4.84521420013821     -0.93773383516818      o
    3.18857420405611      0.62991137111125     -0.90886678999012      o
    1.17437893302852     -4.85341179902562     -0.72640785249809      o
   -2.52913492357461      0.60822075197825     -1.11121957393358      o
    3.05629536211885      5.60942326270347      1.09959441007988      h
   -0.01518910010066      4.14246970927447      1.12211620662508      h
    1.58707903607907      4.81147074166866      4.04985549433411      h
  -.25610126029973D-04  -.11192309949948D-05  0.18642294795312D-04
  0.10690027701976D-03  -.32150017556631D-04  -.12810520885864D-04
  -.16753059414398D-04  -.81046665911799D-05  -.33287603249832D-04
  0.95037816642218D-04  -.66662929310013D-06  -.66002206297933D-04
  -.55930098302959D-04  0.33146681038598D-04  0.12508837336611D-04
  -.35434085067010D-04  0.32103052863164D-04  -.24168318255136D-04
  -.14022317191831D-04  0.19681801085802D-04  0.20364289703423D-04
  -.43734044680832D-04  0.11910674873050D-05  -.13305667394548D-05
  -.52637056377591D-04  0.14502800126692D-03  0.39783679476990D-04
  0.41360482700981D-05  -.14904362874546D-03  0.28372424209833D-04
  0.16340949025029D-04  -.34754688993388D-06  0.48516780515317D-05
  -.38831173485576D-05  0.20222449790275D-05  0.16211515010633D-04
  0.34340782044839D-04  -.40000694889741D-05  0.43863340719597D-05
  cycle =     20    SCF energy =    -1841.1778064030   |dE/dxyz| =  0.000216
    1.80755998062050      4.28555071467607      2.06847832092456      c
    3.23500260274448      1.16708277344289      1.93667152165624      s
    1.16253091326369     -0.46792169929802      3.12789190307277      o
   -0.66908628346237     -2.12428178598618     -0.91585007860225      pu
   -2.59600029703400     -3.74783626333354     -5.00459552380148      o
   -4.77366797695567     -5.21355123811195     -3.79808488794456      s
   -4.62663112890316     -4.84374030859117     -0.93660480891804      o
    3.19057268034105      0.62938008578332     -0.90842346703389      o
    1.17408886541027     -4.85444470108303     -0.72740010863407      o
   -2.52690798278090      0.60938721482440     -1.10959599135430      o
    3.05526619789854      5.60943014651250      1.10039164398025      h
   -0.01536150766964      4.14079907609348      1.11860523343155      h
    1.58263393652727      4.81014598507118      4.04851624322313      h
  -.48562682213760D-04  -.11661742329139D-04  0.12529632029246D-04
  0.87023196421399D-04  -.25247016593788D-04  -.21810348452611D-04
  -.85599175463358D-05  -.13010047144490D-04  -.10811864072480D-04
  0.48728119725894D-04  -.11039042170147D-04  -.55342429816641D-04
  -.39848715674751D-04  0.31779057084513D-04  0.64929541423453D-05
  -.45145905779975D-04  0.36914494209839D-04  -.13029396095376D-04
  0.32377824910057D-05  0.17330767290602D-04  0.19573465309008D-04
  -.18101759687639D-04  0.24159086234210D-04  -.41676939321889D-05
  -.42032800006808D-04  0.86893441482161D-04  0.19414028638032D-04
  0.63853023597460D-05  -.89148902127079D-04  0.38299396202923D-04
  0.15889769598321D-04  -.60843170937019D-05  0.81582157140936D-05
  0.17379084588320D-04  0.10066169867873D-04  0.20633587086927D-04
  0.32891520021283D-04  -.12223293843761D-04  -.12325191241835D-04
  cycle =     21    SCF energy =    -1841.1778064230   |dE/dxyz| =  0.000210
    1.80782124297946      4.28569399364009      2.06868070849264      c
    3.23483776055801      1.16704733880876      1.93678280265475      s
    1.16215046103268     -0.46773453621977      3.12787108107874      o
   -0.66926696026126     -2.12422325868015     -0.91596083673010      pu
   -2.59588202604216     -3.74815455920726     -5.00475191289233      o
   -4.77345553309038     -5.21403435987323     -3.79829683710499      s
   -4.62676921572328     -4.84391750794877     -0.93685812048627      o
    3.19039731801586      0.62941169176710     -0.90831693188868      o
    1.17393691963158     -4.85435140819084     -0.72745958633839      o
   -2.52710079270083      0.60941739780114     -1.10985260961535      o
    3.05511554422918      5.60933938057071      1.09975060732214      h
   -0.01556446367892      4.14084699328073      1.11967552917818      h
    1.58377974505012      4.81065883425145      4.04873610632958      h
  -.23882746126969D-04  -.81893627532637D-05  0.56944373572065D-05
  0.75673401264353D-04  -.36935058470355D-04  -.17805919927838D-04
  -.10746713357435D-04  -.14446190288453D-05  -.21472499669883D-04
  0.48610000856542D-04  -.10131268774138D-04  -.45017975509154D-04
  -.49832755228074D-04  0.35003013114654D-04  0.77955986323985D-05
  -.18583127037175D-04  0.16082027649134D-04  -.68313212153726D-05
  -.14707349325960D-04  0.28629264987146D-04  0.92155794568782D-05
  -.18348057153617D-04  0.26119155570825D-04  0.13115333352687D-05
  -.33485874645578D-04  0.96273270688840D-04  0.29851366287081D-04
  -.11507642394548D-05  -.97601870310271D-04  0.17217631074540D-04
  0.69934242484804D-05  -.78767668489910D-05  -.20621874160520D-05
  0.71392356346678D-05  0.55234584603880D-05  0.34358737512952D-04
  0.41637033820097D-04  -.67099184262176D-05  -.47958509556967D-05
  cycle =     22    SCF energy =    -1841.1778067420   |dE/dxyz| =  0.000144
    1.80753790350397      4.28559399440381      2.06854114207859      c
    3.23499161256096      1.16722048228969      1.93732237092632      s
    1.16255377924009     -0.46803787255964      3.12805581986091      o
   -0.66916899046088     -2.12400202927967     -0.91601489990892      pu
   -2.59599822673982     -3.74828230982653     -5.00477930882056      o
   -4.77347993744074     -5.21397023074330     -3.79797818707725      s
   -4.62665219683734     -4.84350054134283     -0.93664622181982      o
    3.19140354848143      0.62908290069940     -0.90769343939198      o
    1.17323345693964     -4.85478473095199     -0.72858097230335      o
   -2.52605379894088      0.61039901992905     -1.10953640290773      o
    3.05422745203243      5.60939351303387      1.09905910930784      h
   -0.01593426346233      4.13991071467662      1.11974354253664      h
    1.58333966112354      4.81097708967148      4.04850744751922      h
  0.28312745510517D-04  -.10538458137255D-04  0.10676500266982D-04
  0.78914256329554D-05  -.11018366858906D-05  -.48650531176975D-05
  0.27907028492979D-04  -.72860378603767D-05  -.27733855907819D-04
  0.20677072523512D-04  -.14458762692904D-04  -.28251915217936D-04
  -.46412071743163D-04  0.10384674274277D-04  0.17285741620299D-05
  -.27341673686010D-04  0.46765590575149D-04  0.19963293157232D-04
  -.88842001044753D-06  0.38537186268783D-05  -.15814333428565D-04
  0.17520269146587D-06  0.19104918051571D-04  0.47312612174721D-05
  -.33604456820768D-04  0.63820008627147D-04  0.77488895811051D-06
  0.27486900968654D-05  -.59536169214169D-04  0.25244242839229D-04
  0.23916449624073D-05  0.43430890412921D-05  -.19539822116166D-05
  0.46611498725202D-05  -.48481530008360D-05  0.18111782034980D-04
  0.23275267530654D-04  -.10747548136347D-04  0.44178806546391D-05
  cycle =     24    SCF energy =    -1841.1778069960   |dE/dxyz| =  0.000184
    1.80721906510884      4.28544628792564      2.06844210174457      c
    3.23504350181134      1.16721126424902      1.93758138627391      s
    1.16263143271966     -0.46816415648970      3.12817313554243      o
   -0.66908555206443     -2.12388828569157     -0.91603541639893      pu
   -2.59594049973767     -3.74816592211766     -5.00465931489191      o
   -4.77322212602861     -5.21399418126820     -3.79765870635150      s
   -4.62653447107163     -4.84294394373064     -0.93638232286838      o
    3.19194043652828      0.62881076652164     -0.90740336073553      o
    1.17271523959662     -4.85519142453335     -0.72942608642221      o
   -2.52508917423049      0.61119363531081     -1.10945432152087      o
    3.05349417684836      5.60923691395941      1.09844302470608      h
   -0.01643553748382      4.13925670508076      1.12001069953357      h
    1.58326350800361      4.81119234078378      4.04836918138867      h
  0.33110243780388D-04  0.50732753669180D-05  0.86565278003548D-05
  -.19882167450191D-05  -.84182206849803D-05  0.66047210047770D-05
  0.21921089331300D-04  -.15452750787404D-04  -.19966891285250D-04
  -.19874568673917D-04  -.28866094969437D-04  -.21501490687470D-04
  -.41271427143386D-04  0.15791032069501D-04  -.19332314124654D-04
  -.28118678159661D-04  0.46845903542980D-04  0.10385633869348D-04
  -.21102721063926D-05  -.18689287990981D-04  -.26169367096429D-04
  0.33563536355530D-04  0.28946705650457D-04  0.49510591042079D-04
  0.83664846215470D-05  0.63047093775026D-04  0.64633016963356D-04
  -.17033805988831D-04  -.66347563063118D-04  -.71037572992427D-04
  -.26893289524210D-05  0.21446408138281D-05  -.26381562738820D-05
  -.26227714520211D-05  -.13881755751122D-04  0.82959730152155D-05
  0.18747691970689D-04  -.10192999827296D-04  0.12559330161199D-04
  cycle =     25    SCF energy =    -1841.1778074730   |dE/dxyz| =  0.000200
    1.80624718301362      4.28503410925383      2.06779646016275      c
    3.23501171134039      1.16717833204749      1.93835945470734      s
    1.16281894174383     -0.46862585994258      3.12867193301763      o
   -0.66881262034310     -2.12386094847672     -0.91562402553682      pu
   -2.59487578848763     -3.74745828743818     -5.00427205206477      o
   -4.77207593181884     -5.21340740478731     -3.79735658021443      s
   -4.62628469777088     -4.84096331004618     -0.93623522155601      o
    3.19323716611533      0.62780918659948     -0.90649506190224      o
    1.17101173849869     -4.85668653152333     -0.73202108098336      o
   -2.52278449403556      0.61282248694273     -1.10687393291968      o
    3.05120034837974      5.60850234291610      1.09571151972670      h
   -0.01811478853016      4.13728135911604      1.12086382876395      h
    1.58342123189464      4.81237452533856      4.04747475879883      h
  0.79191886526830D-04  0.86665209115822D-05  0.29226517224146D-05
  -.47258710777598D-04  -.10316751628991D-04  0.22359420720264D-04
  0.21593156706246D-04  0.56993585619836D-05  -.38491877251801D-04
  -.53547777085328D-04  -.74996298856433D-04  0.64811863609293D-06
  -.24121734913507D-04  -.69526705708256D-05  0.53648949469576D-05
  -.12032094414138D-04  0.60179921941739D-04  0.28028697668603D-04
  0.28823489157670D-04  -.66712961066528D-05  -.46004961731683D-04
  0.44127637645275D-04  0.31836925356021D-04  0.37502917402676D-04
  -.35483216336729D-04  0.47770639234557D-04  -.96798781734631D-05
  0.21563303015171D-04  -.33361491695416D-04  -.26503753573159D-04
  -.13760035744825D-04  0.27591120494996D-05  -.73014823419593D-05
  -.20126958285793D-04  -.20643804973686D-04  0.67079440202455D-05
  0.11031079049817D-04  -.39701226897115D-05  0.24447289284524D-04
  cycle =     26    SCF energy =    -1841.1778077140   |dE/dxyz| =  0.000168
    1.80596398567071      4.28476016221341      2.06751034388004      c
    3.23532912234245      1.16710393581864      1.93780162825603      s
    1.16343784185411     -0.46878411717187      3.12867555888456      o
   -0.66878120626383     -2.12378517044143     -0.91524883537539      pu
   -2.59441752756140     -3.74711060479147     -5.00396334056630      o
   -4.77168051950913     -5.21322997695660     -3.79732627359962      s
   -4.62657785948748     -4.84015231516996     -0.93618706827622      o
    3.19307007457347      0.62762539203578     -0.90707001716458      o
    1.17095046899550     -4.85664937518742     -0.73170242797623      o
   -2.52287325477622      0.61282727377377     -1.10583289704874      o
    3.05131625478076      5.60862021589718      1.09646276983904      h
   -0.01791954793032      4.13719634027371      1.11968722075586      h
    1.58218216731144      4.81157823970620      4.04719333839143      h
  0.43425938975883D-04  0.40873334103964D-05  0.13756063525605D-04
  -.28374651250829D-05  -.22621054607264D-04  0.10996858563317D-04
  -.32631441264641D-05  0.66028048095745D-05  -.26084458070841D-04
  -.38143198992202D-04  -.63338138929225D-04  -.21889605282155D-04
  -.13881621022449D-04  -.15673165698615D-06  0.12450136162911D-04
  -.18659248617325D-04  0.45347740970314D-04  -.57192548474916D-06
  0.33334413513941D-04  0.11540065226967D-04  -.17667910725550D-04
  0.35342287493023D-04  0.23036305997870D-04  0.14414795682427D-04
  -.29760148401170D-04  0.74780766968097D-04  0.13449562428713D-04
  0.98206915826182D-05  -.66461354834235D-04  -.21114567925640D-04
  -.86105081340548D-05  -.23234395829519D-05  -.10677310529061D-05
  -.14886036870720D-04  -.11170663984927D-04  0.81987283269136D-05
  0.81180031777928D-05  0.67636029488227D-06  0.15130082078763D-04
  cycle =     27    SCF energy =    -1841.1778081000   |dE/dxyz| =  0.000194
    1.80387586361987      4.28358078800662      2.06599558036002      c
    3.23681777135981      1.16728426533064      1.93741977465110      s
    1.16669728828916     -0.47017567751342      3.12955319597448      o
   -0.66817335803780     -2.12331403760201     -0.91380210335330      pu
   -2.59334714854911     -3.74516071815741     -5.00317027469197      o
   -4.76988519481202     -5.21272885701026     -3.79693120895252      s
   -4.62779305174360     -4.83617135546652     -0.93594026589006      o
    3.19491386454106      0.62613723831274     -0.90723325363378      o
    1.16905973711397     -4.85809184665947     -0.73305784580440      o
   -2.52006273276222      0.61506283877536     -1.10108646305537      o
    3.04897802820411      5.60854350568215      1.09609006239458      h
   -0.01908935079201      4.13464001733475      1.11675205856530      h
    1.57800828356884      4.81039383896678      4.04541074343579      h
  -.19431249231872D-04  -.59226604882667D-05  0.28062391761008D-04
  0.62744657327585D-04  -.35164122662579D-04  -.10419829116870D-04
  -.42369188161473D-04  0.68359597129586D-05  0.18833451598255D-05
  -.49210077239792D-04  -.42690411996560D-04  -.23976935386472D-04
  0.71003567105876D-05  -.67796894542838D-06  0.11255421307865D-04
  -.18790528702795D-04  0.11136610957863D-04  -.54981717944713D-04
  0.37187855797427D-04  0.49065238585833D-04  0.42117410586684D-04
  0.45785674734233D-04  0.94429485630876D-05  -.25842586504510D-04
  -.59039127579652D-04  0.35149276202517D-04  -.29075987350691D-04
  0.49315649787829D-04  -.44063707886899D-04  0.39197710031580D-04
  -.11136912845267D-05  -.83014430565242D-05  0.42403711753014D-05
  -.91611954822213D-05  0.98477578427403D-05  0.17403281264983D-04
  -.30191830688864D-05  0.15342532065699D-04  0.13712819502132D-06
  cycle =     28    SCF energy =    -1841.1778082420   |dE/dxyz| =  0.000147
    1.80469631500483      4.28394284337817      2.06631095516104      c
    3.23673849616180      1.16739385623562      1.93708658490543      s
    1.16655953631043     -0.46982867311246      3.12938903994011      o
   -0.66858063209625     -2.12329789216741     -0.91387618033864      pu
   -2.59391490386485     -3.74551508023775     -5.00338662359001      o
   -4.77026763591799     -5.21342382673437     -3.79723662968927      s
   -4.62792835705354     -4.83772947578151     -0.93620572768689      o
    3.19380301471235      0.62682771643190     -0.90762056510805      o
    1.16966092480981     -4.85733988046196     -0.73193433892920      o
   -2.52145560595538      0.61437123243818     -1.10209920983151      o
    3.05055070447990      5.60914820315921      1.09767962797032      h
   -0.01777595429841      4.13572057839419      1.11602059406722      h
    1.57791409770736      4.80973039845813      4.04587247312931      h
  -.83733185638479D-05  -.79456164279179D-05  0.21258631542898D-04
  0.56434853611620D-04  -.19186614352407D-04  -.85872080894944D-05
  -.30548121717544D-04  -.45916186586226D-05  -.14940771713157D-05
  -.29399297520438D-04  -.31509050934631D-04  -.28528261102112D-04
  -.72899889165257D-05  -.22647222976957D-05  -.13171034627391D-05
  -.21204911717199D-04  0.26114406447064D-04  -.36417993873883D-04
  0.22139937588150D-04  0.22487287246520D-04  0.21517253511405D-04
  0.26615596786073D-04  0.19105544427411D-04  0.55027527778861D-06
  -.34934241117668D-05  0.55529602375870D-04  0.35603555203600D-04
  -.64545080933343D-05  -.61897972708280D-04  -.17123097434624D-04
  0.79006217879041D-06  -.17343372702427D-05  0.46209682620368D-05
  -.92137034002349D-07  0.32184386432599D-05  0.13737353338428D-04
  0.87529509795736D-06  0.26746621859530D-05  -.38203234336009D-05
  cycle =     29    SCF energy =    -1841.1778083320   |dE/dxyz| =  0.000124
    1.80320235669981      4.28309317604893      2.06470338426402      c
    3.23812366374237      1.16783124218772      1.93691772876847      s
    1.17012300956829     -0.47120989733662      3.13059299187054      o
   -0.66842230102231     -2.12270537125984     -0.91209101040648      pu
   -2.59354802008233     -3.74293513197591     -5.00272100001008      o
   -4.76813400377750     -5.21395066165880     -3.79719190410242      s
   -4.62924421123846     -4.83523289642894     -0.93639569956181      o
    3.19491496948841      0.62561448270102     -0.90748780339164      o
    1.16745972890415     -4.85857565158487     -0.73325170776414      o
   -2.51914756677318      0.61675350181224     -1.09711354221515      o
    3.04918400510984      5.60957468436295      1.09794004929198      h
   -0.01790285061949      4.13341892074063      1.11204164824344      h
    1.57339122000045      4.80832360239142      4.04405686501312      h
  -.68444701151193D-06  -.11529079039008D-04  0.10450779786009D-04
  0.37236896403670D-04  0.60043208085503D-05  -.21706029066593D-04
  -.21506858406184D-04  -.26456103634942D-04  0.54164177392124D-05
  -.19019937495202D-04  -.23854060382966D-04  -.32846909983064D-05
  -.14679995434363D-04  -.89785387604735D-05  -.12905240158290D-04
  0.63701123984572D-05  0.13674484833359D-06  -.32375341147528D-04
  0.35731134016004D-05  0.39363575738527D-04  0.15817883670444D-04
  0.22878692814032D-04  0.15218641340020D-04  0.15411063255755D-04
  -.44024736322257D-04  0.63628551316697D-06  -.32684555588247D-04
  0.32858037545935D-04  0.12362059038651D-05  0.48553672794549D-04
  0.17272053738360D-05  0.77348030709246D-05  0.50525557457881D-05
  0.16095192370003D-05  0.66223728456549D-06  0.72952692349304D-05
  -.63376636660895D-05  -.17508509220221D-06  -.50417881105602D-05
  cycle =     30    SCF energy =    -1841.1778084900   |dE/dxyz| =  0.000094
    1.80436648997226      4.28375746216718      2.06558835493279      c
    3.23717867745074      1.16764917819043      1.93689899465617      s
    1.16805292582493     -0.47021514768423      3.13004556542837      o
   -0.66878507064916     -2.12307313797914     -0.91287333498978      pu
   -2.59397713813390     -3.74396397845789     -5.00305777396207      o
   -4.76907072253328     -5.21414331607582     -3.79741161429858      s
   -4.62842578525010     -4.83756120484587     -0.93647821431717      o
    3.19358253114983      0.62648995553893     -0.90768651099703      o
    1.16853511167603     -4.85787969904654     -0.73241096217106      o
   -2.52074155888873      0.61539155248919     -1.09976149492550      o
    3.05072429960488      5.60951001407626      1.09835959819770      h
   -0.01722936751805      4.13515530713129      1.11366182225217      h
    1.57578960729459      4.80888301449613      4.04512557019385      h
  0.11249316500761D-04  -.59428580101439D-05  0.55602019706225D-05
  0.17353699128364D-04  -.86828182492837D-05  -.60151598546554D-05
  -.10020435272651D-04  -.46203293173619D-05  -.67251068287533D-05
  -.19433962911819D-04  -.30906035050293D-04  -.46557575181794D-05
  -.11218698038107D-04  -.11198318530248D-04  -.89610525275674D-05
  -.12991770088178D-04  0.31391190912444D-04  -.11694377022309D-04
  0.15791586337244D-04  0.11255873756610D-04  -.43485433849355D-05
  0.14032209765702D-04  0.26175948339535D-04  0.17983621432904D-04
  0.85130114158005D-06  0.33054326650017D-04  0.27559153531698D-04
  -.77600379242426D-05  -.31308295131538D-04  -.21531716095868D-04
  -.44647201491443D-08  0.11323179256451D-05  0.60077454704377D-05
  0.27716764261498D-06  -.55059509871391D-05  0.50669443631968D-05
  0.18741130615174D-05  -.48450760123941D-05  0.17540374415148D-05
  cycle =     31    SCF energy =    -1841.1778085230   |dE/dxyz| =  0.000072
    1.80378743339797      4.28342728887570      2.06480442364066      c
    3.23768695857642      1.16778339325104      1.93680719080642      s
    1.16950313710467     -0.47073050452414      3.13069088820360      o
   -0.66884562125874     -2.12281088791490     -0.91191765207609      pu
   -2.59386205554747     -3.74234365293148     -5.00269786860897      o
   -4.76784906079493     -5.21455915866349     -3.79752598884349      s
   -4.62889992030637     -4.83686408374475     -0.93666570737448      o
    3.19382831190446      0.62581100167849     -0.90764895270227      o
    1.16749988756427     -4.85838047132810     -0.73304941786200      o
   -2.51991806677858      0.61639062621907     -1.09720359946510      o
    3.05041493353068      5.60961190395277      1.09850789131836      h
   -0.01712920167723      4.13434949355511      1.11166056745272      h
    1.57378326428489      4.80831505157461      4.04423822551050      h
  0.10525654957794D-04  -.34443434575593D-05  0.20649607004319D-05
  0.64296719521906D-05  -.18480377454999D-05  -.66910688580890D-05
  -.38379749014439D-05  -.10041567174213D-04  -.65569381391128D-05
  -.10785112888101D-04  -.23210118813566D-04  0.92152969966008D-05
  -.15278712334421D-04  -.51080838816553D-05  -.12887563935138D-04
  0.41268566910446D-05  0.93743350468856D-05  -.69576764687440D-05
  0.57586921151653D-05  0.22478495425915D-04  -.90459953376865D-05
  0.83445957699269D-05  0.19159885980002D-04  0.17517181403193D-04
  -.27616627720661D-04  0.10889022522775D-04  -.14867004502594D-04
  0.21034173762757D-04  -.82533205443269D-05  0.18568956553278D-04
  0.52447779808062D-06  0.20559432796219D-05  0.76246326941032D-05
  0.20034292971260D-05  -.61756708416016D-05  -.47805577274573D-07
  -.12290832845929D-05  -.58765761277169D-05  0.20629884600609D-05
$end
