$hessian
 1  1   0.5282241996   0.0912267985   0.0040811320  -0.0912874403   0.0697394097
 1  2  -0.0083547509   0.0116907880  -0.0311488467   0.0044724351  -0.0007908187
 1  3  -0.0016976197   0.0010171034   0.0000879389  -0.0000104547   0.0000290833
 1  4  -0.0000733349  -0.0000142541  -0.0001304590   0.0002385516   0.0001256857
 1  5   0.0001258698   0.0102524294  -0.0056744559   0.0057344124   0.0001750665
 1  6   0.0002589865  -0.0003222187   0.0010802303  -0.0000512975   0.0002493730
 1  7  -0.1459400770  -0.1116168003   0.0787326351  -0.2639591494  -0.0178547097
 1  8  -0.1140955247  -0.0497142812   0.0060442831   0.0285068526
 2  1   0.0912267985   0.3798277033  -0.0049589422   0.0285752623  -0.0967481930
 2  2  -0.0018695953  -0.0009445450  -0.0228975338   0.0056345347   0.0020163589
 2  3  -0.0000639175   0.0018425412  -0.0003477866  -0.0002187103  -0.0003316405
 2  4   0.0002251206   0.0001611009   0.0001823308  -0.0004042875  -0.0002584748
 2  5  -0.0002226942   0.0043807261  -0.0056481072  -0.0068757580   0.0001305854
 2  6  -0.0005691862  -0.0002872682  -0.0015105248   0.0003215643  -0.0007870124
 2  7  -0.1073391285  -0.1570417733   0.0831734603  -0.0226121449  -0.0396300776
 2  8  -0.0096579653   0.0065241661  -0.0592728210  -0.0658999004
 3  1   0.0040811320  -0.0049589422   0.5665900862  -0.0193067005   0.0186488260
 3  2  -0.0419101370   0.0051512615   0.0127562724   0.0009710236   0.0017718765
 3  3  -0.0000043535  -0.0021566673  -0.0000771123  -0.0000254682   0.0000423228
 3  4   0.0000445221   0.0000231677  -0.0000718366  -0.0000769391  -0.0000506606
 3  5   0.0000767489   0.0159555239  -0.0340651888  -0.0141942113  -0.0003069674
 3  6  -0.0002533660   0.0005851127  -0.0000814890  -0.0001393687   0.0004227839
 3  7   0.0777204681   0.0845592299  -0.1055389770  -0.1151390093  -0.0072301696
 3  8  -0.1051697411   0.0304533777  -0.0690697523  -0.2996466846
 4  1  -0.0912874403   0.0285752623  -0.0193067005   0.4300319938   0.0981343541
 4  2  -0.0190917385  -0.2424263469  -0.1239598526   0.0679946152  -0.0093397937
 4  3  -0.0145134281  -0.0204823123   0.0006874784   0.0006512976   0.0015511302
 4  4  -0.0005550033  -0.0004555051  -0.0006541091   0.0005817930   0.0004600572
 4  5   0.0005067424  -0.0754472762  -0.0048705562  -0.0138678614  -0.0024261829
 4  6   0.0030717531   0.0013554317   0.0014708677  -0.0008964599   0.0021973195
 4  7   0.0054974029  -0.0177407332  -0.0006481223  -0.0161232098   0.0333303250
 4  8   0.0006386754  -0.0018716212  -0.0014593156  -0.0004445844
 5  1   0.0697394097  -0.0967481930   0.0186488260   0.0981343541   0.3503831764
 5  2   0.0028131858  -0.1457927520  -0.1543832366   0.0568203784  -0.0222065528
 5  3  -0.0040425207  -0.0185732011   0.0013325339   0.0008531364   0.0017311484
 5  4  -0.0008609505  -0.0005588102  -0.0007178842   0.0014698827   0.0008792710
 5  5   0.0007458501  -0.0167123840  -0.0692184463  -0.0644539103   0.0005558048
 5  6   0.0017563056   0.0016720092   0.0048308635  -0.0092143519   0.0008445277
 5  7   0.0042895468  -0.0088656411  -0.0013789954   0.0062668755  -0.0103653238
 5  8   0.0001004910  -0.0007912268  -0.0007162537   0.0016384102
 6  1  -0.0083547509  -0.0018695953  -0.0419101370  -0.0190917385   0.0028131858
 6  2   0.5129187412   0.0848024241   0.0670667679  -0.1097508514  -0.0226019282
 6  3  -0.0147963551   0.0083256690   0.0006427933   0.0003288518  -0.0003294686
 6  4  -0.0007470691  -0.0005102539  -0.0000166421   0.0018867589   0.0013074604
 6  5  -0.0002140094  -0.0393737123  -0.0578883444  -0.3628405957   0.0006628038
 6  6   0.0028970489  -0.0023116051   0.0037136639  -0.0019604171  -0.0020620882
 6  7  -0.0046669511   0.0105763395  -0.0019323386  -0.0067320013   0.0136551756
 6  8   0.0010024502   0.0095225335  -0.0219010869  -0.0029709841
 7  1   0.0116907880  -0.0009445450   0.0051512615  -0.2424263469  -0.1457927520
 7  2   0.0848024241   0.2188614844   0.1480196691  -0.1020958745  -0.0104882600
 7  3   0.0023346831   0.0031292326  -0.0019972047  -0.0015839745  -0.0026592759
 7  4   0.0007881948   0.0006135617   0.0006786889  -0.0009477663  -0.0007107731
 7  5  -0.0012103710   0.0182958892   0.0029160390   0.0173599573   0.0059291701
 7  6  -0.0053808520   0.0009750877  -0.0031703151   0.0048970549  -0.0053247020
 7  7   0.0013185588   0.0016152142  -0.0002082105   0.0029849600  -0.0053479136
 7  8   0.0005826761  -0.0000377011  -0.0007325138  -0.0009404188
 8  1  -0.0311488467  -0.0228975338   0.0127562724  -0.1239598526  -0.1543832366
 8  2   0.0670667679   0.1480196691   0.1774567246  -0.0820614613   0.0048785973
 8  3  -0.0161786115   0.0007910081  -0.0019809217  -0.0014555373  -0.0023025896
 8  4   0.0008227687   0.0005186063   0.0002709936  -0.0008852531  -0.0004646728
 8  5  -0.0007187117   0.0062225805   0.0137732132   0.0064010070  -0.0004576854
 8  6  -0.0027607297  -0.0041877174  -0.0029626974   0.0104026405   0.0024387666
 8  7   0.0043421724  -0.0092242299  -0.0003428209  -0.0019270693   0.0043910235
 8  8  -0.0000156921  -0.0007859529   0.0010724869   0.0000080752
 9  1   0.0044724351   0.0056345347   0.0009710236   0.0679946152   0.0568203784
 9  2  -0.1097508514  -0.1020958745  -0.0820614613   0.1509915446  -0.0044508106
 9  3  -0.0029107393  -0.0266204969  -0.0025706590  -0.0019902529  -0.0024549844
 9  4   0.0015349680   0.0010210568  -0.0004694426  -0.0017115050  -0.0010380728
 9  5   0.0009508182   0.0368397459   0.0235726103  -0.0157007226   0.0041880329
 9  6  -0.0064332924   0.0016627908  -0.0047805544   0.0053570303  -0.0007144965
 9  7  -0.0002236189   0.0012248963   0.0013914613   0.0007226966  -0.0017026341
 9  8  -0.0008428436  -0.0003892858   0.0022242783   0.0014921461
10  1  -0.0007908187   0.0020163589   0.0017718765  -0.0093397937  -0.0222065528
10  2  -0.0226019282  -0.0104882600   0.0048785973  -0.0044508106   0.4426818651
10  3  -0.3578557044   0.0622695183  -0.0112515465   0.0029827802  -0.0022849010
10  4  -0.0103127354  -0.0145450316  -0.0192931631  -0.0182158298  -0.0007224051
10  5   0.0075825529  -0.0209056357  -0.0018829818   0.0107226460  -0.1835134476
10  6   0.1970012726  -0.0171769575  -0.1777871133   0.1857865874  -0.0173111680
10  7  -0.0007176358   0.0004277245  -0.0003940138   0.0011692896   0.0022523381
10  8   0.0008860610  -0.0008797420   0.0011301727   0.0001713786
11  1  -0.0016976197  -0.0000639175  -0.0000043535  -0.0145134281  -0.0040425207
11  2  -0.0147963551   0.0023346831  -0.0161786115  -0.0029107393  -0.3578557044
11  3   0.7486106257  -0.0100870283   0.0037808630  -0.0132772451  -0.0017979274
11  4  -0.0142296736  -0.0043297511  -0.0137002266  -0.0010813661  -0.0158499754
11  5   0.0055467272  -0.0028388078  -0.0193650806   0.0042883929   0.1945112710
11  6  -0.3392874009   0.0170578356   0.1909115752  -0.3343811049   0.0170385982
11  7   0.0008768056  -0.0000806231   0.0001426064  -0.0008611548  -0.0036330547
11  8  -0.0015875632   0.0005809276   0.0002184322   0.0007284873
12  1   0.0010171034   0.0018425412  -0.0021566673  -0.0204823123  -0.0185732011
12  2   0.0083256690   0.0031292326   0.0007910081  -0.0266204969   0.0622695183
12  3  -0.0100870283   0.1532411308   0.0032581519   0.0020896395  -0.0221689743
12  4  -0.0191628381  -0.0138565611   0.0068537894   0.0022775978   0.0015850691
12  5  -0.0127429415   0.0020121228   0.0023418814  -0.0124915551  -0.0178889160
12  6   0.0182460984  -0.0475217379  -0.0160481977   0.0148070317  -0.0466502880
12  7  -0.0001104028   0.0012322647  -0.0000646159   0.0000679082   0.0000078191
12  8   0.0006193051  -0.0002374502  -0.0002876798  -0.0001302951
13  1   0.0000879389  -0.0003477866  -0.0000771123   0.0006874784   0.0013325339
13  2   0.0006427933  -0.0019972047  -0.0019809217  -0.0025706590  -0.0112515465
13  3   0.0037808630   0.0032581519   0.2500299490   0.1609829548  -0.1219742248
13  4  -0.2542203330  -0.1698962192   0.1071885687   0.0140748299   0.0091290554
13  5   0.0188286692  -0.0006446460  -0.0006807347  -0.0010928734  -0.0023744277
13  6   0.0021552456  -0.0046364718   0.0055982972  -0.0045402316   0.0009061795
13  7  -0.0000039759  -0.0000458518   0.0000346904   0.0000298632   0.0000928703
13  8   0.0001076034   0.0000017315  -0.0000859696  -0.0000870207
14  1  -0.0000104547  -0.0002187103  -0.0000254682   0.0006512976   0.0008531364
14  2   0.0003288518  -0.0015839745  -0.0014555373  -0.0019902529   0.0029827802
14  3  -0.0132772451   0.0020896395   0.1609829548   0.1223194599  -0.0773133340
14  4  -0.1711466888  -0.1245312335   0.0687426120   0.0107742713   0.0124092483
14  5   0.0115953460  -0.0005423421  -0.0003449174  -0.0006422369  -0.0016717648
14  6   0.0067577384   0.0021263407  -0.0004678772  -0.0023569191  -0.0047273838
14  7  -0.0000147082  -0.0000240132   0.0000229446   0.0000529894   0.0001300702
14  8   0.0001167365  -0.0000068329  -0.0000374931  -0.0000773177
15  1   0.0000290833  -0.0003316405   0.0000423228   0.0015511302   0.0017311484
15  2  -0.0003294686  -0.0026592759  -0.0023025896  -0.0024549844  -0.0022849010
15  3  -0.0017979274  -0.0221689743  -0.1219742248  -0.0773133340   0.1489496224
15  4   0.0930528557   0.0587067992  -0.1094964875   0.0348856758   0.0235180672
15  5  -0.0161800192  -0.0017469721  -0.0012553063   0.0007248831  -0.0042510137
15  6   0.0048959146  -0.0001362398   0.0033824987  -0.0058552037   0.0011024331
15  7  -0.0000594429  -0.0001017276   0.0000122508   0.0000936196   0.0001534972
15  8   0.0000358616   0.0000478733  -0.0000358082  -0.0000495191
16  1  -0.0000733349   0.0002251206   0.0000445221  -0.0005550033  -0.0008609505
16  2  -0.0007470691   0.0007881948   0.0008227687   0.0015349680  -0.0103127354
16  3  -0.0142296736  -0.0191628381  -0.2542203330  -0.1711466888   0.0930528557
16  4   0.3126967200   0.2151374475  -0.0536721195  -0.0482261479  -0.0322372008
16  5  -0.0253401531   0.0006312368   0.0005329406   0.0005643614   0.0015015748
16  6  -0.0004594633   0.0021489132  -0.0020420249   0.0023670123   0.0010716490
16  7   0.0000049867   0.0000003157  -0.0000137587   0.0000001182  -0.0000857386
16  8  -0.0000807334  -0.0000247659   0.0000495336   0.0000545658
17  1  -0.0000142541   0.0001611009   0.0000231677  -0.0004555051  -0.0005588102
17  2  -0.0005102539   0.0006135617   0.0005186063   0.0010210568  -0.0145450316
17  3  -0.0043297511  -0.0138565611  -0.1698962192  -0.1245312335   0.0587067992
17  4   0.2151374475   0.1648304503   0.0082336896  -0.0334407489  -0.0357659865
17  5  -0.0565254300   0.0005863304   0.0003959940   0.0003559141   0.0011113560
17  6  -0.0024972160   0.0007000512   0.0008509413   0.0014853238   0.0016245355
17  7   0.0000169628   0.0000116841  -0.0000078615  -0.0000274906  -0.0001166746
17  8  -0.0000753104   0.0000258016   0.0000434898   0.0000502727
18  1  -0.0001304590   0.0001823308  -0.0000718366  -0.0006541091  -0.0007178842
18  2  -0.0000166421   0.0006786889   0.0002709936  -0.0004694426  -0.0192931631
18  3  -0.0137002266   0.0068537894   0.1071885687   0.0687426120  -0.1094964875
18  4  -0.0536721195   0.0082336896   0.5108205616  -0.0389218488  -0.0665510062
18  5  -0.4067482330   0.0016243227   0.0012496434  -0.0000370868   0.0025798699
18  6  -0.0000686317  -0.0017415828   0.0006674296   0.0023612420  -0.0019646366
18  7   0.0000585742   0.0000624255   0.0000071350  -0.0000389372  -0.0001086303
18  8   0.0000406935  -0.0000147304  -0.0000133644  -0.0000051870
19  1   0.0002385516  -0.0004042875  -0.0000769391   0.0005817930   0.0014698827
19  2   0.0018867589  -0.0009477663  -0.0008852531  -0.0017115050  -0.0182158298
19  3  -0.0010813661   0.0022775978   0.0140748299   0.0107742713   0.0348856758
19  4  -0.0482261479  -0.0334407489  -0.0389218488   0.0549840633   0.0301686779
19  5   0.0030434870  -0.0036273275  -0.0030142382  -0.0018913768  -0.0060435885
19  6   0.0027605828  -0.0000662005   0.0070171890  -0.0063896489   0.0006682971
19  7  -0.0000395270  -0.0000640663   0.0000155386   0.0000519269   0.0001490698
19  8   0.0000889286   0.0000378508  -0.0000827057  -0.0000898116
20  1   0.0001256857  -0.0002584748  -0.0000506606   0.0004600572   0.0008792710
20  2   0.0013074604  -0.0007107731  -0.0004646728  -0.0010380728  -0.0007224051
20  3  -0.0158499754   0.0015850691   0.0091290554   0.0124092483   0.0235180672
20  4  -0.0322372008  -0.0357659865  -0.0665510062   0.0301686779   0.0376119814
20  5   0.0425959445  -0.0026659138  -0.0021210705  -0.0013044753  -0.0011119330
20  6   0.0084046814  -0.0004161242  -0.0023987910  -0.0047027373   0.0003926253
20  7  -0.0000492744  -0.0000339129   0.0000078232   0.0000507357   0.0001670211
20  8   0.0000617812  -0.0000004738  -0.0000417187  -0.0000561394
21  1   0.0001258698  -0.0002226942   0.0000767489   0.0005067424   0.0007458501
21  2  -0.0002140094  -0.0012103710  -0.0007187117   0.0009508182   0.0075825529
21  3   0.0055467272  -0.0127429415   0.0188286692   0.0115953460  -0.0161800192
21  4  -0.0253401531  -0.0565254300  -0.4067482330   0.0030434870   0.0425959445
21  5   0.4344014698  -0.0014980495  -0.0012411217  -0.0004885825  -0.0025322910
21  6   0.0006979739   0.0018511057   0.0003988559  -0.0024752042   0.0021567259
21  7  -0.0000527510  -0.0000773791  -0.0000069422   0.0000442767   0.0000997744
21  8  -0.0000457158  -0.0000016560   0.0000079390  -0.0000085667
22  1   0.0102524294   0.0043807261   0.0159555239  -0.0754472762  -0.0167123840
22  2  -0.0393737123   0.0182958892   0.0062225805   0.0368397459  -0.0209056357
22  3  -0.0028388078   0.0020121228  -0.0006446460  -0.0005423421  -0.0017469721
22  4   0.0006312368   0.0005863304   0.0016243227  -0.0036273275  -0.0026659138
22  5  -0.0014980495   0.0684665467   0.0154265612  -0.0160855600   0.0079640534
22  6  -0.0071231059   0.0007769621  -0.0073870180   0.0036465969   0.0005510991
22  7   0.0000780516   0.0012578541  -0.0000128905   0.0026346903  -0.0055891723
22  8   0.0000253293  -0.0002147746   0.0039876466   0.0009288598
23  1  -0.0056744559  -0.0056481072  -0.0340651888  -0.0048705562  -0.0692184463
23  2  -0.0578883444   0.0029160390   0.0137732132   0.0235726103  -0.0018829818
23  3  -0.0193650806   0.0023418814  -0.0006807347  -0.0003449174  -0.0012553063
23  4   0.0005329406   0.0003959940   0.0012496434  -0.0030142382  -0.0021210705
23  5  -0.0012411217   0.0154265612   0.0778611893   0.0679170412  -0.0016580742
23  6  -0.0048484295   0.0001242288  -0.0022852268   0.0111580047  -0.0002434818
23  7  -0.0003066887   0.0022995223  -0.0001964825  -0.0024919275   0.0040685646
23  8   0.0005035004   0.0038474611  -0.0077750073  -0.0008784600
24  1   0.0057344124  -0.0068757580  -0.0141942113  -0.0138678614  -0.0644539103
24  2  -0.3628405957   0.0173599573   0.0064010070  -0.0157007226   0.0107226460
24  3   0.0042883929  -0.0124915551  -0.0010928734  -0.0006422369   0.0007248831
24  4   0.0005643614   0.0003559141  -0.0000370868  -0.0018913768  -0.0013044753
24  5  -0.0004885825  -0.0160855600   0.0679170412   0.4009414539   0.0004074778
24  6  -0.0029121511   0.0018027626  -0.0038055304   0.0038335404   0.0026483149
24  7  -0.0009916292  -0.0013393429  -0.0000492596   0.0015246211  -0.0010823428
24  8  -0.0001929710   0.0017625579  -0.0037720608   0.0014261158
25  1   0.0001750665   0.0001305854  -0.0003069674  -0.0024261829   0.0005558048
25  2   0.0006628038   0.0059291701  -0.0004576854   0.0041880329  -0.1835134476
25  3   0.1945112710  -0.0178889160  -0.0023744277  -0.0016717648  -0.0042510137
25  4   0.0015015748   0.0011113560   0.0025798699  -0.0060435885  -0.0011119330
25  5  -0.0025322910   0.0079640534  -0.0016580742   0.0004074778   0.1688963934
25  6  -0.1942844043   0.0168335199   0.0099525827   0.0027665327   0.0004204355
25  7   0.0000798312   0.0001829140   0.0000306155  -0.0001948076  -0.0005585492
25  8  -0.0002622897   0.0001470900  -0.0000507784   0.0000523766
26  1   0.0002589865  -0.0005691862  -0.0002533660   0.0030717531   0.0017563056
26  2   0.0028970489  -0.0053808520  -0.0027607297  -0.0064332924   0.1970012726
26  3  -0.3392874009   0.0182460984   0.0021552456   0.0067577384   0.0048959146
26  4  -0.0004594633  -0.0024972160  -0.0000686317   0.0027605828   0.0084046814
26  5   0.0006979739  -0.0071231059  -0.0048484295  -0.0029121511  -0.1942844043
26  6   0.3245894093  -0.0172837314   0.0021798929   0.0070622074   0.0000894799
26  7  -0.0001548918  -0.0001885157   0.0000246111   0.0001416619   0.0006693909
26  8   0.0002751822   0.0000230522  -0.0001821220  -0.0001981294
27  1  -0.0003222187  -0.0002872682   0.0005851127   0.0013554317   0.0016720092
27  2  -0.0023116051   0.0009750877  -0.0041877174   0.0016627908  -0.0171769575
27  3   0.0170578356  -0.0475217379  -0.0046364718   0.0021263407  -0.0001362398
27  4   0.0021489132   0.0007000512  -0.0017415828  -0.0000662005  -0.0004161242
27  5   0.0018511057   0.0007769621   0.0001242288   0.0018027626   0.0168335199
27  6  -0.0172837314   0.0362611185   0.0000852237   0.0006346560   0.0112359618
27  7   0.0000627156  -0.0002094127   0.0000337311  -0.0000492157  -0.0001022927
27  8  -0.0000474813  -0.0000085601   0.0001274573   0.0000070965
28  1   0.0010802303  -0.0015105248  -0.0000814890   0.0014708677   0.0048308635
28  2   0.0037136639  -0.0031703151  -0.0029626974  -0.0047805544  -0.1777871133
28  3   0.1909115752  -0.0160481977   0.0055982972  -0.0004678772   0.0033824987
28  4  -0.0020420249   0.0008509413   0.0006674296   0.0070171890  -0.0023987910
28  5   0.0003988559  -0.0073870180  -0.0022852268  -0.0038055304   0.0099525827
28  6   0.0021798929   0.0000852237   0.1668959993  -0.1863416630   0.0172531494
28  7   0.0002045473  -0.0002704569   0.0000686337  -0.0016539305  -0.0011198264
28  8  -0.0007274906  -0.0000917701  -0.0002036132  -0.0000823860
29  1  -0.0000512975   0.0003215643  -0.0001393687  -0.0008964599  -0.0092143519
29  2  -0.0019604171   0.0048970549   0.0104026405   0.0053570303   0.1857865874
29  3  -0.3343811049   0.0148070317  -0.0045402316  -0.0023569191  -0.0058552037
29  4   0.0023670123   0.0014853238   0.0023612420  -0.0063896489  -0.0047027373
29  5  -0.0024752042   0.0036465969   0.0111580047   0.0038335404   0.0027665327
29  6   0.0070622074   0.0006346560  -0.1863416630   0.3197019778  -0.0169549840
29  7  -0.0008674500   0.0004269836  -0.0003655846   0.0006220706   0.0023597499
29  8   0.0011593823  -0.0010221016   0.0003230257  -0.0003941282
30  1   0.0002493730  -0.0007870124   0.0004227839   0.0021973195   0.0008445277
30  2  -0.0020620882  -0.0053247020   0.0024387666  -0.0007144965  -0.0173111680
30  3   0.0170385982  -0.0466502880   0.0009061795  -0.0047273838   0.0011024331
30  4   0.0010716490   0.0016245355  -0.0019646366   0.0006682971   0.0003926253
30  5   0.0021567259   0.0005510991  -0.0002434818   0.0026483149   0.0004204355
30  6   0.0000894799   0.0112359618   0.0172531494  -0.0169549840   0.0342046568
30  7  -0.0004956959  -0.0000238827  -0.0002473325  -0.0002780752   0.0002917376
30  8  -0.0008493907   0.0000491978  -0.0000123135   0.0000261166
31  1  -0.1459400770  -0.1073391285   0.0777204681   0.0054974029   0.0042895468
31  2  -0.0046669511   0.0013185588   0.0043421724  -0.0002236189  -0.0007176358
31  3   0.0008768056  -0.0001104028  -0.0000039759  -0.0000147082  -0.0000594429
31  4   0.0000049867   0.0000169628   0.0000585742  -0.0000395270  -0.0000492744
31  5  -0.0000527510   0.0000780516  -0.0003066887  -0.0009916292   0.0000798312
31  6  -0.0001548918   0.0000627156   0.0002045473  -0.0008674500  -0.0004956959
31  7   0.1535681407   0.1183230731  -0.0861198496  -0.0120159776  -0.0170990434
31  8   0.0150103812  -0.0023035040  -0.0014404407  -0.0000326723
32  1  -0.1116168003  -0.1570417733   0.0845592299  -0.0177407332  -0.0088656411
32  2   0.0105763395   0.0016152142  -0.0092242299   0.0012248963   0.0004277245
32  3  -0.0000806231   0.0012322647  -0.0000458518  -0.0000240132  -0.0001017276
32  4   0.0000003157   0.0000116841   0.0000624255  -0.0000640663  -0.0000339129
32  5  -0.0000773791   0.0012578541   0.0022995223  -0.0013393429   0.0001829140
32  6  -0.0001885157  -0.0002094127  -0.0002704569   0.0004269836  -0.0000238827
32  7   0.1183230731   0.1681255604  -0.0912162471   0.0010489438  -0.0004785593
32  8  -0.0001002589   0.0064963538   0.0065340884  -0.0044674827
33  1   0.0787326351   0.0831734603  -0.1055389770  -0.0006481223  -0.0013789954
33  2  -0.0019323386  -0.0002082105  -0.0003428209   0.0013914613  -0.0003940138
33  3   0.0001426064  -0.0000646159   0.0000346904   0.0000229446   0.0000122508
33  4  -0.0000137587  -0.0000078615   0.0000071350   0.0000155386   0.0000078232
33  5  -0.0000069422  -0.0000128905  -0.0001964825  -0.0000492596   0.0000306155
33  6   0.0000246111   0.0000337311   0.0000686337  -0.0003655846  -0.0002473325
33  7  -0.0861198496  -0.0912162471   0.1101330888  -0.0076044836  -0.0105718289
33  8   0.0074723613   0.0158880769   0.0202302707  -0.0112782308
34  1  -0.2639591494  -0.0226121449  -0.1151390093  -0.0161232098   0.0062668755
34  2  -0.0067320013   0.0029849600  -0.0019270693   0.0007226966   0.0011692896
34  3  -0.0008611548   0.0000679082   0.0000298632   0.0000529894   0.0000936196
34  4   0.0000001182  -0.0000274906  -0.0000389372   0.0000519269   0.0000507357
34  5   0.0000442767   0.0026346903  -0.0024919275   0.0015246211  -0.0001948076
34  6   0.0001416619  -0.0000492157  -0.0016539305   0.0006220706  -0.0002780752
34  7  -0.0120159776   0.0010489438  -0.0076044836   0.2796560801   0.0193639982
34  8   0.1230118381   0.0068736514   0.0004108956   0.0042813141
35  1  -0.0178547097  -0.0396300776  -0.0072301696   0.0333303250  -0.0103653238
35  2   0.0136551756  -0.0053479136   0.0043910235  -0.0017026341   0.0022523381
35  3  -0.0036330547   0.0000078191   0.0000928703   0.0001300702   0.0001534972
35  4  -0.0000857386  -0.0001166746  -0.0001086303   0.0001490698   0.0001670211
35  5   0.0000997744  -0.0055891723   0.0040685646  -0.0010823428  -0.0005585492
35  6   0.0006693909  -0.0001022927  -0.0011198264   0.0023597499   0.0002917376
35  7  -0.0170990434  -0.0004785593  -0.0105718289   0.0193639982   0.0437812497
35  8   0.0094273170  -0.0073064997  -0.0012276433  -0.0028219529
36  1  -0.1140955247  -0.0096579653  -0.1051697411   0.0006386754   0.0001004910
36  2   0.0010024502   0.0005826761  -0.0000156921  -0.0008428436   0.0008860610
36  3  -0.0015875632   0.0006193051   0.0001076034   0.0001167365   0.0000358616
36  4  -0.0000807334  -0.0000753104   0.0000406935   0.0000889286   0.0000617812
36  5  -0.0000457158   0.0000253293   0.0005035004  -0.0001929710  -0.0002622897
36  6   0.0002751822  -0.0000474813  -0.0007274906   0.0011593823  -0.0008493907
36  7   0.0150103812  -0.0001002589   0.0074723613   0.1230118381   0.0094273170
36  8   0.1085509156  -0.0245516414  -0.0001875865  -0.0106021295
37  1  -0.0497142812   0.0065241661   0.0304533777  -0.0018716212  -0.0007912268
37  2   0.0095225335  -0.0000377011  -0.0007859529  -0.0003892858  -0.0008797420
37  3   0.0005809276  -0.0002374502   0.0000017315  -0.0000068329   0.0000478733
37  4  -0.0000247659   0.0000258016  -0.0000147304   0.0000378508  -0.0000004738
37  5  -0.0000016560  -0.0002147746   0.0038474611   0.0017625579   0.0001470900
37  6   0.0000230522  -0.0000085601  -0.0000917701  -0.0010221016   0.0000491978
37  7  -0.0023035040   0.0064963538   0.0158880769   0.0068736514  -0.0073064997
37  8  -0.0245516414   0.0493171693  -0.0077058143  -0.0325162696
38  1   0.0060442831  -0.0592728210  -0.0690697523  -0.0014593156  -0.0007162537
38  2  -0.0219010869  -0.0007325138   0.0010724869   0.0022242783   0.0011301727
38  3   0.0002184322  -0.0002876798  -0.0000859696  -0.0000374931  -0.0000358082
38  4   0.0000495336   0.0000434898  -0.0000133644  -0.0000827057  -0.0000417187
38  5   0.0000079390   0.0039876466  -0.0077750073  -0.0037720608  -0.0000507784
38  6  -0.0001821220   0.0001274573  -0.0002036132   0.0003230257  -0.0000123135
38  7  -0.0014404407   0.0065340884   0.0202302707   0.0004108956  -0.0012276433
38  8  -0.0001875865  -0.0077058143   0.0613424857   0.0727351775
39  1   0.0285068526  -0.0658999004  -0.2996466846  -0.0004445844   0.0016384102
39  2  -0.0029709841  -0.0009404188   0.0000080752   0.0014921461   0.0001713786
39  3   0.0007284873  -0.0001302951  -0.0000870207  -0.0000773177  -0.0000495191
39  4   0.0000545658   0.0000502727  -0.0000051870  -0.0000898116  -0.0000561394
39  5  -0.0000085667   0.0009288598  -0.0008784600   0.0014261158   0.0000523766
39  6  -0.0001981294   0.0000070965  -0.0000823860  -0.0003941282   0.0000261166
39  7  -0.0000326723  -0.0044674827  -0.0112782308   0.0042813141  -0.0028219529
39  8  -0.0106021295  -0.0325162696   0.0727351775   0.3217673204
$hessian (projected)
 1  1   0.5283398389   0.0911811746   0.0039189161  -0.0909813349   0.0696246164
 1  2  -0.0084541599   0.0117288480  -0.0310082301   0.0045202652  -0.0008761128
 1  3  -0.0010853702   0.0011454610  -0.0000108621  -0.0000203096   0.0000446703
 1  4  -0.0001712446   0.0001104222   0.0001045126   0.0001536620   0.0002621679
 1  5   0.0001011136   0.0102643758  -0.0057025753   0.0056980482   0.0007604189
 1  6   0.0006094472  -0.0005547951   0.0004764610  -0.0007376542   0.0004222428
 1  7  -0.1458536281  -0.1114018084   0.0787381384  -0.2638652978  -0.0178959055
 1  8  -0.1142240396  -0.0499651243   0.0060640249   0.0285396263
 2  1   0.0911811746   0.3801328706  -0.0051484172   0.0283052562  -0.0962798859
 2  2  -0.0019240749  -0.0010271291  -0.0226460990   0.0056494431   0.0021271409
 2  3   0.0010316358   0.0021465060  -0.0002171455  -0.0003515020  -0.0002973103
 2  4   0.0004323526   0.0000083810   0.0002988545  -0.0003577754  -0.0002082544
 2  5  -0.0002434697   0.0043598127  -0.0056025765  -0.0068840251   0.0000772006
 2  6  -0.0005123805  -0.0006132853  -0.0014660103   0.0004505193  -0.0005641829
 2  7  -0.1073799677  -0.1571138894   0.0831765386  -0.0226367224  -0.0396107769
 2  8  -0.0096484950   0.0066018128  -0.0592980421  -0.0659480819
 3  1   0.0039189161  -0.0051484172   0.5669430390  -0.0191908852   0.0186887203
 3  2  -0.0419415782   0.0052715764   0.0124730744   0.0008305554   0.0018322621
 3  3  -0.0000977175  -0.0026965483  -0.0002590926   0.0001934970   0.0000479636
 3  4  -0.0000682701   0.0000175106  -0.0000753389   0.0000489062  -0.0003221059
 3  5   0.0002221131   0.0158536729  -0.0337725933  -0.0143644185  -0.0004936703
 3  6  -0.0003296696   0.0014973990   0.0001162549   0.0000732161  -0.0002164926
 3  7   0.0776812168   0.0844768808  -0.1055317763  -0.1151691450  -0.0072328948
 3  8  -0.1051101423   0.0304582579  -0.0690195009  -0.2996047747
 4  1  -0.0909813349   0.0283052562  -0.0191908852   0.4308526700   0.0975427334
 4  2  -0.0191999562  -0.2422782610  -0.1241798956   0.0681290197  -0.0086607688
 4  3  -0.0143681105  -0.0206866428   0.0004195087   0.0008961288   0.0015247335
 4  4  -0.0007979413  -0.0000021067  -0.0002862463   0.0005460408   0.0005353617
 4  5   0.0002470199  -0.0754384307  -0.0048564747  -0.0138013801  -0.0019534716
 4  6   0.0032996335   0.0018244719   0.0010646880  -0.0014982165   0.0019256323
 4  7   0.0056113628  -0.0175074530  -0.0005771720  -0.0159742098   0.0332459030
 4  8   0.0004326953  -0.0024098522  -0.0014127597  -0.0003412901
 5  1   0.0696246164  -0.0962798859   0.0186887203   0.0975427334   0.3508621466
 5  2   0.0027962090  -0.1458477128  -0.1544548441   0.0568700496  -0.0220790456
 5  3  -0.0041580153  -0.0184527498   0.0014440257   0.0007789765   0.0017366663
 5  4  -0.0005870660  -0.0008849321  -0.0006375297   0.0016905872   0.0006503934
 5  5   0.0005604691  -0.0168674408  -0.0691304031  -0.0644047832  -0.0001170550
 5  6   0.0014226674   0.0011066726   0.0054559575  -0.0084313356   0.0012893203
 5  7   0.0041201627  -0.0092399419  -0.0013170912   0.0061507208  -0.0103221768
 5  8   0.0002165464  -0.0005304835  -0.0008126492   0.0015475001
 6  1  -0.0084541599  -0.0019240749  -0.0419415782  -0.0191999562   0.0027962090
 6  2   0.5136787162   0.0846606236   0.0672536009  -0.1098510737  -0.0226494733
 6  3  -0.0145972053   0.0099485691   0.0008834471   0.0002015868  -0.0002668530
 6  4  -0.0007070801  -0.0003725845  -0.0004016860   0.0017062066   0.0015162454
 6  5   0.0001468556  -0.0391107922  -0.0580761186  -0.3630095565   0.0007924586
 6  6   0.0029865899  -0.0024598956   0.0035914788  -0.0021509924  -0.0019382664
 6  7  -0.0046526673   0.0105645506  -0.0020095289  -0.0067373527   0.0136860249
 6  8   0.0011124039   0.0098772670  -0.0218838319  -0.0030081065
 7  1   0.0117288480  -0.0010271291   0.0052715764  -0.2422782610  -0.1458477128
 7  2   0.0846606236   0.2187566173   0.1478832819  -0.1020450808  -0.0107741849
 7  3   0.0024062845   0.0025585298  -0.0021047600  -0.0014982914  -0.0026932485
 7  4   0.0007349157   0.0006661797   0.0008768092  -0.0009395710  -0.0007849711
 7  5  -0.0014920657   0.0181898219   0.0030455294   0.0174626258   0.0056734083
 7  6  -0.0054878664   0.0020984392  -0.0029658958   0.0050822419  -0.0061468491
 7  7   0.0013259045   0.0016243031  -0.0001545914   0.0030214004  -0.0053820787
 7  8   0.0004860210  -0.0003682434  -0.0006797708  -0.0008827897
 8  1  -0.0310082301  -0.0226460990   0.0124730744  -0.1241798956  -0.1544548441
 8  2   0.0672536009   0.1478832819   0.1776447131  -0.0819677194   0.0046249045
 8  3  -0.0163359723   0.0012617947  -0.0017942567  -0.0016603849  -0.0023252566
 8  4   0.0008925823   0.0005658197   0.0001668113  -0.0010174186  -0.0002343772
 8  5  -0.0008754149   0.0063340230   0.0134512705   0.0064908971  -0.0004609385
 8  6  -0.0027707926  -0.0051685915  -0.0030233019   0.0103146604   0.0031064748
 8  7   0.0043299730  -0.0092791253  -0.0003377583  -0.0019265938   0.0044043738
 8  8  -0.0000162124  -0.0006541296   0.0010007578  -0.0000617001
 9  1   0.0045202652   0.0056494431   0.0008305554   0.0681290197   0.0568700496
 9  2  -0.1098510737  -0.1020450808  -0.0819677194   0.1508480765  -0.0042773481
 9  3  -0.0027528330  -0.0269544073  -0.0025911749  -0.0020631658  -0.0024357164
 9  4   0.0014499449   0.0010367667  -0.0003748483  -0.0017580352  -0.0009633362
 9  5   0.0010271715   0.0369268138   0.0235175448  -0.0159221610   0.0042201081
 9  6  -0.0064120344   0.0015513444  -0.0047866442   0.0053271606  -0.0007259616
 9  7  -0.0002169212   0.0012207332   0.0013614404   0.0007283942  -0.0016938643
 9  8  -0.0008260564  -0.0002993414   0.0022312552   0.0014716365
10  1  -0.0008761128   0.0021271409   0.0018322621  -0.0086607688  -0.0220790456
10  2  -0.0226494733  -0.0107741849   0.0046249045  -0.0042773481   0.4432194410
10  3  -0.3575486134   0.0620501560  -0.0113929784   0.0031142126  -0.0022616589
10  4  -0.0104818945  -0.0146203048  -0.0191591115  -0.0179639749  -0.0009521290
10  5   0.0078294245  -0.0210584761  -0.0015795932   0.0103787680  -0.1839644655
10  6   0.1966877137  -0.0170945031  -0.1773980377   0.1863936564  -0.0172802697
10  7  -0.0006353839   0.0004847401  -0.0002555067   0.0014181055   0.0021483085
10  8   0.0006157233  -0.0014312692   0.0011990093   0.0002715373
11  1  -0.0010853702   0.0010316358  -0.0000977175  -0.0143681105  -0.0041580153
11  2  -0.0145972053   0.0024062845  -0.0163359723  -0.0027528330  -0.3575486134
11  3   0.7506132694  -0.0102194742   0.0037874720  -0.0132603084  -0.0018097523
11  4  -0.0145995311  -0.0035845296  -0.0137225438  -0.0012275621  -0.0157154980
11  5   0.0055408557  -0.0027118599  -0.0196124651   0.0040676899   0.1946617318
11  6  -0.3386702271   0.0175668571   0.1903516103  -0.3357593489   0.0166916571
11  7   0.0005732709  -0.0009253380   0.0004183653  -0.0008557895  -0.0037042584
11  8  -0.0016148586   0.0006164671   0.0000810557   0.0005289595
12  1   0.0011454610   0.0021465060  -0.0026965483  -0.0206866428  -0.0184527498
12  2   0.0099485691   0.0025585298   0.0012617947  -0.0269544073   0.0620501560
12  3  -0.0102194742   0.1558261629   0.0034113690   0.0014371008  -0.0221652633
12  4  -0.0185224539  -0.0138409407   0.0084588547   0.0019380964   0.0019931571
12  5  -0.0147066323   0.0022473509   0.0018844468  -0.0131055511  -0.0178116440
12  6   0.0182548411  -0.0489625173  -0.0161501870   0.0146286183  -0.0459404063
12  7  -0.0001210039   0.0012372448  -0.0000551637   0.0001595024   0.0000119787
12  8   0.0005641663  -0.0002185340  -0.0003425237  -0.0002112633
13  1  -0.0000108621  -0.0002171455  -0.0002590926   0.0004195087   0.0014440257
13  2   0.0008834471  -0.0021047600  -0.0017942567  -0.0025911749  -0.0113929784
13  3   0.0037874720   0.0034113690   0.2502334385   0.1608376677  -0.1220011547
13  4  -0.2541025396  -0.1699866691   0.1067721477   0.0140288063   0.0092327513
13  5   0.0190267725  -0.0005513987  -0.0008247348  -0.0011796106  -0.0022437341
13  6   0.0022087418  -0.0056545253   0.0054459403  -0.0046351525   0.0015780241
13  7  -0.0000000065  -0.0000446333  -0.0000059780   0.0000248913   0.0001162329
13  8   0.0001588054   0.0002536942  -0.0001242996  -0.0001390296
14  1  -0.0000203096  -0.0003515020   0.0001934970   0.0008961288   0.0007789765
14  2   0.0002015868  -0.0014982914  -0.0016603849  -0.0020631658   0.0031142126
14  3  -0.0132603084   0.0014371008   0.1608376677   0.1224720857  -0.0773165006
14  4  -0.1712999437  -0.1244511084   0.0687520907   0.0108159354   0.0122580004
14  5   0.0117043146  -0.0005865936  -0.0001672759  -0.0007373742  -0.0017125385
14  6   0.0067909866   0.0032494169  -0.0004379908  -0.0024521266  -0.0055382007
14  7  -0.0000336216  -0.0000811405   0.0000497235   0.0000597179   0.0001064151
14  8   0.0001057699  -0.0001343732   0.0000173824  -0.0000382590
15  1   0.0000446703  -0.0002973103   0.0000479636   0.0015247335   0.0017366663
15  2  -0.0002668530  -0.0026932485  -0.0023252566  -0.0024357164  -0.0022616589
15  3  -0.0018097523  -0.0221652633  -0.1220011547  -0.0773165006   0.1489269898
15  4   0.0931460621   0.0586972657  -0.1092935748   0.0349092894   0.0234952013
15  5  -0.0164819439  -0.0017967983  -0.0012360463   0.0007470593  -0.0042634738
15  6   0.0048833961  -0.0002484897   0.0033950342  -0.0058277835   0.0011690163
15  7  -0.0000659823  -0.0000983292   0.0000372655   0.0001022627   0.0001456400
15  8   0.0000073567  -0.0000397358  -0.0000471907  -0.0000438101
16  1  -0.0001712446   0.0004323526  -0.0000682701  -0.0007979413  -0.0005870660
16  2  -0.0007070801   0.0007349157   0.0008925823   0.0014499449  -0.0104818945
16  3  -0.0145995311  -0.0185224539  -0.2541025396  -0.1712999437   0.0931460621
16  4   0.3126164270   0.2149336218  -0.0538143550  -0.0482014637  -0.0322445298
16  5  -0.0249066051   0.0007065182   0.0004330144   0.0003650830   0.0009310455
16  6  -0.0008088000   0.0015630395  -0.0015056467   0.0030766292   0.0015169129
16  7  -0.0000583400  -0.0002051452  -0.0000517759  -0.0000590576  -0.0000341270
16  8   0.0000511670   0.0003892215   0.0000109425  -0.0000216691
17  1   0.0001104222   0.0000083810   0.0000175106  -0.0000021067  -0.0008849321
17  2  -0.0003725845   0.0006661797   0.0005658197   0.0010367667  -0.0146203048
17  3  -0.0035845296  -0.0138409407  -0.1699866691  -0.1244511084   0.0586972657
17  4   0.2149336218   0.1651710581   0.0081332126  -0.0336117710  -0.0356274900
17  5  -0.0563354715   0.0006786516   0.0003801285   0.0002666518   0.0019868315
17  6  -0.0018972858   0.0012900377  -0.0000880915   0.0002078781   0.0012013318
17  7   0.0000971286   0.0001893580   0.0000076965   0.0000831129  -0.0001812464
17  8  -0.0001981271  -0.0002470053   0.0001039689   0.0000966505
18  1   0.0001045126   0.0002988545  -0.0000753389  -0.0002862463  -0.0006375297
18  2  -0.0004016860   0.0008768092   0.0001668113  -0.0003748483  -0.0191591115
18  3  -0.0137225438   0.0084588547   0.1067721477   0.0687520907  -0.1092935748
18  4  -0.0538143550   0.0081332126   0.5123940861  -0.0388010476  -0.0666825948
18  5  -0.4072817926   0.0014065784   0.0013835448  -0.0000303268   0.0024067075
18  6  -0.0001796481  -0.0016101342   0.0008446394   0.0026022558  -0.0018307184
18  7   0.0000405297   0.0000586215   0.0000949338  -0.0000069743  -0.0001402057
18  8  -0.0000754535  -0.0003841897  -0.0000328693   0.0000259990
19  1   0.0001536620  -0.0003577754   0.0000489062   0.0005460408   0.0016905872
19  2   0.0017062066  -0.0009395710  -0.0010174186  -0.0017580352  -0.0179639749
19  3  -0.0012275621   0.0019380964   0.0140288063   0.0108159354   0.0349092894
19  4  -0.0482014637  -0.0336117710  -0.0388010476   0.0551293746   0.0299737614
19  5   0.0030694461  -0.0037185391  -0.0028397986  -0.0019495245  -0.0065102021
19  6   0.0025002980   0.0004678291   0.0075064551  -0.0058148695   0.0002959888
19  7  -0.0000947592  -0.0002008894   0.0000374161   0.0000166996   0.0001582732
19  8   0.0001213193   0.0000474716  -0.0000687708  -0.0000858907
20  1   0.0002621679  -0.0002082544  -0.0003221059   0.0005353617   0.0006503934
20  2   0.0015162454  -0.0007849711  -0.0002343772  -0.0009633362  -0.0009521290
20  3  -0.0157154980   0.0019931571   0.0092327513   0.0122580004   0.0234952013
20  4  -0.0322445298  -0.0356274900  -0.0666825948   0.0299737614   0.0378697855
20  5   0.0425953385  -0.0025323409  -0.0023812258  -0.0012888993  -0.0004624894
20  6   0.0087826814  -0.0010802789  -0.0031052532  -0.0055936085   0.0008334354
20  7   0.0000184942   0.0001174393  -0.0000014215   0.0001252897   0.0001408854
20  8  -0.0000209847  -0.0000661131  -0.0000587315  -0.0000737564
21  1   0.0001011136  -0.0002434697   0.0002221131   0.0002470199   0.0005604691
21  2   0.0001468556  -0.0014920657  -0.0008754149   0.0010271715   0.0078294245
21  3   0.0055408557  -0.0147066323   0.0190267725   0.0117043146  -0.0164819439
21  4  -0.0249066051  -0.0563354715  -0.4072817926   0.0030694461   0.0425953385
21  5   0.4335177561  -0.0015443694  -0.0012335292  -0.0002257902  -0.0027026022
21  6   0.0005947918   0.0019904176   0.0005957917  -0.0022934802   0.0018175184
21  7  -0.0000671863  -0.0000922547   0.0000566882   0.0000530104   0.0000816226
21  8  -0.0001016136  -0.0002097503  -0.0000037722   0.0000192521
22  1   0.0102643758   0.0043598127   0.0158536729  -0.0754384307  -0.0168674408
22  2  -0.0391107922   0.0181898219   0.0063340230   0.0369268138  -0.0210584761
22  3  -0.0027118599   0.0022473509  -0.0005513987  -0.0005865936  -0.0017967983
22  4   0.0007065182   0.0006786516   0.0014065784  -0.0037185391  -0.0025323409
22  5  -0.0015443694   0.0685203866   0.0153144102  -0.0160306284   0.0084001661
22  6  -0.0068897750   0.0002570719  -0.0078500630   0.0031241353   0.0009091218
22  7   0.0001398493   0.0014058600  -0.0000145075   0.0026987922  -0.0056120668
22  8  -0.0000427496  -0.0003030026   0.0039831842   0.0009392356
23  1  -0.0057025753  -0.0056025765  -0.0337725933  -0.0048564747  -0.0691304031
23  2  -0.0580761186   0.0030455294   0.0134512705   0.0235175448  -0.0015795932
23  3  -0.0196124651   0.0018844468  -0.0008247348  -0.0001672759  -0.0012360463
23  4   0.0004330144   0.0003801285   0.0013835448  -0.0028397986  -0.0023812258
23  5  -0.0012335292   0.0153144102   0.0780602181   0.0678620692  -0.0022689956
23  6  -0.0051646746   0.0007874018  -0.0016666190   0.0118278701  -0.0006706014
23  7  -0.0004108033   0.0020388521  -0.0001482511  -0.0025625701   0.0040816402
23  8   0.0005852088   0.0039192105  -0.0077813586  -0.0008830763
24  1   0.0056980482  -0.0068840251  -0.0143644185  -0.0138013801  -0.0644047832
24  2  -0.3630095565   0.0174626258   0.0064908971  -0.0159221610   0.0103787680
24  3   0.0040676899  -0.0131055511  -0.0011796106  -0.0007373742   0.0007470593
24  4   0.0003650830   0.0002666518  -0.0000303268  -0.0019495245  -0.0012888993
24  5  -0.0002257902  -0.0160306284   0.0678620692   0.4005767131   0.0005780150
24  6  -0.0028246640   0.0012939396  -0.0040149035   0.0036257505   0.0028945684
24  7  -0.0009852718  -0.0013299717  -0.0001027990   0.0015223149  -0.0010684794
24  8  -0.0001448539   0.0019564640  -0.0037748616   0.0013931765
25  1   0.0007604189   0.0000772006  -0.0004936703  -0.0019534716  -0.0001170550
25  2   0.0007924586   0.0056734083  -0.0004609385   0.0042201081  -0.1839644655
25  3   0.1946617318  -0.0178116440  -0.0022437341  -0.0017125385  -0.0042634738
25  4   0.0009310455   0.0019868315   0.0024067075  -0.0065102021  -0.0004624894
25  5  -0.0027026022   0.0084001661  -0.0022689956   0.0005780150   0.1677523005
25  6  -0.1949045877   0.0180750601   0.0110284992   0.0037572184  -0.0005810966
25  7   0.0001048644   0.0000085658   0.0000285871  -0.0001682765  -0.0005415219
25  8  -0.0002739372   0.0001894468  -0.0000234218   0.0000254878
26  1   0.0006094472  -0.0005123805  -0.0003296696   0.0032996335   0.0014226674
26  2   0.0029865899  -0.0054878664  -0.0027707926  -0.0064120344   0.1966877137
26  3  -0.3386702271   0.0182548411   0.0022087418   0.0067909866   0.0048833961
26  4  -0.0008088000  -0.0018972858  -0.0001796481   0.0025002980   0.0087826814
26  5   0.0005947918  -0.0068897750  -0.0051646746  -0.0028246640  -0.1949045877
26  6   0.3243185477  -0.0166532435   0.0027291392   0.0075536489  -0.0004172091
26  7  -0.0001704341  -0.0003512768   0.0000396447   0.0001416693   0.0006810443
26  8   0.0002868523   0.0000848205  -0.0001829391  -0.0002296473
27  1  -0.0005547951  -0.0006132853   0.0014973990   0.0018244719   0.0011066726
27  2  -0.0024598956   0.0020984392  -0.0051685915   0.0015513444  -0.0170945031
27  3   0.0175668571  -0.0489625173  -0.0056545253   0.0032494169  -0.0002484897
27  4   0.0015630395   0.0012900377  -0.0016101342   0.0004678291  -0.0010802789
27  5   0.0019904176   0.0002570719   0.0007874018   0.0012939396   0.0180750601
27  6  -0.0166532435   0.0324382522  -0.0011459755  -0.0002047344   0.0142323017
27  7   0.0000347437  -0.0000996349   0.0001082718  -0.0000656120  -0.0001328951
27  8   0.0000991064   0.0001947555  -0.0000477225   0.0000700042
28  1   0.0004764610  -0.0014660103   0.0001162549   0.0010646880   0.0054559575
28  2   0.0035914788  -0.0029658958  -0.0030233019  -0.0047866442  -0.1773980377
28  3   0.1903516103  -0.0161501870   0.0054459403  -0.0004379908   0.0033950342
28  4  -0.0015056467  -0.0000880915   0.0008446394   0.0075064551  -0.0031052532
28  5   0.0005957917  -0.0078500630  -0.0016666190  -0.0040149035   0.0110284992
28  6   0.0027291392  -0.0011459755   0.1658627911  -0.1872827177   0.0182586673
28  7   0.0001899587  -0.0000903145   0.0000891567  -0.0016482743  -0.0011523885
28  8  -0.0007511588  -0.0002068760  -0.0002240196  -0.0000421539
29  1  -0.0007376542   0.0004505193   0.0000732161  -0.0014982165  -0.0084313356
29  2  -0.0021509924   0.0050822419   0.0103146604   0.0053271606   0.1863936564
29  3  -0.3357593489   0.0146286183  -0.0046351525  -0.0024521266  -0.0058277835
29  4   0.0030766292   0.0002078781   0.0026022558  -0.0058148695  -0.0055936085
29  5  -0.0022934802   0.0031241353   0.0118278701   0.0036257505   0.0037572184
29  6   0.0075536489  -0.0002047344  -0.1872827177   0.3187531721  -0.0162372600
29  7  -0.0009399245   0.0004957802  -0.0003321252   0.0005854949   0.0023321134
29  8   0.0011628476  -0.0011108412   0.0003007770  -0.0003734732
30  1   0.0004222428  -0.0005641829  -0.0002164926   0.0019256323   0.0012893203
30  2  -0.0019382664  -0.0061468491   0.0031064748  -0.0007259616  -0.0172802697
30  3   0.0166916571  -0.0459404063   0.0015780241  -0.0055382007   0.0011690163
30  4   0.0015169129   0.0012013318  -0.0018307184   0.0002959888   0.0008334354
30  5   0.0018175184   0.0009091218  -0.0006706014   0.0028945684  -0.0005810966
30  6  -0.0004172091   0.0142323017   0.0182586673  -0.0162372600   0.0318031696
30  7  -0.0004891866  -0.0001317453  -0.0002903813  -0.0002627096   0.0003101449
30  8  -0.0009619415  -0.0001464783   0.0001268352  -0.0000124063
31  1  -0.1458536281  -0.1073799677   0.0776812168   0.0056113628   0.0041201627
31  2  -0.0046526673   0.0013259045   0.0043299730  -0.0002169212  -0.0006353839
31  3   0.0005732709  -0.0001210039  -0.0000000065  -0.0000336216  -0.0000659823
31  4  -0.0000583400   0.0000971286   0.0000405297  -0.0000947592   0.0000184942
31  5  -0.0000671863   0.0001398493  -0.0004108033  -0.0009852718   0.0001048644
31  6  -0.0001704341   0.0000347437   0.0001899587  -0.0009399245  -0.0004891866
31  7   0.1535860307   0.1183417490  -0.0861220980  -0.0119998055  -0.0171041220
31  8   0.0149963499  -0.0023160472  -0.0014419051  -0.0000325227
32  1  -0.1114018084  -0.1571138894   0.0844768808  -0.0175074530  -0.0092399419
32  2   0.0105645506   0.0016243031  -0.0092791253   0.0012207332   0.0004847401
32  3  -0.0009253380   0.0012372448  -0.0000446333  -0.0000811405  -0.0000983292
32  4  -0.0002051452   0.0001893580   0.0000586215  -0.0002008894   0.0001174393
32  5  -0.0000922547   0.0014058600   0.0020388521  -0.0013299717   0.0000085658
32  6  -0.0003512768  -0.0000996349  -0.0000903145   0.0004957802  -0.0001317453
32  7   0.1183417490   0.1681001024  -0.0912219923   0.0010642942  -0.0004797379
32  8  -0.0001059441   0.0065207317   0.0065289178  -0.0044781586
33  1   0.0787381384   0.0831765386  -0.1055317763  -0.0005771720  -0.0013170912
33  2  -0.0020095289  -0.0001545914  -0.0003377583   0.0013614404  -0.0002555067
33  3   0.0004183653  -0.0000551637  -0.0000059780   0.0000497235   0.0000372655
33  4  -0.0000517759   0.0000076965   0.0000949338   0.0000374161  -0.0000014215
33  5   0.0000566882  -0.0000145075  -0.0001482511  -0.0001027990   0.0000285871
33  6   0.0000396447   0.0001082718   0.0000891567  -0.0003321252  -0.0002903813
33  7  -0.0861220980  -0.0912219923   0.1101300715  -0.0076061164  -0.0105703193
33  8   0.0074776997   0.0158944476   0.0202369903  -0.0112767214
34  1  -0.2638652978  -0.0226367224  -0.1151691450  -0.0159742098   0.0061507208
34  2  -0.0067373527   0.0030214004  -0.0019265938   0.0007283942   0.0014181055
34  3  -0.0008557895   0.0001595024   0.0000248913   0.0000597179   0.0001022627
34  4  -0.0000590576   0.0000831129  -0.0000069743   0.0000166996   0.0001252897
34  5   0.0000530104   0.0026987922  -0.0025625701   0.0015223149  -0.0001682765
34  6   0.0001416693  -0.0000656120  -0.0016482743   0.0005854949  -0.0002627096
34  7  -0.0119998055   0.0010642942  -0.0076061164   0.2796710396   0.0193606038
34  8   0.1230004868   0.0068639929   0.0004107723   0.0042819385
35  1  -0.0178959055  -0.0396107769  -0.0072328948   0.0332459030  -0.0103221768
35  2   0.0136860249  -0.0053820787   0.0044043738  -0.0016938643   0.0021483085
35  3  -0.0037042584   0.0000119787   0.0001162329   0.0001064151   0.0001456400
35  4  -0.0000341270  -0.0001812464  -0.0001402057   0.0001582732   0.0001408854
35  5   0.0000816226  -0.0056120668   0.0040816402  -0.0010684794  -0.0005415219
35  6   0.0006810443  -0.0001328951  -0.0011523885   0.0023321134   0.0003101449
35  7  -0.0171041220  -0.0004797379  -0.0105703193   0.0193606038   0.0437813703
35  8   0.0094272176  -0.0073071110  -0.0012296462  -0.0028239702
36  1  -0.1142240396  -0.0096484950  -0.1051101423   0.0004326953   0.0002165464
36  2   0.0011124039   0.0004860210  -0.0000162124  -0.0008260564   0.0006157233
36  3  -0.0016148586   0.0005641663   0.0001588054   0.0001057699   0.0000073567
36  4   0.0000511670  -0.0001981271  -0.0000754535   0.0001213193  -0.0000209847
36  5  -0.0001016136  -0.0000427496   0.0005852088  -0.0001448539  -0.0002739372
36  6   0.0002868523   0.0000991064  -0.0007511588   0.0011628476  -0.0009619415
36  7   0.0149963499  -0.0001059441   0.0074776997   0.1230004868   0.0094272176
36  8   0.1085547884  -0.0245706827  -0.0001798207  -0.0105954601
37  1  -0.0499651243   0.0066018128   0.0304582579  -0.0024098522  -0.0005304835
37  2   0.0098772670  -0.0003682434  -0.0006541296  -0.0002993414  -0.0014312692
37  3   0.0006164671  -0.0002185340   0.0002536942  -0.0001343732  -0.0000397358
37  4   0.0003892215  -0.0002470053  -0.0003841897   0.0000474716  -0.0000661131
37  5  -0.0002097503  -0.0003030026   0.0039192105   0.0019564640   0.0001894468
37  6   0.0000848205   0.0001947555  -0.0002068760  -0.0011108412  -0.0001464783
37  7  -0.0023160472   0.0065207317   0.0158944476   0.0068639929  -0.0073071110
37  8  -0.0245706827   0.0492565879  -0.0076929857  -0.0325124798
38  1   0.0060640249  -0.0592980421  -0.0690195009  -0.0014127597  -0.0008126492
38  2  -0.0218838319  -0.0006797708   0.0010007578   0.0022312552   0.0011990093
38  3   0.0000810557  -0.0003425237  -0.0001242996   0.0000173824  -0.0000471907
38  4   0.0000109425   0.0001039689  -0.0000328693  -0.0000687708  -0.0000587315
38  5  -0.0000037722   0.0039831842  -0.0077813586  -0.0037748616  -0.0000234218
38  6  -0.0001829391  -0.0000477225  -0.0002240196   0.0003007770   0.0001268352
38  7  -0.0014419051   0.0065289178   0.0202369903   0.0004107723  -0.0012296462
38  8  -0.0001798207  -0.0076929857   0.0613305068   0.0727370129
39  1   0.0285396263  -0.0659480819  -0.2996047747  -0.0003412901   0.0015475001
39  2  -0.0030081065  -0.0008827897  -0.0000617001   0.0014716365   0.0002715373
39  3   0.0005289595  -0.0002112633  -0.0001390296  -0.0000382590  -0.0000438101
39  4  -0.0000216691   0.0000966505   0.0000259990  -0.0000858907  -0.0000737564
39  5   0.0000192521   0.0009392356  -0.0008830763   0.0013931765   0.0000254878
39  6  -0.0002296473   0.0000700042  -0.0000421539  -0.0003734732  -0.0000124063
39  7  -0.0000325227  -0.0044781586  -0.0112767214   0.0042819385  -0.0028239702
39  8  -0.0105954601  -0.0325124798   0.0727370129   0.3217724740
$end
