$coord
   -1.44178464516302      0.03858799117216      0.00000000000000  c
    1.92076319327895      0.99276111571527      0.00000000000000  s
    2.83856351951477     -0.29430006689712     -2.37705990915003  o
    2.83856351951477     -0.29430006689712      2.37705990915003  o
   -2.35282229160936      0.76928684767932      1.70109380264472  h
   -1.43828516816392     -2.02611397875499      0.00000000000000  h
   -2.35282229160936      0.76928684767932     -1.70109380264472  h
$user-defined bonds
$redundant
     number_of_atoms             7
     degrees_of_freedom          9
     internal_coordinates        9
     frozen_coordinates          0
# definitions of redundant internals
   1 k  1.0000000000000 stre   1    6           val=   2.06470
   2 k  1.0000000000000 stre   1    2           val=   3.49531
   3 k -0.5483021731156 bend   7    5    1      val=   4.69779
       -0.2879457982290 bend   6    5    1
       -0.2879457982290 bend   6    7    1
        0.3925433134074 bend   2    5    1
        0.3925433134074 bend   2    7    1
        0.4747195548105 bend   2    6    1
   4 k  1.4142135623731 stre   1    7           val=   2.06340
   5 k  1.4142135623731 stre   2    4           val=   2.85470
   6 k -0.6490842483566 bend   7    5    1      val=   0.08603
        0.4624149910414 bend   6    5    1
        0.4624149910414 bend   6    7    1
       -0.2353865933462 bend   2    5    1
       -0.2353865933462 bend   2    7    1
        0.2005509760674 bend   2    6    1
   7 k  0.8766040422942 bend   4    3    2      val=  19.44971
       -0.3402685358900 bend   1    3    2
       -0.3402685358900 bend   1    4    2
   8 k  0.2936078583374 bend   7    5    1      val=  -0.02246
       -0.1498114166576 bend   6    5    1
       -0.1498114166576 bend   6    7    1
       -0.3708227226050 bend   2    5    1
       -0.3708227226050 bend   2    7    1
        0.7706416295531 bend   2    6    1
   9 k  0.4812123783044 bend   4    3    2      val= 104.09278
        0.6198526627218 bend   1    3    2
        0.6198526627218 bend   1    4    2
         9 non zero eigenvalues  of BmBt
           1           3.329023512    1    0
         1
           2           3.161242294    2    0
         2
           3           1.775491314    3    0
         3
           4           1.009971670    4    0
         4
           5           0.782873019    5    0
         5
           6           0.731718512    6    0
         6
           7           0.505850401    7    0
         7
           8           0.294580541    8    0
         8
           9           0.142132415    9    0
         9
$end
