$dipgrad          cartesian dipole gradients
  -.72093128218034D+00  -.18085227106128D+00  -.14546732077909D-16
  -.11593065106304D+00  0.15442154216063D+00  -.93706196163559D-17
  0.47842538443291D-16  -.12151852298665D-16  0.12770797019110D+00
  0.15017983270953D+01  0.59748104262334D-01  -.29298260840595D-16
  -.49023578052672D+00  0.43313787477959D+00  0.34733009518636D-16
  -.18985862347879D-15  0.11428115584796D-16  0.18311639025596D+01
  -.85477532287001D+00  0.25301779882749D-01  0.21674738733145D+00
  0.26645390514106D+00  -.76683696539704D+00  -.28381567276407D+00
  0.56085519453511D+00  -.19581187790618D+00  -.14122842821947D+01
  -.85477532287001D+00  0.25301779882749D-01  -.21674738733145D+00
  0.26645390514106D+00  -.76683696539704D+00  0.28381567276407D+00
  -.56085519453511D+00  0.19581187790618D+00  -.14122842821947D+01
  -.28089583593585D-01  0.13625275986466D-01  0.56206590031058D-01
  0.84172129329360D-01  0.35454263392307D-01  -.80488580074095D-01
  0.14342865896238D+00  -.61214531660782D-01  -.87071547090734D-01
  -.15137232100255D-01  0.43250055060479D-01  -.50807728649207D-18
  -.95085637351136D-01  -.12479401304326D+00  -.12064925542453D-17
  -.16779143658679D-17  0.30743590216187D-17  0.39839785707679D-01
  -.28089583593584D-01  0.13625275986466D-01  -.56206590031058D-01
  0.84172129329360D-01  0.35454263392308D-01  0.80488580074095D-01
  -.14342865896238D+00  0.61214531660782D-01  -.87071547090734D-01
$end
