$energy      SCF               SCFKIN            SCFPOT
     1 -588.3047228677      586.4620461800     -1174.766769048
     2 -588.3204225867      586.3039794140     -1174.624402001
     3 -588.3234037674      586.1815213877     -1174.504925155
     4 -588.3236248801      586.1637727259     -1174.487397606
     5 -588.3236280767      586.1669461805     -1174.490574257
     6 -588.3236355786      586.1616522623     -1174.485287841
     7 -588.3236360917      586.1628893149     -1174.486525407
     8 -588.3236367452      586.1634291934     -1174.487065939
     9 -588.3236367933      586.1643212944     -1174.487958088
    10 -588.3236368448      586.1645637103     -1174.488200555
$end
