$grad          cartesian gradients
  cycle =      1    SCF energy =     -588.3047228677   |dE/dxyz| =  0.143346
   -1.47171341519500     -0.00701744363402      0.00000000000000      c
    1.86428460432281      0.73657189804686      0.00000000000000      s
    2.89914632198773     -0.14921152941629     -2.40879522986408      o
    2.89914632198773     -0.14921152941629      2.40879522986408      o
   -2.28949442126226      0.79320122846816      1.70562822812881      h
   -1.59969915481594     -2.06232516281976      0.00000000000000      h
   -2.28949442126226      0.79320122846816     -1.70562822812881      h
  0.22222084954837D-03  0.21757779602542D-01  0.00000000000000D+00
  0.15996395538993D-01  -.11641330067028D+00  0.00000000000000D+00
  -.12344224608229D-01  0.44267907971395D-01  0.30980397216769D-01
  -.12344224608229D-01  0.44267907971395D-01  -.30980397216769D-01
  0.17431495590969D-04  -.44764393154773D-03  -.72744527239155D-03
  0.84458841231454D-02  0.70931797470322D-02  0.00000000000000D+00
  0.17431495590969D-04  -.44764393154773D-03  0.72744527239155D-03
  cycle =      2    SCF energy =     -588.3204225867   |dE/dxyz| =  0.060697
   -1.44894143854759      0.01753921824403      0.00000000000000      c
    1.89619840982519      0.89112536778923      0.00000000000000      s
    2.83714264874582     -0.23695751437146     -2.39891056290814      o
    2.83714264874582     -0.23695751437146      2.39891056290814      o
   -2.31395303405262      0.78400806813144      1.70081876942910      h
   -1.48146036490120     -2.04755700385640      0.00000000000000      h
   -2.31395303405262      0.78400806813144     -1.70081876942910      h
  -.10482063605597D-02  0.84837430681054D-02  0.00000000000000D+00
  0.69274540850284D-02  -.49230404685389D-01  0.00000000000000D+00
  -.59281744334543D-02  0.19578914096758D-01  0.11873733065376D-01
  -.59281744334543D-02  0.19578914096758D-01  -.11873733065376D-01
  0.11204856111463D-02  0.82399068425887D-04  -.12103788764722D-02
  0.36141368278061D-02  0.13892273475991D-02  0.00000000000000D+00
  0.11204856111463D-02  0.82399068425887D-04  0.12103788764722D-02
  cycle =      3    SCF energy =     -588.3234037674   |dE/dxyz| =  0.011774
   -1.43676345168639      0.02317785772359      0.00000000000000      c
    1.91157209367139      0.96604593409517      0.00000000000000      s
    2.84765816879703     -0.27184395438408     -2.39081463663735      o
    2.84765816879703     -0.27184395438408      2.39081463663735      o
   -2.33901775156436      0.77528121144312      1.69684492033396      h
   -1.47991364068754     -2.04088961624001      0.00000000000000      h
   -2.33901775156436      0.77528121144312     -1.69684492033396      h
  0.21659897572897D-02  0.10484665194206D-02  0.00000000000000D+00
  -.10646979497242D-02  -.10051109309064D-01  0.00000000000000D+00
  -.30197765954609D-03  0.38557637261065D-02  -.16776961104537D-03
  -.30197765954609D-03  0.38557637261065D-02  0.16776961104537D-03
  -.25977848084868D-03  0.39826150655675D-03  -.95421613984126D-04
  -.71458292569382D-04  0.47411773966699D-03  0.00000000000000D+00
  -.25977848084868D-03  0.39826150655675D-03  0.95421613984126D-04
  cycle =      4    SCF energy =     -588.3236248801   |dE/dxyz| =  0.001520
   -1.44313461599528      0.03301769537287      0.00000000000000      c
    1.91883384066703      0.98924407024555      0.00000000000000      s
    2.83765397032219     -0.28909647581359     -2.38168552756789      o
    2.83765397032219     -0.28909647581359      2.38168552756789      o
   -2.34554842048569      0.77136390873696      1.70195417145055      h
   -1.44773448858195     -2.03158794176834      0.00000000000000      h
   -2.34554842048569      0.77136390873696     -1.70195417145055      h
  -.62971344928808D-03  -.35685523846080D-03  0.00000000000000D+00
  0.39135996401107D-03  -.66203605366422D-03  0.00000000000000D+00
  -.23487744559514D-03  0.38215940426767D-03  -.52397699178375D-03
  -.23487744559514D-03  0.38215940426767D-03  0.52397699178375D-03
  0.31728826674671D-03  0.13890542826872D-03  0.39730731918874D-04
  0.56422273498613D-05  -.96872996451225D-05  0.00000000000000D+00
  0.31728826674671D-03  0.13890542826872D-03  -.39730731918874D-04
  cycle =      5    SCF energy =     -588.3236280767   |dE/dxyz| =  0.001657
   -1.44088054980431      0.03337755088865      0.00000000000000      c
    1.91892032128020      0.98886586383398      0.00000000000000      s
    2.83986013496230     -0.28936036524409     -2.38008597416829      o
    2.83986013496230     -0.28936036524409      2.38008597416829      o
   -2.34844481410823      0.77141966231114      1.69969208173969      h
   -1.44869457742124     -2.03115331915991      0.00000000000000      h
   -2.34844481410823      0.77141966231114     -1.69969208173969      h
  0.38505945663125D-03  -.29439456616903D-03  0.00000000000000D+00
  -.16103295078729D-03  -.12884515446814D-02  0.00000000000000D+00
  -.90442952474845D-04  0.58662787987052D-03  -.97298940198165D-04
  -.90442952474845D-04  0.58662787987052D-03  0.97298940198165D-04
  0.11396563592281D-04  0.18482528919533D-03  -.80103130075004D-04
  -.13517337509983D-03  0.52011652327266D-04  0.00000000000000D+00
  0.11396563592281D-04  0.18482528919533D-03  0.80103130075004D-04
  cycle =      6    SCF energy =     -588.3236355786   |dE/dxyz| =  0.001185
   -1.44241018716828      0.03804620165608      0.00000000000000      c
    1.92154269021882      0.99396411755204      0.00000000000000      s
    2.83756452381428     -0.29492437330051     -2.37695242502664      o
    2.83756452381428     -0.29492437330051      2.37695242502664      o
   -2.35277016886438      0.76973157534721      1.70088342529666      h
   -1.43654537718755     -2.02641603360469      0.00000000000000      h
   -2.35277016886438      0.76973157534721     -1.70088342529666      h
  -.36635579832778D-03  -.34608557700760D-03  0.00000000000000D+00
  0.48563853522854D-03  0.82642221839091D-03  0.00000000000000D+00
  -.16560921145636D-03  -.27987728713263D-03  0.24237077517419D-04
  -.16560921145636D-03  -.27987728713263D-03  -.24237077517419D-04
  0.33242058311345D-04  0.37069651928567D-04  -.56753523613895D-04
  0.83341545336513D-04  0.26926180612064D-04  0.00000000000000D+00
  0.33242058311345D-04  0.37069651928567D-04  0.56753523613895D-04
  cycle =      7    SCF energy =     -588.3236360917   |dE/dxyz| =  0.000472
   -1.44206671322411      0.03702636027745      0.00000000000000      c
    1.92045691173210      0.99219149279741      0.00000000000000      s
    2.83920479727278     -0.29321763920398     -2.37763383058570      o
    2.83920479727278     -0.29321763920398      2.37763383058570      o
   -2.35186601673195      0.76999173873525      1.70078549125742      h
   -1.44089192382686     -2.02755736244055      0.00000000000000      h
   -2.35186601673195      0.76999173873525     -1.70078549125742      h
  -.26003591134582D-04  -.21453381649206D-03  0.00000000000000D+00
  -.12738896365860D-03  -.26992027802564D-03  0.00000000000000D+00
  0.54698953097621D-04  0.15823608346421D-03  -.68489020679685D-04
  0.54698953097621D-04  0.15823608346421D-03  0.68489020679685D-04
  0.27139717049041D-04  0.81855374988726D-04  -.18372909602826D-04
  -.75398644759916D-04  0.22057849411006D-04  0.00000000000000D+00
  0.27139717049041D-04  0.81855374988726D-04  0.18372909602826D-04
  cycle =      8    SCF energy =     -588.3236367452   |dE/dxyz| =  0.000170
   -1.44194846653591      0.03853009498379      0.00000000000000      c
    1.92099192930561      0.99283737345300      0.00000000000000      s
    2.83867222489471     -0.29447374802743     -2.37695061698829      o
    2.83867222489471     -0.29447374802743      2.37695061698829      o
   -2.35322660513611      0.76945217342627      1.70094381526817      h
   -1.43775886652409     -2.02611562953761      0.00000000000000      h
   -2.35322660513611      0.76945217342627     -1.70094381526817      h
  -.45991009269386D-04  -.53421905514772D-04  0.00000000000000D+00
  0.71112605807500D-04  0.93010653223757D-04  0.00000000000000D+00
  -.27556381270166D-04  -.33761981137026D-04  0.30958019638483D-04
  -.27556381270166D-04  -.33761981137026D-04  -.30958019638483D-04
  -.34536010270925D-04  0.16769275627215D-04  -.97839554701329D-05
  0.35296418494646D-04  0.14045396644846D-04  0.00000000000000D+00
  -.34536010270925D-04  0.16769275627215D-04  0.97839554701329D-05
  cycle =      9    SCF energy =     -588.3236367933   |dE/dxyz| =  0.000060
   -1.44191456259742      0.03852007040202      0.00000000000000      c
    1.92084689597437      0.99278759541918      0.00000000000000      s
    2.83869074618384     -0.29434453304319     -2.37702993713275      o
    2.83869074618384     -0.29434453304319      2.37702993713275      o
   -2.35298086934009      0.76937995376682      1.70106425265703      h
   -1.43817625130162     -2.02616981757162      0.00000000000000      h
   -2.35298086934009      0.76937995376682     -1.70106425265703      h
  -.28625213756239D-04  -.29937334864505D-04  0.00000000000000D+00
  -.16309325607811D-04  0.50259428698851D-05  0.00000000000000D+00
  0.79842099589555D-05  0.41247738602479D-05  -.86144049147308D-05
  0.79842099589555D-05  0.41247738602479D-05  0.86144049147308D-05
  -.16789657887428D-04  0.18142080436989D-04  0.52641279051358D-05
  -.13764312694065D-05  -.19651767679818D-06  0.00000000000000D+00
  -.16789657887428D-04  0.18142080436989D-04  -.52641279051358D-05
$end
