$hessian (projected)
 1  1   0.3243175896  -0.0769319379   0.0000000000  -0.0836383107  -0.0206890767
 1  2   0.0000000000  -0.0130472517   0.0015062378   0.0136185108  -0.0130472517
 1  3   0.0015062378  -0.0136185108  -0.0906105166   0.0428130303   0.0964738893
 1  4  -0.0333637424   0.0089824784   0.0000000000  -0.0906105166   0.0428130303
 1  5  -0.0964738893
 2  1  -0.0769319379   0.5239654961   0.0000000000  -0.0609575461  -0.0754470694
 2  2   0.0000000000   0.0231473113   0.0124984492  -0.0037620664   0.0231473113
 2  3   0.0124984492   0.0037620664   0.0461622659  -0.0785911290  -0.0802734084
 2  4  -0.0007296704  -0.3163330673   0.0000000000   0.0461622659  -0.0785911290
 2  5   0.0802734084
 3  1   0.0000000000   0.0000000000   0.5598713787   0.0000000000   0.0000000000
 3  2  -0.0341103056   0.0273796542   0.0011994417  -0.0109933275  -0.0273796542
 3  3  -0.0011994417  -0.0109933275   0.1000445849  -0.0780485453  -0.2300482389
 3  4   0.0000000000   0.0000000000  -0.0436779403  -0.1000445849   0.0780485453
 3  5  -0.2300482389
 4  1  -0.0836383107  -0.0609575461   0.0000000000   0.2864091346  -0.0649472789
 4  2   0.0000000000  -0.0933146679   0.0675480819   0.0910425348  -0.0933146679
 4  3   0.0675480819  -0.0910425348  -0.0010701586  -0.0015946720  -0.0028710155
 4  4  -0.0140011707  -0.0060019948   0.0000000000  -0.0010701586  -0.0015946720
 4  5   0.0028710155
 5  1  -0.0206890767  -0.0754470694   0.0000000000  -0.0649472789   0.4205364879
 5  2   0.0000000000   0.0477244311  -0.1657252858  -0.1301909213   0.0477244311
 5  3  -0.1657252858   0.1301909213   0.0119220538   0.0011664251  -0.0004577411
 5  4  -0.0336566142  -0.0159716971   0.0000000000   0.0119220538   0.0011664251
 5  5   0.0004577411
 6  1   0.0000000000   0.0000000000  -0.0341103056   0.0000000000   0.0000000000
 6  2   0.6292087811   0.0977745723  -0.1627514985  -0.2945804245  -0.0977745723
 6  3   0.1627514985  -0.2945804245   0.0190905534   0.0047159482  -0.0033936965
 6  4   0.0000000000   0.0000000000   0.0008497665  -0.0190905534  -0.0047159482
 6  5  -0.0033936965
 7  1  -0.0130472517   0.0231473113   0.0273796542  -0.0933146679   0.0477244311
 7  2   0.0977745723   0.0959361948  -0.0655757273  -0.1185101326   0.0129871932
 7  3  -0.0056603785  -0.0084485468  -0.0097800902  -0.0022748097   0.0015799053
 7  4   0.0056184503   0.0020736990  -0.0002559117   0.0016001715   0.0005654740
 7  5   0.0004804593
 8  1   0.0015062378   0.0124984492   0.0011994417   0.0675480819  -0.1657252858
 8  2  -0.1627514985  -0.0655757273   0.1181832599   0.1465015313  -0.0056603785
 8  3   0.0297214638   0.0141005913  -0.0025641480   0.0014167883   0.0010655121
 8  4   0.0052376622   0.0045303908  -0.0004492794  -0.0004917281  -0.0006250663
 8  5   0.0003337015
 9  1   0.0136185108  -0.0037620664  -0.0109933275   0.0910425348  -0.1301909213
 9  2  -0.2945804245  -0.1185101326   0.1465015313   0.3288879332   0.0084485468
 9  3  -0.0141005913  -0.0259078169   0.0034895659   0.0008600370   0.0013960280
 9  4  -0.0006599596   0.0019295029  -0.0006622474   0.0025709341  -0.0012374922
 9  5   0.0018598550
10  1  -0.0130472517   0.0231473113  -0.0273796542  -0.0933146679   0.0477244311
10  2  -0.0977745723   0.0129871932  -0.0056603785   0.0084485468   0.0959361948
10  3  -0.0655757273   0.1185101326   0.0016001715   0.0005654740  -0.0004804593
10  4   0.0056184503   0.0020736990   0.0002559117  -0.0097800902  -0.0022748097
10  5  -0.0015799053
11  1   0.0015062378   0.0124984492  -0.0011994417   0.0675480819  -0.1657252858
11  2   0.1627514985  -0.0056603785   0.0297214638  -0.0141005913  -0.0655757273
11  3   0.1181832599  -0.1465015313  -0.0004917281  -0.0006250663  -0.0003337015
11  4   0.0052376622   0.0045303908   0.0004492794  -0.0025641480   0.0014167883
11  5  -0.0010655121
12  1  -0.0136185108   0.0037620664  -0.0109933275  -0.0910425348   0.1301909213
12  2  -0.2945804245  -0.0084485468   0.0141005913  -0.0259078169   0.1185101326
12  3  -0.1465015313   0.3288879332  -0.0025709341   0.0012374922   0.0018598550
12  4   0.0006599596  -0.0019295029  -0.0006622474  -0.0034895659  -0.0008600370
12  5   0.0013960280
13  1  -0.0906105166   0.0461622659   0.1000445849  -0.0010701586   0.0119220538
13  2   0.0190905534  -0.0097800902  -0.0025641480   0.0034895659   0.0016001715
13  3  -0.0004917281  -0.0025709341   0.0939125826  -0.0474026050  -0.1060667131
13  4  -0.0004285347  -0.0013924176  -0.0016837956   0.0063765459  -0.0062334210
13  5  -0.0123032614
14  1   0.0428130303  -0.0785911290  -0.0780485453  -0.0015946720   0.0011664251
14  2   0.0047159482  -0.0022748097   0.0014167883   0.0008600370   0.0005654740
14  3  -0.0006250663   0.0012374922  -0.0474026050   0.0807426266   0.0874317422
14  4   0.0141270033  -0.0074440772  -0.0253888518  -0.0062334210   0.0033344324
14  5   0.0091921775
15  1   0.0964738893  -0.0802734084  -0.2300482389  -0.0028710155  -0.0004577411
15  2  -0.0033936965   0.0015799053   0.0010655121   0.0013960280  -0.0004804593
15  3  -0.0003337015   0.0018598550  -0.1060667131   0.0874317422   0.2466813991
15  4  -0.0009388680   0.0017597742   0.0010139262   0.0123032614  -0.0091921775
15  5  -0.0175092729
16  1  -0.0333637424  -0.0007296704   0.0000000000  -0.0140011707  -0.0336566142
16  2   0.0000000000   0.0056184503   0.0052376622  -0.0006599596   0.0056184503
16  3   0.0052376622   0.0006599596  -0.0004285347   0.0141270033  -0.0009388680
16  4   0.0369850819  -0.0043430464   0.0000000000  -0.0004285347   0.0141270033
16  5   0.0009388680
17  1   0.0089824784  -0.3163330673   0.0000000000  -0.0060019948  -0.0159716971
17  2   0.0000000000   0.0020736990   0.0045303908   0.0019295029   0.0020736990
17  3   0.0045303908  -0.0019295029  -0.0013924176  -0.0074440772   0.0017597742
17  4  -0.0043430464   0.3381321370   0.0000000000  -0.0013924176  -0.0074440772
17  5  -0.0017597742
18  1   0.0000000000   0.0000000000  -0.0436779403   0.0000000000   0.0000000000
18  2   0.0008497665  -0.0002559117  -0.0004492794  -0.0006622474   0.0002559117
18  3   0.0004492794  -0.0006622474  -0.0016837956  -0.0253888518   0.0010139262
18  4   0.0000000000   0.0000000000   0.0421248163   0.0016837956   0.0253888518
18  5   0.0010139262
19  1  -0.0906105166   0.0461622659  -0.1000445849  -0.0010701586   0.0119220538
19  2  -0.0190905534   0.0016001715  -0.0004917281   0.0025709341  -0.0097800902
19  3  -0.0025641480  -0.0034895659   0.0063765459  -0.0062334210   0.0123032614
19  4  -0.0004285347  -0.0013924176   0.0016837956   0.0939125826  -0.0474026050
19  5   0.1060667131
20  1   0.0428130303  -0.0785911290   0.0780485453  -0.0015946720   0.0011664251
20  2  -0.0047159482   0.0005654740  -0.0006250663  -0.0012374922  -0.0022748097
20  3   0.0014167883  -0.0008600370  -0.0062334210   0.0033344324  -0.0091921775
20  4   0.0141270033  -0.0074440772   0.0253888518  -0.0474026050   0.0807426266
20  5  -0.0874317422
21  1  -0.0964738893   0.0802734084  -0.2300482389   0.0028710155   0.0004577411
21  2  -0.0033936965   0.0004804593   0.0003337015   0.0018598550  -0.0015799053
21  3  -0.0010655121   0.0013960280  -0.0123032614   0.0091921775  -0.0175092729
21  4   0.0009388680  -0.0017597742   0.0010139262   0.1060667131  -0.0874317422
21  5   0.2466813991
$end
