$hessapprox internal
  0.431526787299D+00  0.161914748095D-01  0.236234877672D+00 -0.293426748486D-02
  0.664241777070D-01  0.141695498898D+00  0.455214655190D-02  0.263976260638D-03
 -0.154526299676D-01  0.431366885531D+00  0.102899420432D-01 -0.374690947146D-01
 -0.163740940293D-01 -0.132701761998D-01  0.618442938648D+00  0.265024092905D-01
 -0.425249508141D-01 -0.295256410474D-01 -0.460592054594D-02  0.575225420749D-01
  0.193770663777D+00  0.471783695724D-02 -0.696958322896D-02  0.149360209741D-01
  0.161714204175D-01  0.307341405346D-01 -0.401432802827D-01  0.452172206569D+00
  0.131696503574D-02  0.393025069256D-01  0.301714738344D-01  0.261502018305D-01
 -0.451892620056D-01  0.560840118340D-01  0.707841217630D-02  0.254597750725D+00
  0.100633053781D-01  0.359283367606D-01 -0.132858212787D-01  0.683049574578D-01
  0.215783763255D+00  0.182744966801D+00 -0.491240134383D-01  0.210133935700D+00
  0.173259808771D+01
$end
