$vibrational normal modes
 1  1  -0.0000000000   0.2172393342   0.0778253710  -0.0785114863   0.3144521956
 1  2   0.0165577249  -0.0000000000   0.0000000000  -0.2800033426   0.0081383285
 1  3   0.4025884821   0.0000000000  -0.0305291347   0.0242012591   0.0000000000
 1  4  -0.1309205344  -0.0000000000  -0.0243083240  -0.0376673961   0.0000000000
 1  5   0.0308980808
 2  1   0.0000000000   0.0510580941   0.1500132028   0.3852766862   0.1145812850
 2  2  -0.3115794566  -0.0000000000   0.0000000000   0.0602391399  -0.0125266205
 2  3   0.0910525211  -0.0000000000   0.1511256991   0.1092498435   0.0000000000
 2  4  -0.0474711792   0.0000000000   0.0615373985  -0.0156414403  -0.0000000000
 2  5  -0.0890043502
 3  1   0.4091825038   0.0549398844   0.0468524592  -0.0515660549  -0.0633411602
 3  2  -0.0797320557   0.0155564696  -0.2355923926  -0.0000000000  -0.0000000000
 3  3   0.0000000000  -0.1519418595  -0.0000000000   0.0000000000  -0.0528298004
 3  4  -0.0000000000   0.0660966023  -0.0000000000  -0.0000000000   0.0943135343
 3  5  -0.0000000000
 4  1  -0.0000000000   0.2173520535   0.0038433173   0.0057205035   0.3580251062
 4  2  -0.0838911035   0.0000000000  -0.0000000000  -0.1011797804  -0.0388297563
 4  3  -0.2200888779   0.0000000000  -0.0498968074   0.1482815807   0.0000000000
 4  4   0.0029757404   0.0000000000   0.0002854705   0.0003573927  -0.0000000000
 4  5  -0.0003312426
 5  1   0.0000000000   0.0506608663   0.4107291968   0.0884394685  -0.0389715584
 5  2   0.0424066094   0.0000000000  -0.0000000000  -0.0694254421   0.2331208849
 5  3  -0.0596866869   0.0000000000  -0.0432724822  -0.2980726784  -0.0000000000
 5  4  -0.0013734860   0.0000000000   0.0060265284  -0.0001559755  -0.0000000000
 5  5  -0.0009626302
 6  1   0.1050596655   0.3823074151  -0.1152129649   0.0472513369  -0.1534644038
 6  2   0.0493273391   0.0044898492   0.0993650611  -0.0000000000  -0.0000000000
 6  3  -0.0000000000   0.0136954335   0.0000000000  -0.0000000000   0.4736328775
 6  4   0.0000000000   0.0038262711  -0.0000000000  -0.0000000000   0.0009364259
 6  5  -0.0000000000
 7  1  -0.2280368970   0.4256059556   0.0509567739  -0.0914595864   0.2089995016
 7  2   0.0646262338   0.0056842971  -0.2181942020   0.2385561643   0.0280395443
 7  3   0.0343244459  -0.0364711955   0.0526170477  -0.1629845586   0.1777697148
 7  4  -0.0017251768  -0.0004625583  -0.0008789193  -0.0001704547  -0.0002063256
 7  5   0.0001221936
 8  1   0.0459735949   0.1316669355   0.2637932982   0.1956650347   0.0126482558
 8  2   0.4146440417   0.0395365244  -0.0370843815   0.0273244104  -0.2101607262
 8  3   0.0044919233   0.0083480235   0.0001010259   0.2687576347  -0.2511572088
 8  4   0.0023600752   0.0002364033  -0.0023656293   0.0002343191  -0.0003616592
 8  5   0.0006220744
 9  1  -0.0078795023   0.4188549718  -0.0174635407  -0.0483279884  -0.2389538805
 9  2  -0.0948773097  -0.0134430308   0.0266349529   0.1010478465   0.3100741813
 9  3   0.0521621654   0.0275671003  -0.0551418137   0.3917872816  -0.4645097806
 9  4   0.0029682669  -0.0004914010   0.0007309550   0.0004885191  -0.0006214792
 9  5   0.0002065422
10  1   0.2280368970   0.0087940627   0.1563150869  -0.1243364177   0.3895018081
10  2   0.0385775774  -0.0056842971   0.2181942020   0.2385561643   0.0280395443
10  3   0.0343244459   0.0364711955   0.0526170477  -0.1629845586  -0.1777697148
10  4  -0.0017251768   0.0004625583  -0.0008789193  -0.0001704547   0.0002063256
10  5   0.0001221936
11  1  -0.0459735949  -0.0305620479   0.6999888547  -0.1808282801  -0.1744152208
11  2  -0.1365913257  -0.0395365244   0.0370843815   0.0273244104  -0.2101607262
11  3   0.0044919233  -0.0083480235   0.0001010259   0.2687576347   0.2511572088
11  4   0.0023600752  -0.0002364033  -0.0023656293   0.0002343191   0.0003616592
11  5   0.0006220744
12  1  -0.0078795023   0.4188549718  -0.0174635407  -0.0483279884  -0.2389538805
12  2  -0.0948773097  -0.0134430308   0.0266349529  -0.1010478465  -0.3100741813
12  3  -0.0521621654   0.0275671003   0.0551418137  -0.3917872816  -0.4645097806
12  4  -0.0029682669  -0.0004914010  -0.0007309550  -0.0004885191  -0.0006214792
12  5  -0.0002065422
13  1   0.1631898930   0.0681842450   0.0588692007  -0.0257710520   0.4124063872
13  2  -0.0696858505  -0.1312543395  -0.4143761545  -0.1321501096  -0.1965256931
13  3   0.5435108458   0.6487883537  -0.2576455685  -0.1502140367   0.2381802102
13  4   0.4821771426   0.1323957343   0.3141233744   0.2319142379   0.3091816705
13  5  -0.1792911598
14  1  -0.0329000531  -0.0068821921   0.2354528374   0.3309859548   0.0892503313
14  2  -0.6047273763   0.4761448812  -0.0206110527   0.2832585626  -0.2940900132
14  3   0.2914872375   0.1458093217  -0.2875218370  -0.2184624114   0.0431983502
14  4   0.2788617964   0.4521497252  -0.4466895887  -0.2072043883  -0.2580797472
14  5   0.1380964384
15  1   0.5107125705  -0.0000000000   0.0000000000  -0.0000000000   0.0000000000
15  2   0.0000000000  -0.2572794239  -0.4439169024  -0.0157260915   0.0143656678
15  3  -0.0167037070   0.1383735130   0.0585091371   0.0452783498   0.0810940250
15  4   0.1589960833  -0.0798037868   0.3840720539  -0.4724813822  -0.5771860920
15  5   0.3579266828
16  1  -0.0000000000   0.2169954248   0.2379125585  -0.2607781536   0.2201662929
16  2   0.2339154438   0.0000000000  -0.0000000000  -0.7537066273   0.6411290559
16  3   0.0271365226  -0.0000000000   0.7959531241   0.4692076348   0.0000000000
16  4   0.5558255051  -0.0000000000  -0.3197633975  -0.0209346887  -0.0000000000
16  5  -0.0029468614
17  1   0.0000000000   0.0510576807   0.1502845357   0.3849677612   0.1144214792
17  2  -0.3112110556  -0.0000000000   0.0000000000   0.0566836502  -0.0065181216
17  3   0.0880894317  -0.0000000000   0.1475138076   0.0849940135   0.0000000000
17  4  -0.0232797748   0.0000000000   0.0434806389   0.5983179727   0.0000000000
17  5   0.7952722878
18  1   0.3689143636  -0.0152089319   0.2362135103  -0.2150519297  -0.1447152120
18  2  -0.3191129791   0.6131205497  -0.3112021646  -0.0000000000  -0.0000000000
18  3   0.0000000000   0.2230217715  -0.0000000000   0.0000000000   0.1470846867
18  4   0.0000000000  -0.7341268817   0.0000000000   0.0000000000   0.0204565119
18  5  -0.0000000000
19  1  -0.1631898930   0.3664670628  -0.0165282988  -0.0022434271   0.2832336416
19  2  -0.0510446678   0.1312543395   0.4143761545  -0.1321501096  -0.1965256931
19  3   0.5435108458  -0.6487883537  -0.2576455685  -0.1502140367  -0.2381802102
19  4   0.4821771426  -0.1323957343   0.3141233744   0.2319142379  -0.3091816705
19  5  -0.1792911598
20  1   0.0329000531   0.1092136275  -0.0767014987   0.6004156155   0.2231184428
20  2  -0.2102471767  -0.4761448812   0.0206110527   0.2832585626  -0.2940900132
20  3   0.2914872375  -0.1458093217  -0.2875218370  -0.2184624114  -0.0431983502
20  4   0.2788617964  -0.4521497252  -0.4466895887  -0.2072043883   0.2580797472
20  5   0.1380964384
21  1   0.5107125705   0.0000000000   0.0000000000   0.0000000000   0.0000000000
21  2   0.0000000000  -0.2572794239  -0.4439169024   0.0157260915  -0.0143656678
21  3   0.0167037070   0.1383735130  -0.0585091371  -0.0452783498   0.0810940250
21  4  -0.1589960833  -0.0798037868  -0.3840720539   0.4724813822  -0.5771860920
21  5  -0.3579266828
$end
