$dipgrad          cartesian dipole gradients
  -.49257792774262D+00  0.00000000000000D+00  -.79892147585026D-17
  0.00000000000000D+00  -.44786655242952D+00  0.00000000000000D+00
  -.67562524246555D-17  0.00000000000000D+00  -.36380215937147D+00
  0.24628896386444D+00  0.00000000000000D+00  -.71947473389640D-01
  0.00000000000000D+00  0.22393327620787D+00  0.00000000000000D+00
  -.44085215387610D-01  0.00000000000000D+00  0.18190107967884D+00
  0.24628896386444D+00  0.00000000000000D+00  0.71947473389640D-01
  0.00000000000000D+00  0.22393327620787D+00  0.00000000000000D+00
  0.44085215387610D-01  0.00000000000000D+00  0.18190107967884D+00
$end
