$hessian (projected)
 1  1   0.6968807816   0.0000000000   0.0000000000  -0.3484403908   0.0000000000
 1  2  -0.2680513988  -0.3484403908   0.0000000000   0.2680513988
 2  1   0.0000000000   0.0000000000   0.0000000000   0.0000000000   0.0000000000
 2  2   0.0000000000   0.0000000000   0.0000000000   0.0000000000
 3  1   0.0000000000   0.0000000000   0.4602141302  -0.2074034548   0.0000000000
 3  2  -0.2301070651   0.2074034548   0.0000000000  -0.2301070651
 4  1  -0.3484403908   0.0000000000  -0.2074034548   0.3791936284   0.0000000000
 4  2   0.2377274268  -0.0307532376   0.0000000000  -0.0303239720
 5  1   0.0000000000   0.0000000000   0.0000000000   0.0000000000   0.0000000000
 5  2   0.0000000000   0.0000000000   0.0000000000   0.0000000000
 6  1  -0.2680513988   0.0000000000  -0.2301070651   0.2377274268   0.0000000000
 6  2   0.2181580438   0.0303239720   0.0000000000   0.0119490213
 7  1  -0.3484403908   0.0000000000   0.2074034548  -0.0307532376   0.0000000000
 7  2   0.0303239720   0.3791936284   0.0000000000  -0.2377274268
 8  1   0.0000000000   0.0000000000   0.0000000000   0.0000000000   0.0000000000
 8  2   0.0000000000   0.0000000000   0.0000000000   0.0000000000
 9  1   0.2680513988   0.0000000000  -0.2301070651  -0.0303239720   0.0000000000
 9  2   0.0119490213  -0.2377274268   0.0000000000   0.2181580438
$end
