$vibrational normal modes
 1  1   0.4221896884   0.0000000000   0.0000000000   0.0493905915   0.0994443540
 1  2  -0.0494674669   0.0000000000  -0.0000000000   0.0704423250
 2  1   0.0000000000   1.0000000000   0.0000000000   0.0000000000   0.0000000000
 2  2   0.0000000000   0.0000000000   0.0000000000   0.0000000000
 3  1   0.0616317385   0.0000000000   0.0000000000   0.2739211461  -0.1288160012
 3  2   0.0980992337   0.0708229431   0.0496956607  -0.0000000000
 4  1   0.3747770630   0.0000000000   0.0000000000  -0.1613339638   0.1985411011
 4  2   0.3925959053   0.4260930860  -0.5858398463  -0.5590617454
 5  1   0.0000000000   0.0000000000   1.0000000000   0.0000000000   0.0000000000
 5  2   0.0000000000   0.0000000000   0.0000000000   0.0000000000
 6  1   0.1232634771   0.0000000000   0.0000000000   0.5478422923  -0.2576320023
 6  2  -0.4765395664  -0.5620825006  -0.3944069536  -0.4300801137
 7  1   0.3747770630   0.0000000000   0.0000000000  -0.1613339638   0.1985411011
 7  2   0.3925959053  -0.4260930860   0.5858398463  -0.5590617454
 8  1  -0.7223903496   0.0000000000   0.0000000000   0.7552081185   0.9101131095
 8  2   0.0000000000   0.0000000000  -0.0000000000  -0.0000000000
 9  1   0.0000000000   0.0000000000   0.0000000000   0.0000000000   0.0000000000
 9  2   0.6727380337  -0.5620825006  -0.3944069536   0.4300801137
$end
