$coord
   -2.79421870587768     -6.58764871995788      0.00000000000000  c
    0.49129706619351     -5.61217175980065      0.00000000000000  s
    0.58258551699192     -3.87904484148749     -2.32532536989337  o
    0.16187547825949      0.24719791668952      0.00000000000000  u
   -0.41254064113294      4.42272784343880      2.33885535475936  o
   -0.65551142391670      6.10652886148594      0.00000000000000  s
   -0.41254064113294      4.42272784343880     -2.33885535475936  o
    0.58258551699192     -3.87904484148749      2.32532536989337  o
    3.51364328356282      0.70427401914800      0.00000000000000  o
   -3.20725296770433     -0.19698971666495      0.00000000000000  o
   -3.13159136150283     -7.70937671747851      1.69538527746842  h
   -3.91920490691282     -4.85985167738304      0.00000000000000  h
   -3.13159136150283     -7.70937671747851     -1.69538527746842  h
$user-defined bonds
$redundant
     number_of_atoms            13
     degrees_of_freedom         20
     internal_coordinates       20
     frozen_coordinates          0
# definitions of redundant internals
   1 k  1.4142135623731 stre   4    7           val=   4.82030
   2 k  1.4142135623731 stre   4    3           val=   4.75500
   3 k  1.0000000000000 stre   4    9           val=   3.38279
   4 k  1.0000000000000 stre   4   10           val=   3.39828
   5 k  1.0000000000000 stre   1   12           val=   2.06177
   6 k  1.0000000000000 stre   2    1           val=   3.42727
   7 k  1.4142135623731 stre   2    8           val=   2.90159
   8 k  1.4142135623731 stre   6    5           val=   2.89214
   9 k -0.5000000000000 tors   7    6    5    4 val=   0.27865
        0.5000000000000 tors   6    5    4    7
       -0.5000000000000 tors   5    4    7    6
        0.5000000000000 tors   4    7    6    5
  10 k  1.4142135623731 stre   1   11           val=   2.06069
  11 k -0.3781329587000 bend  11   12    1      val=   2.33475
       -0.3781329587000 bend  13   12    1
       -0.4204619428830 bend  13   11    1
        0.4324720848361 bend   2   12    1
        0.4184558408686 bend   2   11    1
        0.4184558408686 bend   2   13    1
  12 k -0.5000000000000 tors   3    2    8    4 val=  -6.53683
        0.5000000000000 tors   2    8    4    3
       -0.5000000000000 tors   8    4    3    2
        0.5000000000000 tors   4    3    2    8
  13 k  0.3932564845339 bend  11   12    1      val=   0.76296
        0.3932564845340 bend  13   12    1
       -0.7353702038218 bend  13   11    1
        0.3028647309813 bend   2   12    1
       -0.1705905812213 bend   2   11    1
       -0.1705905812212 bend   2   13    1
  14 k  0.5030441737258 outp   7    8    3    4 val=  -1.75365
        0.5030441737258 outp   5    8    3    4
       -0.4969371784044 outp   5    7    3    4
       -0.4969371784044 outp   7    8    5    4
  15 k -0.3631432816778 bend   3    9    4      val=   0.10531
       -0.3417672644318 bend   3   10    4
       -0.3631432816778 bend   8    9    4
       -0.3417672644318 bend   8   10    4
        0.3650752520157 bend   7    9    4
        0.3435726332243 bend   7   10    4
        0.3650752520157 bend   5    9    4
        0.3435726332243 bend   5   10    4
  16 k -0.5000000000000 bend   4    6    7      val=  -7.00491
        0.5000000000000 bend   7    5    6
       -0.5000000000000 bend   6    4    5
        0.5000000000000 bend   5    7    4
  17 k -0.5000000000000 bend   4    2    3      val=  -7.28064
        0.5000000000000 bend   3    8    2
       -0.5000000000000 bend   2    4    8
        0.5000000000000 bend   8    3    4
  18 k -0.1589264250267 bend  11   12    1      val=  -0.66961
       -0.1589264250267 bend  13   12    1
        0.3147352726266 bend  13   11    1
        0.7542118988152 bend   2   12    1
       -0.3752271996449 bend   2   11    1
       -0.3752271996449 bend   2   13    1
  19 k  0.7071067811865 bend   3    1    2      val= 101.54668
        0.7071067811865 bend   8    1    2
  20 k  0.3417608254307 bend   3    9    4      val=   0.70761
       -0.3631501235386 bend   3   10    4
        0.3417608254307 bend   8    9    4
       -0.3631501235386 bend   8   10    4
       -0.3435790382704 bend   7    9    4
        0.3650684462344 bend   7   10    4
       -0.3435790382704 bend   5    9    4
        0.3650684462344 bend   5   10    4
        20 non zero eigenvalues  of BmBt
           1           4.516031905    1    0
         1
           2           4.058431906    2    0
         2
           3           3.436668589    3    0
         3
           4           3.188607043    4    0
         4
           5           1.903849372    5    0
         5
           6           1.866872688    6    0
         6
           7           1.752367013    7    0
         7
           8           1.524861426    8    0
         8
           9           1.258706909    9    0
         9
          10           1.000002901   10    0
        10
          11           0.905267037   11    0
        11
          12           0.815665811   12    0
        12
          13           0.720269563   13    0
        13
          14           0.505060233   14    0
        14
          15           0.452597896   15    0
        15
          16           0.291453773   16    0
        16
          17           0.279461982   17    0
        17
          18           0.220110011   18    0
        18
          19           0.140721262   19    0
        19
          20           0.012921172   20    0
        20
$end
