$dipgrad          cartesian dipole gradients
  -.51662813026540D+00  -.25118261324144D+00  -.48575059428931D-17
  0.26547162354538D-01  -.76701922366035D-01  -.30910488237366D-17
  0.86357089882952D-16  -.39891451784606D-15  0.57249966680178D-01
  0.85461240874332D+00  0.24078254055457D+00  0.24487720478775D-16
  0.35742538290281D+00  0.13924642652001D+01  -.65284708635004D-16
  -.10545632025617D-15  0.12154391970055D-14  0.12700235034209D+01
  -.42444946133813D+00  0.56129360727538D-01  0.17356416308404D-02
  -.17412075222940D+00  -.15273754824492D+01  0.32411831604908D+00
  0.20993391364281D+00  0.24499630367430D+00  -.98961641569236D+00
  0.35314763761093D+01  0.20981466018143D+00  0.71592229601132D-17
  0.27228829218745D+00  0.34318407880799D+01  0.22190210369972D-16
  0.73108167335284D-17  0.48823524108540D-16  0.11489742342496D+01
  -.26236879505874D+00  0.15946841232072D+00  -.63717052998829D-01
  0.10831344287955D+00  -.12634533906316D+01  0.39288780356499D+00
  -.19579736344622D-01  0.90614318973282D-01  -.99189073935770D+00
  0.10955046055139D+00  -.67482074330379D-01  0.15380881642088D-17
  -.10239716510865D+00  0.93613352081625D+00  0.35342878623717D-17
  0.20692625685243D-15  -.12611585151755D-14  0.13311472703916D+01
  -.26236879505873D+00  0.15946841232072D+00  0.63717052998829D-01
  0.10831344287955D+00  -.12634533906316D+01  -.39288780356499D+00
  0.19579736344622D-01  -.90614318973280D-01  -.99189073935772D+00
  -.42444946133815D+00  0.56129360727538D-01  -.17356416308406D-02
  -.17412075222940D+00  -.15273754824492D+01  -.32411831604908D+00
  -.20993391364281D+00  -.24499630367430D+00  -.98961641569238D+00
  -.19188387447806D+01  -.25199055903165D+00  -.89657725802945D-18
  -.21634038963822D+00  -.57654598413076D+00  -.11356382789080D-16
  -.11023164897005D-15  -.18090562995997D-16  -.41374023051388D+00
  -.17615405908352D+01  -.21473632999419D+00  0.38829287598148D-17
  -.16504839024476D+00  -.63452614009710D+00  -.99821624804739D-18
  0.10233805610400D-15  0.52897855062719D-17  -.40655596656552D+00
  0.39073900953114D-01  -.35813830989505D-01  -.33930398659787D-03
  -.45385384469787D-01  -.40997993506457D-02  0.67204274562853D-01
  0.40755146676667D-01  0.10882079564411D+00  -.43374525982688D-01
  -.31430687533218D-02  -.24773508255810D-01  0.45240884574195D-17
  0.49910495186214D-01  0.11719281724254D+00  -.20529313367746D-17
  0.20504364221498D-17  0.13077659626331D-17  0.62664584284774D-01
  0.39073900953114D-01  -.35813830989505D-01  0.33930398659773D-03
  -.45385384469788D-01  -.40997993506465D-02  -.67204274562853D-01
  -.40755146676667D-01  -.10882079564411D+00  -.43374525982688D-01
$end
