$energy      SCF               SCFKIN            SCFPOT
     1 -1764.278801085      1433.040515522     -3197.319316606
     2 -1764.278801336      1433.040673043     -3197.319474379
     3 -1764.279308160      1432.993049451     -3197.272357611
     4 -1764.279476964      1432.939213103     -3197.218690067
     5 -1764.279479623      1432.936035833     -3197.215515456
     6 -1764.279480373      1432.934425040     -3197.213905413
     7 -1764.279481045      1432.933924065     -3197.213405110
     8 -1764.279481184      1432.934007035     -3197.213488220
     9 -1764.279482466      1432.934188217     -3197.213670683
    10 -1764.279482279      1432.934421590     -3197.213903869
    11 -1764.279482706      1432.934864244     -3197.214346950
    12 -1764.279482786      1432.934683178     -3197.214165964
$end
