$grad          cartesian gradients
  cycle =      2    SCF energy =    -1764.2788013360   |dE/dxyz| =  0.031910
   -2.79348453312950     -6.59225513907527      0.00000000000000      c
    0.49146999202187     -5.61573740882016      0.00000000000000      s
    0.58198745280230     -3.88260418151732     -2.31341043903706      o
    0.16287081126293      0.24428743305837      0.00000000000000      u
   -0.41253679205959      4.44003467751017      2.31007527155911      o
   -0.65700913143605      6.10275976967293      0.00000000000000      s
   -0.41253679205959      4.44003467751017     -2.31007527155911      o
    0.58198745280230     -3.88260418151732      2.31341043903706      o
    3.51500726939102      0.69879077968775      0.00000000000000      o
   -3.20653964697421     -0.19707226197923      0.00000000000000      o
   -3.13242979841732     -7.71045791824574      1.70825987300919      h
   -3.91882163347020     -4.86476683557604      0.00000000000000      h
   -3.13242979841732     -7.71045791824574     -1.70825987300919      h
  0.10463157699281D-02  0.25204223896789D-02  0.00000000000000D+00
  0.17778633321974D-03  0.34257296004512D-02  0.00000000000000D+00
  -.22707757073293D-03  -.17642673234697D-02  0.40292997177502D-02
  0.18261981859169D-04  -.14459703817593D-03  0.00000000000000D+00
  -.13717513227796D-02  0.94194560300638D-02  -.14080595839083D-01
  0.26970833818143D-02  -.18820979658216D-01  0.00000000000000D+00
  -.13717513227796D-02  0.94194560300638D-02  0.14080595839083D-01
  -.22707757073293D-03  -.17642673234697D-02  -.40292997177502D-02
  0.19993980324529D-03  -.62999402095087D-04  0.00000000000000D+00
  -.21837405161307D-03  -.37609965932717D-04  0.00000000000000D+00
  -.37236198647783D-03  -.10530196477581D-02  0.30272111827528D-02
  -.57012239231380D-04  -.18826416131645D-03  0.00000000000000D+00
  -.37236198647783D-03  -.10530196477581D-02  -.30272111827528D-02
  cycle =      3    SCF energy =    -1764.2793081600   |dE/dxyz| =  0.015453
   -2.79416806850110     -6.59401518277111      0.00000000000000      c
    0.48972875459515     -5.61073676634991      0.00000000000000      s
    0.58059148946222     -3.87921367621965     -2.32004815833078      o
    0.16287398058256      0.24484599033897      0.00000000000000      u
   -0.41039715848835      4.43417140637343      2.32270675446045      o
   -0.65574445345150      6.10904332760653      0.00000000000000      s
   -0.41039715848835      4.43417140637343     -2.32270675446045      o
    0.58059148946222     -3.87921367621965      2.32004815833078      o
    3.51453159427623      0.69994443073686      0.00000000000000      o
   -3.20623583393981     -0.19551466533228      0.00000000000000      o
   -3.13010675505409     -7.71232557125092      1.69986504123959      h
   -3.92362627308443     -4.86887995957222      0.00000000000000      h
   -3.13010675505409     -7.71232557125092     -1.69986504123959      h
  0.30964428270952D-03  -.10616553182863D-03  0.00000000000000D+00
  -.14567593807513D-03  0.24717308692601D-02  0.00000000000000D+00
  0.19929010690589D-04  -.10140770441764D-02  0.20029361769804D-02
  0.72732979399692D-04  -.61976331213387D-03  0.00000000000000D+00
  -.63600834228572D-03  0.44952710245265D-02  -.71130439548934D-02
  0.12170093865205D-02  -.87801156043525D-02  0.00000000000000D+00
  -.63600834228572D-03  0.44952710245265D-02  0.71130439548934D-02
  0.19929010690589D-04  -.10140770441764D-02  -.20029361769804D-02
  -.93923880921665D-04  -.36219425763484D-04  0.00000000000000D+00
  0.68896815392350D-04  0.63931828566233D-04  0.00000000000000D+00
  -.91630657354069D-04  0.66968986175420D-05  0.72892496337773D-03
  -.91056350548069D-04  -.77145626454556D-04  0.00000000000000D+00
  -.91630657354069D-04  0.66968986175420D-05  -.72892496337773D-03
  cycle =      4    SCF energy =    -1764.2794769640   |dE/dxyz| =  0.001439
   -2.79429543426008     -6.58653161203699      0.00000000000000      c
    0.49254857464277     -5.61272536182396      0.00000000000000      s
    0.58342511497552     -3.87910924995959     -2.32437123000017      o
    0.16291289476473      0.24326724888425      0.00000000000000      u
   -0.41263851227906      4.42403816263419      2.33765682261498      o
   -0.65971273760984      6.10654868843315      0.00000000000000      s
   -0.41263851227906      4.42403816263419     -2.33765682261498      o
    0.58342511497552     -3.87910924995959      2.32437123000017      o
    3.51444925946790      0.70163956388242      0.00000000000000      o
   -3.20586431094079     -0.20189279167082      0.00000000000000      o
   -3.13240722387365     -7.70590851338802      1.69505765804135      h
   -3.91926215139367     -4.85839504177863      0.00000000000000      h
   -3.13240722387365     -7.70590851338802     -1.69505765804135      h
  -.17092554119147D-03  -.60471983027011D-03  0.00000000000000D+00
  0.37838082285768D-03  0.40660393921144D-04  0.00000000000000D+00
  -.12057058625858D-03  0.55133858446688D-04  0.26562558110221D-03
  -.44278703167144D-04  -.55096834313773D-03  0.00000000000000D+00
  -.27614980000479D-05  0.30406162181329D-03  -.29241126550872D-03
  -.38055938084813D-04  -.37331207318125D-03  0.00000000000000D+00
  -.27614980000479D-05  0.30406162181329D-03  0.29241126550872D-03
  -.12057058625858D-03  0.55133858446688D-04  -.26562558110221D-03
  -.61103377269944D-04  0.58480156678087D-04  0.00000000000000D+00
  0.13110043032327D-03  -.88975148824666D-04  0.00000000000000D+00
  0.61513969987770D-04  0.35019938729830D-03  -.35099767192492D-03
  -.14773260083834D-03  -.32343440565796D-05  0.00000000000000D+00
  0.61513969987770D-04  0.35019938729830D-03  0.35099767192492D-03
  cycle =      5    SCF energy =    -1764.2794796230   |dE/dxyz| =  0.000848
   -2.79416443765911     -6.59042757282197      0.00000000000000      c
    0.49036569878540     -5.61035952075519      0.00000000000000      s
    0.58088506048232     -3.87699240448415     -2.32497197739057      o
    0.16204538885139      0.24568517588950      0.00000000000000      u
   -0.41053223952998      4.42608506223647      2.33854552385438      o
   -0.65602391872209      6.10907213284624      0.00000000000000      s
   -0.41053223952998      4.42608506223647     -2.33854552385438      o
    0.58088506048232     -3.87699240448415      2.32497197739057      o
    3.51407216510638      0.70111045061453      0.00000000000000      o
   -3.20744620016971     -0.19600848358701      0.00000000000000      o
   -3.13010699901836     -7.71151702552024      1.69560339841805      h
   -3.92180548774359     -4.86427195418768      0.00000000000000      h
   -3.13010699901836     -7.71151702552024     -1.69560339841805      h
  -.27312968104098D-04  -.34397932971242D-03  0.00000000000000D+00
  -.75138953977927D-04  0.22508138992805D-03  0.00000000000000D+00
  0.39007355668641D-04  0.68586628394929D-04  0.11250289971798D-03
  0.47106875836977D-04  -.57143688061778D-03  0.00000000000000D+00
  -.12294913660393D-04  0.19808475040239D-03  -.11016559018628D-03
  -.24441665447128D-04  -.15297034449446D-03  0.00000000000000D+00
  -.12294913660393D-04  0.19808475040239D-03  0.11016559018628D-03
  0.39007355668641D-04  0.68586628394929D-04  -.11250289971798D-03
  0.11222330247307D-04  -.72574777874923D-04  0.00000000000000D+00
  -.31516176363766D-04  0.10574325581247D-03  0.00000000000000D+00
  0.43378792787818D-05  0.10287482100568D-03  -.68030044895639D-04
  -.39895073274732D-04  -.32595265736735D-04  0.00000000000000D+00
  0.43378792787818D-05  0.10287482100568D-03  0.68030044895639D-04
  cycle =      6    SCF energy =    -1764.2794803730   |dE/dxyz| =  0.000561
   -2.79421236083818     -6.58770828216064      0.00000000000000      c
    0.49122934545920     -5.61160373592145      0.00000000000000      s
    0.58222061822470     -3.87807691948613     -2.32508449313217      o
    0.16238119817406      0.24481782257736      0.00000000000000      u
   -0.41179771356310      4.42431136538680      2.33914258304531      o
   -0.65759978030204      6.10733286478217      0.00000000000000      s
   -0.41179771356310      4.42431136538680     -2.33914258304531      o
    0.58222061822470     -3.87807691948613      2.32508449313217      o
    3.51418248517137      0.70198468436499      0.00000000000000      o
   -3.20684246726522     -0.19929414675487      0.00000000000000      o
   -3.13148702478989     -7.70899660868419      1.69577535580645      h
   -3.91947532782598     -4.86005338885795      0.00000000000000      h
   -3.13148702478989     -7.70899660868419     -1.69577535580645      h
  -.10498900301137D-04  -.23274241042870D-04  0.00000000000000D+00
  0.21038774685067D-04  -.33208884740787D-04  0.00000000000000D+00
  -.89441844917104D-05  0.10211288267969D-03  0.54586550058744D-04
  0.32381901634793D-04  -.43760223740819D-03  0.00000000000000D+00
  0.27184140050651D-04  0.76188635904195D-04  0.12823150277264D-03
  -.10244581912611D-03  0.64712755344587D-04  0.00000000000000D+00
  0.27184140050651D-04  0.76188635904195D-04  -.12823150277264D-03
  -.89441844917104D-05  0.10211288267969D-03  -.54586550058744D-04
  0.60809046154020D-05  0.87603041732276D-04  0.00000000000000D+00
  -.14350643631644D-04  -.13012293511672D-03  0.00000000000000D+00
  -.26530712732509D-04  0.18956703669026D-05  0.53308814874975D-04
  0.65079397501000D-05  0.91522063376814D-05  0.00000000000000D+00
  -.26530712732509D-04  0.18956703669026D-05  -.53308814874975D-04
  cycle =      7    SCF energy =    -1764.2794810450   |dE/dxyz| =  0.000524
   -2.79404819255883     -6.58830910707128      0.00000000000000      c
    0.49101364035852     -5.61137108597582      0.00000000000000      s
    0.58162655606825     -3.87781143829070     -2.32510743641751      o
    0.16193887824650      0.24532875300493      0.00000000000000      u
   -0.41143846946350      4.42464827933131      2.33920028457762      o
   -0.65661608877528      6.10775568082115      0.00000000000000      s
   -0.41143846946350      4.42464827933131     -2.33920028457762      o
    0.58162655606825     -3.87781143829070      2.32510743641751      o
    3.51381912205965      0.70165637427875      0.00000000000000      o
   -3.20736823520663     -0.19790485326513      0.00000000000000      o
   -3.13082805182637     -7.70990483555150      1.69566982059041      h
   -3.91992434136406     -4.86106828030822      0.00000000000000      h
   -3.13082805182637     -7.70990483555150     -1.69566982059041      h
  0.88052384437098D-05  -.62470214405863D-05  0.00000000000000D+00
  0.23026022981654D-04  -.56591550103846D-05  0.00000000000000D+00
  -.27223969507606D-04  0.10038842033167D-03  0.52100152212020D-04
  0.26979600539434D-04  -.44042010545553D-03  0.00000000000000D+00
  0.65414343645154D-05  0.73415433319735D-04  0.11446355557609D-03
  -.51299865261312D-04  0.54743680189873D-04  0.00000000000000D+00
  0.65414343645154D-05  0.73415433319735D-04  -.11446355557609D-03
  -.27223969507606D-04  0.10038842033167D-03  -.52100152212020D-04
  -.86549157813920D-05  -.49881582739886D-04  0.00000000000000D+00
  -.70397338607364D-05  0.42471456286997D-04  0.00000000000000D+00
  -.31872043837478D-05  -.10024097328087D-04  0.41533947547689D-04
  -.22581802252120D-04  -.25114791225356D-04  0.00000000000000D+00
  -.31872043837478D-05  -.10024097328087D-04  -.41533947547689D-04
  cycle =      8    SCF energy =    -1764.2794811840   |dE/dxyz| =  0.000428
   -2.79401102691997     -6.58811159158769      0.00000000000000      c
    0.49098407652666     -5.61151333998467      0.00000000000000      s
    0.58162167977273     -3.87801639171818     -2.32517535802405      o
    0.16176641597454      0.24562451666954      0.00000000000000      u
   -0.41158046998777      4.42437938404857      2.33914768276746      o
   -0.65614537698160      6.10757172506847      0.00000000000000      s
   -0.41158046998777      4.42437938404857     -2.33914768276746      o
    0.58162167977273     -3.87801639171818      2.32517535802405      o
    3.51361752415063      0.70204242135840      0.00000000000000      o
   -3.20752393136278     -0.19769039934949      0.00000000000000      o
   -3.13076697878713     -7.70996446725102      1.69547329773198      h
   -3.91970129106652     -4.86076888987073      0.00000000000000      h
   -3.13076697878713     -7.70996446725102     -1.69547329773198      h
  0.78560136369532D-05  0.31573314871025D-04  0.00000000000000D+00
  0.24281600223830D-05  -.21199617339818D-04  0.00000000000000D+00
  -.27817214134140D-04  0.79729444721899D-04  0.33767468890389D-04
  0.24242283231057D-04  -.36705696876815D-03  0.00000000000000D+00
  -.13934248469738D-04  0.71780892331397D-04  0.81165023864571D-04
  -.79016931415765D-05  0.18876770710108D-04  0.00000000000000D+00
  -.13934248469738D-04  0.71780892331397D-04  -.81165023864571D-04
  -.27817214134140D-04  0.79729444721899D-04  -.33767468890389D-04
  -.25507215454468D-04  -.38838535179053D-04  0.00000000000000D+00
  0.61133063198326D-05  0.34729169494874D-04  0.00000000000000D+00
  0.32402867079506D-05  -.22093288078562D-04  0.18416925919751D-04
  -.94294687862373D-05  -.19351261686396D-04  0.00000000000000D+00
  0.32402867079506D-05  -.22093288078562D-04  -.18416925919751D-04
  cycle =      9    SCF energy =    -1764.2794824660   |dE/dxyz| =  0.000246
   -2.79407607395084     -6.58792026278438      0.00000000000000      c
    0.49091272869121     -5.61181502403158      0.00000000000000      s
    0.58177878569887     -3.87845098378103     -2.32529249139485      o
    0.16174676525645      0.24659903438846      0.00000000000000      u
   -0.41190881907951      4.42377516976688      2.33895448776226      o
   -0.65562952501366      6.10722437324866      0.00000000000000      s
   -0.41190881907951      4.42377516976688     -2.33895448776226      o
    0.58177878569887     -3.87845098378103      2.32529249139485      o
    3.51366685327242      0.70296414877121      0.00000000000000      o
   -3.20757762366010     -0.19693342242249      0.00000000000000      o
   -3.13087838074253     -7.71020129819821      1.69510633812313      h
   -3.91949144403253     -4.86041313028259      0.00000000000000      h
   -3.13087838074253     -7.71020129819821     -1.69510633812313      h
  0.83313540937269D-05  0.60346645438969D-04  0.00000000000000D+00
  -.28593178537761D-04  -.64924482606088D-04  0.00000000000000D+00
  -.22760160814927D-04  0.48136181886704D-04  -.33728168311598D-05
  0.20397628651914D-04  -.16056143588372D-03  0.00000000000000D+00
  -.36153530815763D-05  0.59014038850336D-04  0.15550607542991D-04
  -.24237831510954D-04  -.43341104695394D-04  0.00000000000000D+00
  -.36153530815763D-05  0.59014038850336D-04  -.15550607542991D-04
  -.22760160814927D-04  0.48136181886704D-04  0.33728168311598D-05
  0.15445475625597D-04  -.45665142823559D-04  0.00000000000000D+00
  -.44262538043682D-04  0.25210198691283D-04  0.00000000000000D+00
  0.10929685538508D-04  -.39823009029383D-04  -.27749766150054D-04
  0.34968503270782D-05  -.78195558872451D-05  0.00000000000000D+00
  0.10929685538508D-04  -.39823009029383D-04  0.27749766150054D-04
  cycle =     10    SCF energy =    -1764.2794822790   |dE/dxyz| =  0.000156
   -2.79413709536142     -6.58786140419546      0.00000000000000      c
    0.49095100063731     -5.61193144509752      0.00000000000000      s
    0.58198264762713     -3.87872829790507     -2.32537864040463      o
    0.16173073861770      0.24708170326764      0.00000000000000      u
   -0.41213458337029      4.42333958214527      2.33884509594671      o
   -0.65523546695533      6.10702235357511      0.00000000000000      s
   -0.41213458337029      4.42333958214527     -2.33884509594671      o
    0.58198264762713     -3.87872829790507      2.32537864040463      o
    3.51358357035990      0.70375192336881      0.00000000000000      o
   -3.20751467861691     -0.19664380339663      0.00000000000000      o
   -3.13105617768141     -7.71020403795943      1.69505009264424      h
   -3.91942698951551     -4.86028232762092      0.00000000000000      h
   -3.13105617768141     -7.71020403795943     -1.69505009264424      h
  0.48239405456840D-05  0.66226141661296D-04  0.00000000000000D+00
  -.35650765218165D-04  -.33823507568087D-04  0.00000000000000D+00
  -.14148004112924D-04  0.10624832949446D-04  -.22166678594004D-04
  0.75498260319051D-05  -.67578506911303D-04  0.00000000000000D+00
  -.20635601588603D-04  0.25370867273722D-04  -.10877132494258D-04
  0.12074427174547D-04  -.30809238229068D-04  0.00000000000000D+00
  -.20635601588603D-04  0.25370867273722D-04  0.10877132494258D-04
  -.14148004112924D-04  0.10624832949446D-04  0.22166678594004D-04
  0.16055593619058D-05  -.24119629563391D-04  0.00000000000000D+00
  -.23291941534609D-04  0.16947609348339D-04  0.00000000000000D+00
  0.67102570022737D-05  -.47005290732538D-04  -.30475871486413D-04
  0.80515568017248D-05  -.69048850612763D-05  0.00000000000000D+00
  0.67102570022737D-05  -.47005290732538D-04  0.30475871486413D-04
  cycle =     11    SCF energy =    -1764.2794827060   |dE/dxyz| =  0.000094
   -2.79421573853412     -6.58770798369049      0.00000000000000      c
    0.49118281309141     -5.61211361414383      0.00000000000000      s
    0.58240660728163     -3.87897412243074     -2.32533853521412      o
    0.16191226138861      0.24719954189713      0.00000000000000      u
   -0.41242557929878      4.42292964283283      2.33879217831984      o
   -0.65557196169409      6.10667463518375      0.00000000000000      s
   -0.41242557929878      4.42292964283283     -2.33879217831984      o
    0.58240660728163     -3.87897412243074      2.32533853521412      o
    3.51369562523462      0.70408238163707      0.00000000000000      o
   -3.20723279531744     -0.19676592204554      0.00000000000000      o
   -3.13145317026423     -7.70967595959742      1.69523134438741      h
   -3.91929106728966     -4.85997666798486      0.00000000000000      h
   -3.13145317026423     -7.70967595959742     -1.69523134438741      h
  -.56578129576934D-05  0.19687807754298D-04  0.00000000000000D+00
  -.33882910948080D-05  -.14119614512254D-04  0.00000000000000D+00
  -.11767014402864D-04  -.63757077892745D-05  -.43587682938551D-05
  -.25770415126303D-05  -.14374166498854D-04  0.00000000000000D+00
  0.28806940250981D-05  0.17637202296195D-04  -.23221256331141D-04
  -.35208138264409D-04  -.42507228727118D-04  0.00000000000000D+00
  0.28806940250981D-05  0.17637202296195D-04  0.23221256331141D-04
  -.11767014402864D-04  -.63757077892745D-05  0.43587682938551D-05
  -.11670212082038D-04  -.25311671150163D-04  0.00000000000000D+00
  -.11900632372885D-05  0.10668128064495D-04  0.00000000000000D+00
  -.14212416987736D-05  -.24903394229447D-04  -.17074071740897D-04
  -.68428876520699D-06  -.87121471603613D-05  0.00000000000000D+00
  -.14212416987736D-05  -.24903394229447D-04  0.17074071740897D-04
$end
