$hessian (projected)
 1  1   0.3526283155  -0.0588100630   0.0000000000  -0.1459373483  -0.0150260119
 1  2   0.0000000000   0.0059918075  -0.0047434668   0.0046746510  -0.0009977861
 1  3   0.0021800978   0.0000000000   0.0000930154  -0.0004888438  -0.0000650574
 1  4  -0.0000317795   0.0002858512   0.0000000000   0.0000930154  -0.0004888438
 1  5   0.0000650574   0.0059918075  -0.0047434668  -0.0046746510  -0.0004675937
 1  6  -0.0003262812   0.0000000000   0.0022350131  -0.0012743792   0.0000000000
 1  7  -0.0485409296  -0.0221641533   0.0360338465  -0.1225166076   0.1277637141
 1  8   0.0000000000  -0.0485409296  -0.0221641533  -0.0360338465
 2  1  -0.0588100630   0.5537860181   0.0000000000   0.0320268482  -0.0485200878
 2  2   0.0000000000  -0.0278383518  -0.0064117441   0.0079457884  -0.0014672643
 2  3   0.0004232446   0.0000000000   0.0000512581  -0.0002262880  -0.0000384305
 2  4  -0.0000350178   0.0001241853   0.0000000000   0.0000512581  -0.0002262880
 2  5   0.0000384305  -0.0278383518  -0.0064117441  -0.0079457884  -0.0004636929
 2  6  -0.0002801859   0.0000000000  -0.0002786944  -0.0007052007   0.0000000000
 2  7  -0.0242654424  -0.1262306951   0.1235101279   0.1331329566  -0.2390905192
 2  8   0.0000000000  -0.0242654424  -0.1262306951  -0.1235101279
 3  1   0.0000000000   0.0000000000   0.5657993442   0.0000000000   0.0000000000
 3  2  -0.0374456084   0.0236350645   0.0165329868  -0.0088226699   0.0000000000
 3  3   0.0000000000  -0.0036946959  -0.0000089917  -0.0000282440   0.0000870807
 3  4   0.0000000000   0.0000000000  -0.0000886316   0.0000089917   0.0000282440
 3  5   0.0000870807  -0.0236350645  -0.0165329868  -0.0088226699   0.0000000000
 3  6   0.0000000000   0.0010231829   0.0000000000   0.0000000000   0.0007775337
 3  7   0.0385408064   0.1240162656  -0.2314626269   0.0000000000   0.0000000000
 3  8  -0.0459746926  -0.0385408064  -0.1240162656  -0.2314626269
 4  1  -0.1459373483   0.0320268482   0.0000000000   0.2850856302  -0.0192875046
 4  2   0.0000000000  -0.0569479345  -0.0026075708   0.0088284914   0.0131384953
 4  3  -0.0021890335   0.0000000000  -0.0004870409   0.0006049013   0.0000717028
 4  4   0.0002634390  -0.0001960671   0.0000000000  -0.0004870409   0.0006049013
 4  5  -0.0000717028  -0.0569479345  -0.0026075708  -0.0088284914  -0.0018979667
 4  6   0.0012550284   0.0000000000  -0.0067991154  -0.0033567219   0.0000000000
 4  7   0.0022098344   0.0018794548  -0.0012551768  -0.0334028520  -0.0080061198
 4  8   0.0000000000   0.0022098344   0.0018794548   0.0012551768
 5  1  -0.0150260119  -0.0485200878   0.0000000000  -0.0192875046   0.4865244215
 5  2   0.0000000000   0.0161645965  -0.1990798365   0.1396751304   0.0077213072
 5  3  -0.0426283742   0.0000000000  -0.0003778027   0.0026031899   0.0007184930
 5  4   0.0002028750  -0.0015824570   0.0000000000  -0.0003778027   0.0026031899
 5  5  -0.0007184930   0.0161645965  -0.1990798365  -0.1396751304   0.0043852342
 5  6   0.0027869575   0.0000000000  -0.0098954954  -0.0004344090   0.0000000000
 5  7  -0.0113084640  -0.0055854292  -0.0007298664   0.0229429359   0.0079781003
 5  8   0.0000000000  -0.0113084640  -0.0055854292   0.0007298664
 6  1   0.0000000000   0.0000000000  -0.0374456084   0.0000000000   0.0000000000
 6  2   0.5101130938  -0.0042415753   0.1531414731  -0.2436534842   0.0000000000
 6  3   0.0000000000   0.0293135645   0.0000708062  -0.0005915321  -0.0010268229
 6  4   0.0000000000   0.0000000000   0.0007883308  -0.0000708062   0.0005915321
 6  5  -0.0010268229   0.0042415753  -0.1531414731  -0.2436534842   0.0000000000
 6  6   0.0000000000  -0.0047157306   0.0000000000   0.0000000000  -0.0049646830
 6  7   0.0197167306   0.0060276445  -0.0022088723   0.0000000000   0.0000000000
 6  8   0.0006893917  -0.0197167306  -0.0060276445  -0.0022088723
 7  1   0.0059918075  -0.0278383518   0.0236350645  -0.0569479345   0.0161645965
 7  2  -0.0042415753   0.0490263625   0.0158980836  -0.0205752574  -0.0174925736
 7  3   0.0005338347  -0.0004467725   0.0005257124   0.0004107188   0.0000572120
 7  4  -0.0001981107  -0.0001718975  -0.0000135471   0.0001574533   0.0001933428
 7  5  -0.0000270010   0.0118516445  -0.0056942762  -0.0006825915   0.0049579321
 7  6  -0.0037841599  -0.0019859834   0.0017695845   0.0052517383   0.0038096555
 7  7  -0.0080627903  -0.0034101257   0.0005650364   0.0074116825   0.0019421493
 7  8  -0.0003734830   0.0010092298   0.0005043472   0.0002792429
 8  1  -0.0047434668  -0.0064117441   0.0165329868  -0.0026075708  -0.1990798365
 8  2   0.1531414731   0.0158980836   0.1873391077  -0.1473280604  -0.0025786311
 8  3  -0.0155219457  -0.0015486803   0.0009339057  -0.0062388574  -0.0014305693
 8  4  -0.0003441671   0.0019872852  -0.0006384163   0.0004771536  -0.0025377305
 8  5   0.0007557221  -0.0056942762   0.0404448120  -0.0135108168  -0.0110253822
 8  6  -0.0025043058  -0.0023500923   0.0151995887   0.0029782830  -0.0033129353
 8  7  -0.0052527747  -0.0000241313  -0.0003008421  -0.0018296214  -0.0008357563
 8  8  -0.0002169650   0.0015671588   0.0004048197   0.0002071960
 9  1   0.0046746510   0.0079457884  -0.0088226699   0.0088284914   0.1396751304
 9  2  -0.2436534842  -0.0205752574  -0.1473280604   0.2999780531   0.0038177243
 9  3  -0.0147822337  -0.0225968787   0.0000897038  -0.0011972754   0.0003168603
 9  4  -0.0000389847   0.0004678396  -0.0009962507   0.0000400735  -0.0003697562
 9  5   0.0017701464   0.0006825915   0.0135108168  -0.0322117986  -0.0030020512
 9  6   0.0003118421   0.0021565191   0.0011628982  -0.0007396286   0.0023622841
 9  7   0.0029774430   0.0010268656   0.0014472362   0.0000009418  -0.0005429372
 9  8  -0.0007079794   0.0013417748   0.0020216084   0.0009579623
10  1  -0.0009977861  -0.0014672643   0.0000000000   0.0131384953   0.0077213072
10  2   0.0000000000  -0.0174925736  -0.0025786311   0.0038177243   0.8876429345
10  3   0.0977639502   0.0000000000  -0.0150433841  -0.0003327258   0.0016783036
10  4   0.0062638696   0.0058865194   0.0000000000  -0.0150433841  -0.0003327258
10  5  -0.0016783036  -0.0174925736  -0.0025786311  -0.0038177243  -0.4263884058
10  6  -0.0523810639   0.0000000000  -0.4099695336  -0.0471889072   0.0000000000
10  7  -0.0012431374   0.0006569863  -0.0000990355  -0.0021313836  -0.0058258004
10  8   0.0000000000  -0.0012431374   0.0006569863   0.0000990355
11  1   0.0021800978   0.0004232446   0.0000000000  -0.0021890335  -0.0426283742
11  2   0.0000000000   0.0005338347  -0.0155219457  -0.0147822337   0.0977639502
11  3   0.2189070760   0.0000000000  -0.0007143080  -0.0117143743  -0.0116651610
11  4   0.0063004324  -0.0366817024   0.0000000000  -0.0007143080  -0.0117143743
11  5   0.0116651610   0.0005338347  -0.0155219457   0.0147822337  -0.0496327157
11  6  -0.0423989364   0.0000000000  -0.0546556976  -0.0437465155   0.0000000000
11  7   0.0007629235   0.0004816383  -0.0003821218  -0.0009319339  -0.0003654286
11  8   0.0000000000   0.0007629235   0.0004816383   0.0003821218
12  1   0.0000000000   0.0000000000  -0.0036946959   0.0000000000   0.0000000000
12  2   0.0293135645  -0.0004467725  -0.0015486803  -0.0225968787   0.0000000000
12  3   0.0000000000   0.0798164631   0.0000091870   0.0004063351  -0.0204234960
12  4   0.0000000000   0.0000000000   0.0243682827  -0.0000091870  -0.0004063351
12  5  -0.0204234960   0.0004467725   0.0015486803  -0.0225968787   0.0000000000
12  6   0.0000000000  -0.0218670233   0.0000000000   0.0000000000  -0.0222251659
12  7   0.0008612660   0.0007123013  -0.0001973814   0.0000000000   0.0000000000
12  8   0.0007240871  -0.0008612660  -0.0007123013  -0.0001973814
13  1   0.0000930154   0.0000512581  -0.0000089917  -0.0004870409  -0.0003778027
13  2   0.0000708062   0.0005257124   0.0009339057   0.0000897038  -0.0150433841
13  3  -0.0007143080   0.0000091870   0.0151393377  -0.0242518095   0.0231456311
13  4  -0.0092662939   0.0286188876  -0.0255897436   0.0037879266  -0.0056496804
13  5   0.0015900315   0.0001574533   0.0004771536  -0.0000400735   0.0005263935
13  6   0.0045856726   0.0031812388   0.0044817662  -0.0037261937  -0.0024328150
13  7   0.0000241492   0.0000004079  -0.0000113488   0.0000372097   0.0000455409
13  8  -0.0000078127   0.0000237549   0.0000069679   0.0000041869
14  1  -0.0004888438  -0.0002262880  -0.0000282440   0.0006049013   0.0026031899
14  2  -0.0005915321   0.0004107188  -0.0062388574  -0.0011972754  -0.0003327258
14  3  -0.0117143743   0.0004063351  -0.0242518095   0.1804109289  -0.1592064787
14  4   0.0286131846  -0.2032655822   0.1766669509  -0.0056496804   0.0420897630
14  5  -0.0109107370   0.0001933428  -0.0025377305   0.0003697562   0.0102203308
14  6   0.0014086879  -0.0022939299  -0.0093213575  -0.0026361931  -0.0032356458
14  7  -0.0000529264  -0.0000744494   0.0000746309   0.0000987135   0.0003094608
14  8   0.0000329252  -0.0000438483  -0.0001285556  -0.0000867555
15  1  -0.0000650574  -0.0000384305   0.0000870807   0.0000717028   0.0007184930
15  2  -0.0010268229   0.0000572120  -0.0014305693   0.0003168603   0.0016783036
15  3  -0.0116651610  -0.0204234960   0.0231456311  -0.1592064787   0.3199003943
15  4  -0.0232745139   0.1607802064  -0.2711238500  -0.0015900315   0.0109107370
15  5  -0.0336821502   0.0000270010  -0.0007557221   0.0017701464   0.0027387005
15  6   0.0007465627   0.0021258111  -0.0027868009  -0.0000654746   0.0021049976
15  7  -0.0000206168  -0.0000698605   0.0000210933   0.0000156147   0.0000466587
15  8  -0.0000781238   0.0000028548   0.0000290388   0.0000080593
16  1  -0.0000317795  -0.0000350178   0.0000000000   0.0002634390   0.0002028750
16  2   0.0000000000  -0.0001981107  -0.0003441671  -0.0000389847   0.0062638696
16  3   0.0063004324   0.0000000000  -0.0092662939   0.0286131846  -0.0232745139
16  4   0.0145099944  -0.0622292444   0.0000000000  -0.0092662939   0.0286131846
16  5   0.0232745139  -0.0001981107  -0.0003441671   0.0000389847  -0.0003181840
16  6  -0.0017572581   0.0000000000  -0.0017426667   0.0009994770   0.0000000000
16  7  -0.0000059435  -0.0000052790   0.0000048300  -0.0000039765  -0.0000087411
16  8   0.0000000000  -0.0000059435  -0.0000052790  -0.0000048300
17  1   0.0002858512   0.0001241853   0.0000000000  -0.0001960671  -0.0015824570
17  2   0.0000000000  -0.0001718975   0.0019872852   0.0004678396   0.0058865194
17  3  -0.0366817024   0.0000000000   0.0286188876  -0.2032655822   0.1607802064
17  4  -0.0622292444   0.4375941971   0.0000000000   0.0286188876  -0.2032655822
17  5  -0.1607802064  -0.0001718975   0.0019872852  -0.0004678396  -0.0036640864
17  6   0.0008641647   0.0000000000   0.0030743730   0.0023248841   0.0000000000
17  7   0.0000126459   0.0000661752  -0.0000492510  -0.0000766178  -0.0002190282
17  8   0.0000000000   0.0000126459   0.0000661752   0.0000492510
18  1   0.0000000000   0.0000000000  -0.0000886316   0.0000000000   0.0000000000
18  2   0.0007883308  -0.0000135471  -0.0006384163  -0.0009962507   0.0000000000
18  3   0.0000000000   0.0243682827  -0.0255897436   0.1766669509  -0.2711238500
18  4   0.0000000000   0.0000000000   0.5273086761   0.0255897436  -0.1766669509
18  5  -0.2711238500   0.0000135471   0.0006384163  -0.0009962507   0.0000000000
18  6   0.0000000000  -0.0040314814   0.0000000000   0.0000000000  -0.0041534441
18  7   0.0000103072   0.0000625858  -0.0000194280   0.0000000000   0.0000000000
18  8   0.0000873247  -0.0000103072  -0.0000625858  -0.0000194280
19  1   0.0000930154   0.0000512581   0.0000089917  -0.0004870409  -0.0003778027
19  2  -0.0000708062   0.0001574533   0.0004771536   0.0000400735  -0.0150433841
19  3  -0.0007143080  -0.0000091870   0.0037879266  -0.0056496804  -0.0015900315
19  4  -0.0092662939   0.0286188876   0.0255897436   0.0151393377  -0.0242518095
19  5  -0.0231456311   0.0005257124   0.0009339057  -0.0000897038   0.0005263935
19  6   0.0045856726  -0.0031812388   0.0044817662  -0.0037261937   0.0024328150
19  7   0.0000237549   0.0000069679  -0.0000041869   0.0000372097   0.0000455409
19  8   0.0000078127   0.0000241492   0.0000004079   0.0000113488
20  1  -0.0004888438  -0.0002262880   0.0000282440   0.0006049013   0.0026031899
20  2   0.0005915321   0.0001933428  -0.0025377305  -0.0003697562  -0.0003327258
20  3  -0.0117143743  -0.0004063351  -0.0056496804   0.0420897630   0.0109107370
20  4   0.0286131846  -0.2032655822  -0.1766669509  -0.0242518095   0.1804109289
20  5   0.1592064787   0.0004107188  -0.0062388574   0.0011972754   0.0102203308
20  6   0.0014086879   0.0022939299  -0.0093213575  -0.0026361931   0.0032356458
20  7  -0.0000438483  -0.0001285556   0.0000867555   0.0000987135   0.0003094608
20  8  -0.0000329252  -0.0000529264  -0.0000744494  -0.0000746309
21  1   0.0000650574   0.0000384305   0.0000870807  -0.0000717028  -0.0007184930
21  2  -0.0010268229  -0.0000270010   0.0007557221   0.0017701464  -0.0016783036
21  3   0.0116651610  -0.0204234960   0.0015900315  -0.0109107370  -0.0336821502
21  4   0.0232745139  -0.1607802064  -0.2711238500  -0.0231456311   0.1592064787
21  5   0.3199003943  -0.0000572120   0.0014305693   0.0003168603  -0.0027387005
21  6  -0.0007465627   0.0021258111   0.0027868009   0.0000654746   0.0021049976
21  7  -0.0000028548  -0.0000290388   0.0000080593  -0.0000156147  -0.0000466587
21  8  -0.0000781238   0.0000206168   0.0000698605   0.0000210933
22  1   0.0059918075  -0.0278383518  -0.0236350645  -0.0569479345   0.0161645965
22  2   0.0042415753   0.0118516445  -0.0056942762   0.0006825915  -0.0174925736
22  3   0.0005338347   0.0004467725   0.0001574533   0.0001933428   0.0000270010
22  4  -0.0001981107  -0.0001718975   0.0000135471   0.0005257124   0.0004107188
22  5  -0.0000572120   0.0490263625   0.0158980836   0.0205752574   0.0049579321
22  6  -0.0037841599   0.0019859834   0.0017695845   0.0052517383  -0.0038096555
22  7   0.0010092298   0.0005043472  -0.0002792429   0.0074116825   0.0019421493
22  8   0.0003734830  -0.0080627903  -0.0034101257  -0.0005650364
23  1  -0.0047434668  -0.0064117441  -0.0165329868  -0.0026075708  -0.1990798365
23  2  -0.1531414731  -0.0056942762   0.0404448120   0.0135108168  -0.0025786311
23  3  -0.0155219457   0.0015486803   0.0004771536  -0.0025377305  -0.0007557221
23  4  -0.0003441671   0.0019872852   0.0006384163   0.0009339057  -0.0062388574
23  5   0.0014305693   0.0158980836   0.1873391077   0.1473280604  -0.0110253822
23  6  -0.0025043058   0.0023500923   0.0151995887   0.0029782830   0.0033129353
23  7   0.0015671588   0.0004048197  -0.0002071960  -0.0018296214  -0.0008357563
23  8   0.0002169650  -0.0052527747  -0.0000241313   0.0003008421
24  1  -0.0046746510  -0.0079457884  -0.0088226699  -0.0088284914  -0.1396751304
24  2  -0.2436534842  -0.0006825915  -0.0135108168  -0.0322117986  -0.0038177243
24  3   0.0147822337  -0.0225968787  -0.0000400735   0.0003697562   0.0017701464
24  4   0.0000389847  -0.0004678396  -0.0009962507  -0.0000897038   0.0011972754
24  5   0.0003168603   0.0205752574   0.1473280604   0.2999780531   0.0030020512
24  6  -0.0003118421   0.0021565191  -0.0011628982   0.0007396286   0.0023622841
24  7  -0.0013417748  -0.0020216084   0.0009579623  -0.0000009418   0.0005429372
24  8  -0.0007079794  -0.0029774430  -0.0010268656   0.0014472362
25  1  -0.0004675937  -0.0004636929   0.0000000000  -0.0018979667   0.0043852342
25  2   0.0000000000   0.0049579321  -0.0110253822  -0.0030020512  -0.4263884058
25  3  -0.0496327157   0.0000000000   0.0005263935   0.0102203308   0.0027387005
25  4  -0.0003181840  -0.0036640864   0.0000000000   0.0005263935   0.0102203308
25  5  -0.0027387005   0.0049579321  -0.0110253822   0.0030020512   0.4224082512
25  6   0.0530032317   0.0000000000  -0.0048036363  -0.0027436315   0.0000000000
25  7   0.0000301003  -0.0001954755   0.0001092508   0.0004386835   0.0011167143
25  8   0.0000000000   0.0000301003  -0.0001954755  -0.0001092508
26  1  -0.0003262812  -0.0002801859   0.0000000000   0.0012550284   0.0027869575
26  2   0.0000000000  -0.0037841599  -0.0025043058   0.0003118421  -0.0523810639
26  3  -0.0423989364   0.0000000000   0.0045856726   0.0014086879   0.0007465627
26  4  -0.0017572581   0.0008641647   0.0000000000   0.0045856726   0.0014086879
26  5  -0.0007465627  -0.0037841599  -0.0025043058  -0.0003118421   0.0530032317
26  6   0.0330400983   0.0000000000  -0.0011942884   0.0083428473   0.0000000000
26  7  -0.0001074464  -0.0000699650   0.0000892927   0.0000124989  -0.0000237795
26  8   0.0000000000  -0.0001074464  -0.0000699650  -0.0000892927
27  1   0.0000000000   0.0000000000   0.0010231829   0.0000000000   0.0000000000
27  2  -0.0047157306  -0.0019859834  -0.0023500923   0.0021565191   0.0000000000
27  3   0.0000000000  -0.0218670233   0.0031812388  -0.0022939299   0.0021258111
27  4   0.0000000000   0.0000000000  -0.0040314814  -0.0031812388   0.0022939299
27  5   0.0021258111   0.0019859834   0.0023500923   0.0021565191   0.0000000000
27  6   0.0000000000   0.0142810606   0.0000000000   0.0000000000   0.0066522513
27  7  -0.0002624035  -0.0001055379   0.0000400619   0.0000000000   0.0000000000
27  8   0.0000129562   0.0002624035   0.0001055379   0.0000400619
28  1   0.0022350131  -0.0002786944   0.0000000000  -0.0067991154  -0.0098954954
28  2   0.0000000000   0.0017695845   0.0151995887   0.0011628982  -0.4099695336
28  3  -0.0546556976   0.0000000000   0.0044817662  -0.0093213575  -0.0027868009
28  4  -0.0017426667   0.0030743730   0.0000000000   0.0044817662  -0.0093213575
28  5   0.0027868009   0.0017695845   0.0151995887  -0.0011628982  -0.0048036363
28  6  -0.0011942884   0.0000000000   0.4065007736   0.0478455269   0.0000000000
28  7   0.0008413475  -0.0004238275   0.0000268440   0.0003937687   0.0041954685
28  8   0.0000000000   0.0008413475  -0.0004238275  -0.0000268440
29  1  -0.0012743792  -0.0007052007   0.0000000000  -0.0033567219  -0.0004344090
29  2   0.0000000000   0.0052517383   0.0029782830  -0.0007396286  -0.0471889072
29  3  -0.0437465155   0.0000000000  -0.0037261937  -0.0026361931  -0.0000654746
29  4   0.0009994770   0.0023248841   0.0000000000  -0.0037261937  -0.0026361931
29  5   0.0000654746   0.0052517383   0.0029782830   0.0007396286  -0.0027436315
29  6   0.0083428473   0.0000000000   0.0478455269   0.0344128621   0.0000000000
29  7   0.0006159863  -0.0006644171   0.0000320647   0.0014355743   0.0004501860
29  8   0.0000000000   0.0006159863  -0.0006644171  -0.0000320647
30  1   0.0000000000   0.0000000000   0.0007775337   0.0000000000   0.0000000000
30  2  -0.0049646830   0.0038096555  -0.0033129353   0.0023622841   0.0000000000
30  3   0.0000000000  -0.0222251659  -0.0024328150  -0.0032356458   0.0021049976
30  4   0.0000000000   0.0000000000  -0.0041534441   0.0024328150   0.0032356458
30  5   0.0021049976  -0.0038096555   0.0033129353   0.0023622841   0.0000000000
30  6   0.0000000000   0.0066522513   0.0000000000   0.0000000000   0.0161021996
30  7   0.0002330163  -0.0003653323   0.0000201799   0.0000000000   0.0000000000
30  8  -0.0011636148  -0.0002330163   0.0003653323   0.0000201799
31  1  -0.0485409296  -0.0242654424   0.0385408064   0.0022098344  -0.0113084640
31  2   0.0197167306  -0.0080627903  -0.0052527747   0.0029774430  -0.0012431374
31  3   0.0007629235   0.0008612660   0.0000241492  -0.0000529264  -0.0000206168
31  4  -0.0000059435   0.0000126459   0.0000103072   0.0000237549  -0.0000438483
31  5  -0.0000028548   0.0010092298   0.0015671588  -0.0013417748   0.0000301003
31  6  -0.0001074464  -0.0002624035   0.0008413475   0.0006159863   0.0002330163
31  7   0.0490947600   0.0260835672  -0.0399384655   0.0043546523   0.0075134554
31  8  -0.0156617988   0.0002649724   0.0044751652  -0.0051116553
32  1  -0.0221641533  -0.1262306951   0.1240162656   0.0018794548  -0.0055854292
32  2   0.0060276445  -0.0034101257  -0.0000241313   0.0010268656   0.0006569863
32  3   0.0004816383   0.0007123013   0.0000004079  -0.0000744494  -0.0000698605
32  4  -0.0000052790   0.0000661752   0.0000625858   0.0000069679  -0.0001285556
32  5  -0.0000290388   0.0005043472   0.0004048197  -0.0020216084  -0.0001954755
32  6  -0.0000699650  -0.0001055379  -0.0004238275  -0.0006644171  -0.0003653323
32  7   0.0260835672   0.1315949787  -0.1347447428  -0.0074080355  -0.0100049322
32  8   0.0200849719   0.0044751652   0.0102349630  -0.0145945138
33  1   0.0360338465   0.1235101279  -0.2314626269  -0.0012551768  -0.0007298664
33  2  -0.0022088723   0.0005650364  -0.0003008421   0.0014472362  -0.0000990355
33  3  -0.0003821218  -0.0001973814  -0.0000113488   0.0000746309   0.0000210933
33  4   0.0000048300  -0.0000492510  -0.0000194280  -0.0000041869   0.0000867555
33  5   0.0000080593  -0.0002792429  -0.0002071960   0.0009579623   0.0001092508
33  6   0.0000892927   0.0000400619   0.0000268440   0.0000320647   0.0000201799
33  7  -0.0399384655  -0.1347447428   0.2478480834  -0.0002640066  -0.0019733654
33  8   0.0010725398   0.0051116553   0.0145945138  -0.0175269074
34  1  -0.1225166076   0.1331329566   0.0000000000  -0.0334028520   0.0229429359
34  2   0.0000000000   0.0074116825  -0.0018296214   0.0000009418  -0.0021313836
34  3  -0.0009319339   0.0000000000   0.0000372097   0.0000987135   0.0000156147
34  4  -0.0000039765  -0.0000766178   0.0000000000   0.0000372097   0.0000987135
34  5  -0.0000156147   0.0074116825  -0.0018296214  -0.0000009418   0.0004386835
34  6   0.0000124989   0.0000000000   0.0003937687   0.0014355743   0.0000000000
34  7   0.0043546523  -0.0074080355  -0.0002640066   0.1336152784  -0.1382375271
34  8   0.0000000000   0.0043546523  -0.0074080355   0.0002640066
35  1   0.1277637141  -0.2390905192   0.0000000000  -0.0080061198   0.0079781003
35  2   0.0000000000   0.0019421493  -0.0008357563  -0.0005429372  -0.0058258004
35  3  -0.0003654286   0.0000000000   0.0000455409   0.0003094608   0.0000466587
35  4  -0.0000087411  -0.0002190282   0.0000000000   0.0000455409   0.0003094608
35  5  -0.0000466587   0.0019421493  -0.0008357563   0.0005429372   0.0011167143
35  6  -0.0000237795   0.0000000000   0.0041954685   0.0004501860   0.0000000000
35  7   0.0075134554  -0.0100049322  -0.0019733654  -0.1382375271   0.2523329248
35  8   0.0000000000   0.0075134554  -0.0100049322   0.0019733654
36  1   0.0000000000   0.0000000000  -0.0459746926   0.0000000000   0.0000000000
36  2   0.0006893917  -0.0003734830  -0.0002169650  -0.0007079794   0.0000000000
36  3   0.0000000000   0.0007240871  -0.0000078127   0.0000329252  -0.0000781238
36  4   0.0000000000   0.0000000000   0.0000873247   0.0000078127  -0.0000329252
36  5  -0.0000781238   0.0003734830   0.0002169650  -0.0007079794   0.0000000000
36  6   0.0000000000   0.0000129562   0.0000000000   0.0000000000  -0.0011636148
36  7  -0.0156617988   0.0200849719   0.0010725398   0.0000000000   0.0000000000
36  8   0.0450516745   0.0156617988  -0.0200849719   0.0010725398
37  1  -0.0485409296  -0.0242654424  -0.0385408064   0.0022098344  -0.0113084640
37  2  -0.0197167306   0.0010092298   0.0015671588   0.0013417748  -0.0012431374
37  3   0.0007629235  -0.0008612660   0.0000237549  -0.0000438483   0.0000028548
37  4  -0.0000059435   0.0000126459  -0.0000103072   0.0000241492  -0.0000529264
37  5   0.0000206168  -0.0080627903  -0.0052527747  -0.0029774430   0.0000301003
37  6  -0.0001074464   0.0002624035   0.0008413475   0.0006159863  -0.0002330163
37  7   0.0002649724   0.0044751652   0.0051116553   0.0043546523   0.0075134554
37  8   0.0156617988   0.0490947600   0.0260835672   0.0399384655
38  1  -0.0221641533  -0.1262306951  -0.1240162656   0.0018794548  -0.0055854292
38  2  -0.0060276445   0.0005043472   0.0004048197   0.0020216084   0.0006569863
38  3   0.0004816383  -0.0007123013   0.0000069679  -0.0001285556   0.0000290388
38  4  -0.0000052790   0.0000661752  -0.0000625858   0.0000004079  -0.0000744494
38  5   0.0000698605  -0.0034101257  -0.0000241313  -0.0010268656  -0.0001954755
38  6  -0.0000699650   0.0001055379  -0.0004238275  -0.0006644171   0.0003653323
38  7   0.0044751652   0.0102349630   0.0145945138  -0.0074080355  -0.0100049322
38  8  -0.0200849719   0.0260835672   0.1315949787   0.1347447428
39  1  -0.0360338465  -0.1235101279  -0.2314626269   0.0012551768   0.0007298664
39  2  -0.0022088723   0.0002792429   0.0002071960   0.0009579623   0.0000990355
39  3   0.0003821218  -0.0001973814   0.0000041869  -0.0000867555   0.0000080593
39  4  -0.0000048300   0.0000492510  -0.0000194280   0.0000113488  -0.0000746309
39  5   0.0000210933  -0.0005650364   0.0003008421   0.0014472362  -0.0001092508
39  6  -0.0000892927   0.0000400619  -0.0000268440  -0.0000320647   0.0000201799
39  7  -0.0051116553  -0.0145945138  -0.0175269074   0.0002640066   0.0019733654
39  8   0.0010725398   0.0399384655   0.1347447428   0.2478480834
$end
