$hessapprox internal
  0.251374199724D+00  0.204836374041D+00  0.322269495585D+00 -0.231863137020D-02
 -0.427556665206D-03  0.509876264691D+00 -0.696905623946D-02  0.139701865948D-02
  0.108118212734D-01  0.512372874355D+00  0.143949409124D-02 -0.120909685203D-03
  0.186668060918D-02  0.184259025001D-02  0.431817544033D+00  0.134532913470D-01
  0.337158713480D-02  0.188919837995D-02  0.302536415408D-02 -0.140780018732D-02
  0.342074316183D+00 -0.186910383938D-01 -0.392267113331D-02  0.381195680670D-02
 -0.603637096268D-03  0.587747298774D-02  0.220636825879D-01  0.850917021852D+00
  0.691223402354D-02 -0.168172378619D-01  0.306831426049D-02 -0.148293110108D-02
  0.542354614140D-02 -0.271894479558D-02 -0.119424093704D+00  0.474018746254D+00
 -0.587294879821D-01  0.475000048163D-01  0.351518750607D-02 -0.731462632737D-03
  0.457014519037D-02  0.257123383883D-01 -0.695841334303D-02 -0.181787176569D-02
  0.255116571833D+00  0.106632828023D-02 -0.303413408431D-02  0.191268684067D-02
 -0.161649931031D-02  0.243398630616D-02  0.996477218629D-02 -0.143594368374D-01
 -0.412048197672D-01  0.752477950225D-03  0.390771533484D+00  0.455509775721D-02
 -0.183794180054D-02  0.229850840463D-03 -0.144563576540D-03  0.480289274627D-04
  0.423183213684D-03  0.357660361872D-02  0.362733290535D-02  0.955604662481D-02
  0.578997271790D-02  0.336133956989D+00 -0.503794165528D-01  0.411031168707D-01
 -0.194861982472D-01 -0.126365151154D-01 -0.151393401558D-01  0.371514597858D-02
 -0.472845677177D-01  0.167825953222D-01 -0.434393230613D-01  0.863000453339D-02
 -0.446167713772D-02  0.481927534639D+00 -0.214070364933D-01 -0.134606010167D-01
 -0.561304505999D-02 -0.110897257520D-01  0.389746347247D-02  0.408977011645D-01
 -0.518082083708D-01  0.347037471453D-02 -0.275149304458D-01 -0.491840259021D-02
  0.313277847134D-02 -0.224669137743D-01  0.220895842689D+00 -0.175311890281D-01
  0.167872813635D-01 -0.103441315798D-01 -0.461002309614D-02 -0.966648068782D-02
 -0.133908055006D-01 -0.175978322803D-01  0.696964802769D-02 -0.517402230521D-01
  0.264499144508D-02 -0.691925368544D-02  0.157260209515D+00  0.856228776151D-02
  0.300766056346D+00  0.345239904861D-02 -0.553630539517D-02  0.554165920403D-02
  0.408041288032D-02  0.367031698062D-02  0.681649363497D-02  0.274685099221D-02
 -0.439272822315D-02  0.207097572730D-01 -0.448833666242D-02  0.269554438319D-02
 -0.435888498190D-01 -0.849824491751D-02 -0.301308068617D-01  0.210975281314D+00
  0.109308815038D-01 -0.136327275713D-01  0.193259172399D-02  0.104678991933D-02
  0.229084152401D-02  0.173757064558D-02 -0.159288444215D-01 -0.685428427808D-01
  0.483436891034D-02 -0.119096057188D-01  0.580143461416D-03 -0.122801494006D-01
 -0.581291306239D-02 -0.661641455523D-02  0.245309576977D-02  0.285293225172D+00
 -0.916300776439D-02  0.853288152257D-02 -0.466617044280D-02 -0.370412735448D-02
 -0.284771828296D-02 -0.565396869707D-02 -0.888340803803D-02 -0.157105587370D-01
 -0.270792483493D-01  0.659271463990D-03 -0.236732047280D-02  0.294602371230D-01
  0.519448778318D-02  0.255943227377D-01 -0.114584637963D-01 -0.730783228126D-02
  0.301642245415D+00 -0.452009084549D-02  0.173827498519D-01 -0.407522097204D-02
  0.824522324460D-03 -0.671642971156D-02 -0.192891805102D-01  0.114622092060D-01
  0.148357452155D-01 -0.386394945777D-02  0.692482376002D-02 -0.368508822494D-02
  0.102849794858D+00  0.395002299807D-01  0.494515209158D-01 -0.990672779835D-02
  0.173465794417D-02  0.604727749564D-02  0.364134401525D+00 -0.505606312422D-01
  0.565682284817D-01 -0.261438153990D-01 -0.990735373499D-02 -0.284742628982D-01
 -0.158418358896D-01 -0.538368763722D-01  0.180799953160D-01 -0.640136429806D-01
  0.229276082558D-01 -0.107700657035D-01  0.480069041062D+00  0.110125452065D-01
  0.261078226118D+00 -0.728969115582D-01 -0.243172356831D-01  0.581076718193D-01
  0.145608019858D+00  0.128235988767D+01  0.302998429220D-01 -0.277270205780D-01
  0.181500281183D-01  0.112769800562D-01  0.139970180671D-01 -0.698882811043D-02
  0.433888281537D-01 -0.337785548270D-02  0.374733163328D-02 -0.725779615307D-02
  0.194309596340D-02 -0.276094169167D+00  0.190809795702D-01 -0.136706045161D+00
  0.338684455102D-01  0.111171928874D-01 -0.172028465232D-01 -0.979919995411D-01
 -0.461731953716D+00  0.486195534464D+00
$end
