$vibrational normal modes
 1  1   0.2668233861   0.1039507502  -0.1556547681  -0.3195729149   0.0948821255
 1  2  -0.0173616738   0.0000000000  -0.2821355841  -0.1309475243  -0.0000000000
 1  3  -0.0407444811   0.0000000000  -0.0753331984  -0.1248139853  -0.0000000000
 1  4   0.0000000000  -0.0090385918   0.0000000000   0.0000000000   0.0583251683
 1  5   0.0000000000   0.1561539426  -0.0038118254   0.0306298371   0.3921812175
 1  6   0.0211427810  -0.0067643761  -0.0000000000  -0.0693930750   0.0775509599
 1  7  -0.0352989419   0.0000000000  -0.0000000000  -0.1319157048  -0.0106892959
 1  8  -0.0000000000  -0.0412608549  -0.0000000000  -0.0244725763
 2  1  -0.1634012355   0.0832452914   0.0043441301   0.1372446273   0.1855039282
 2  2   0.0074561903   0.0000000000   0.2636307429   0.3555130225   0.0000000000
 2  3  -0.3417966186  -0.0000000000   0.0315924603  -0.0748173708   0.0000000000
 2  4  -0.0000000000  -0.0968218678   0.0000000000   0.0000000000   0.0253308374
 2  5  -0.0000000000   0.2029818631   0.0038084805   0.0156204987   0.1502834149
 2  6   0.0349507300   0.0625837916  -0.0000000000   0.1368728225  -0.1239411255
 2  7   0.0569129849  -0.0000000000  -0.0000000000  -0.0379214397   0.0579820001
 2  8   0.0000000000  -0.0085888859   0.0000000000   0.0918384778
 3  1   0.0152440503   0.0086304481  -0.0177120748  -0.0286789756  -0.0057826467
 3  2   0.3944616146  -0.2524372828  -0.0000000000   0.0000000000  -0.3104709885
 3  3  -0.0000000000  -0.1822429636   0.0000000000  -0.0000000000  -0.0329690154
 3  4   0.0048210933   0.0000000000   0.0099282238   0.0499373216  -0.0000000000
 3  5   0.2259794218  -0.0000000000  -0.0000000000   0.0000000000   0.0000000000
 3  6  -0.0000000000  -0.0000000000   0.1506321796   0.0000000000  -0.0000000000
 3  7  -0.0000000000  -0.1009651699  -0.0050184349   0.0000000000   0.0000000000
 3  8  -0.0639474031   0.0000000000   0.0939620102  -0.0000000000
 4  1   0.2389986686   0.1191704435  -0.1201530558  -0.2790296816   0.0892035186
 4  2  -0.0151590516   0.0000000000  -0.1997669260  -0.0279697403  -0.0000000000
 4  3  -0.1098214252   0.0000000000   0.0085349197  -0.0056201185   0.0000000000
 4  4  -0.0000000000  -0.0750387039   0.0000000000   0.0000000000   0.0164222768
 4  5   0.0000000000   0.1380028914   0.0370855227  -0.0689346211  -0.2053251516
 4  6  -0.0009316926   0.0136348168  -0.0000000000   0.0619809552  -0.0451291567
 4  7   0.0189281429  -0.0000000000   0.0000000000   0.0006783469  -0.0039603075
 4  8  -0.0000000000   0.0001636344  -0.0000000000  -0.0004265959
 5  1  -0.0696844672   0.0319836580  -0.1152296172   0.0006904721   0.2046301129
 5  2   0.0000375118   0.0000000000  -0.0114973134   0.0122430378   0.0000000000
 5  3  -0.0894768855   0.0000000000  -0.2213007947  -0.3835862592  -0.0000000000
 5  4   0.0000000000   0.1158334869  -0.0000000000   0.0000000000   0.0883633257
 5  5  -0.0000000000  -0.0493101041  -0.1187949353   0.2070646193  -0.0563930821
 5  6   0.0341207771   0.0095048973   0.0000000000   0.0456303174   0.1923607511
 5  7  -0.1023273142   0.0000000000   0.0000000000   0.0053084763   0.0066045289
 5  8   0.0000000000  -0.0000175449   0.0000000000   0.0003802322
 6  1   0.1808867043  -0.1968280688   0.1476660001   0.0461000195   0.1982210312
 6  2   0.1784332413  -0.2914789285   0.0000000000  -0.0000000000   0.0896018642
 6  3  -0.0000000000   0.0570794943  -0.0000000000   0.0000000000   0.0414159740
 6  4   0.0046437844  -0.0000000000  -0.0084871780  -0.0052470950  -0.0000000000
 6  5  -0.1019450244   0.0000000000   0.0000000000  -0.0000000000  -0.0000000000
 6  6   0.0000000000   0.0000000000   0.0057142478   0.0000000000   0.0000000000
 6  7   0.0000000000   0.3583523761   0.0169667270   0.0000000000   0.0000000000
 6  8  -0.0040428164  -0.0000000000   0.0007378938  -0.0000000000
 7  1   0.3079890323  -0.0192929426   0.0834160607  -0.1634921482   0.2415632908
 7  2  -0.1444179240  -0.0901961365  -0.0434673205   0.1635378618   0.2285653515
 7  3  -0.1876030216   0.0822671806   0.1503212011   0.1853656046  -0.0365665980
 7  4  -0.0447175962  -0.1220104839   0.0194335029   0.0907245354  -0.0646113717
 7  5   0.2237183803  -0.2266295153  -0.0379184658   0.0619762408   0.0193915676
 7  6  -0.0103487849  -0.0012027909   0.0252045787  -0.0389536469   0.0224043888
 7  7  -0.0099894884   0.0064530135   0.0002299724   0.0006684713   0.0023191648
 7  8   0.0003662550  -0.0000428093  -0.0001382040   0.0000933961
 8  1  -0.0710979713   0.0982274281  -0.1975238478   0.0286251753   0.1443158018
 8  2  -0.0665942576   0.1882778686  -0.0161513595   0.0089212869   0.0049046569
 8  3  -0.0783214980   0.0370500300  -0.1998098384  -0.3606408121   0.1010939910
 8  4   0.0956698186   0.1147576549  -0.0371767446  -0.1699926301   0.0809002773
 8  5   0.1435427028  -0.0937739110   0.1180026304  -0.2488609560  -0.0087658323
 8  6  -0.0062960507  -0.0279374734   0.0431143371  -0.0796041701  -0.1584482275
 8  7   0.0918151112   0.2254312083   0.0080221862  -0.0050399374  -0.0019959168
 8  8   0.0004253727   0.0000188789   0.0001434350  -0.0001415918
 9  1   0.1825416303  -0.1528906678   0.0943217075   0.0714563113   0.1592485632
 9  2   0.1236963184  -0.1573032472   0.0009040921   0.0007228877   0.0988922622
 9  3   0.0088626942   0.0822841135   0.0231006831   0.0408221351   0.0930634747
 9  4   0.0697148836  -0.0097547372  -0.0340284646  -0.1123561898  -0.0194726087
 9  5   0.0176078837  -0.0593842096   0.1990416188  -0.3988625999   0.0502722741
 9  6   0.0972029046   0.0301442645  -0.0458375534   0.1019486736   0.1656971212
 9  7  -0.0870983108  -0.3483016037  -0.0184817329   0.0041459602  -0.0006420601
 9  8   0.0002398632   0.0002027921  -0.0004575549   0.0000424416
10  1   0.0718647303   0.2105901416   0.0930940681  -0.0354997973   0.0550939923
10  2  -0.0019286237   0.0000000000   0.1017658038  -0.0089660804  -0.0000000000
10  3   0.0551329402  -0.0000000000  -0.0062969793  -0.0315402880  -0.0000000000
10  4   0.0000000000  -0.0080466821   0.0000000000   0.0000000000   0.0177551008
10  5  -0.0000000000   0.0015004574   0.0012546613  -0.0014010594   0.0008886904
10  6  -0.0170961956  -0.0865681642  -0.0000000000   0.0047551768   0.0002410375
10  7   0.0002167870   0.0000000000  -0.0000000000  -0.0004721006  -0.0002074008
10  8  -0.0000000000   0.0000343325   0.0000000000   0.0000318137
11  1  -0.0790809604   0.0371233955  -0.1032405791   0.0143820474   0.2027124298
11  2   0.0007813441   0.0000000000  -0.0008860147  -0.0187014731  -0.0000000000
11  3   0.0281254074   0.0000000000  -0.0591669433   0.0984071774  -0.0000000000
11  4  -0.0000000000  -0.0241972612   0.0000000000  -0.0000000000  -0.1343974726
11  5   0.0000000000   0.0050068983  -0.0058609536   0.0031656286   0.0012887343
11  6  -0.0034745922  -0.0117703397  -0.0000000000   0.0003550923  -0.0012850801
11  7  -0.0012516149   0.0000000000  -0.0000000000  -0.0000535808  -0.0000540857
11  8  -0.0000000000   0.0000072410  -0.0000000000  -0.0000084805
12  1   0.1539864378  -0.0028711489  -0.0712310468   0.1198874992   0.0218879283
12  2   0.0299195883   0.1290987998  -0.0000000000  -0.0000000000  -0.0005820655
12  3   0.0000000000  -0.0000181739   0.0000000000  -0.0000000000  -0.0707997486
12  4   0.0057671956  -0.0000000000  -0.0115850558   0.0074885573  -0.0000000000
12  5  -0.0054777048  -0.0000000000  -0.0000000000   0.0000000000  -0.0000000000
12  6   0.0000000000  -0.0000000000   0.0000036484   0.0000000000   0.0000000000
12  7   0.0000000000   0.0029152230   0.0035819955   0.0000000000  -0.0000000000
12  8   0.0000228425   0.0000000000   0.0000077274  -0.0000000000
13  1  -0.1663545180   0.4422052111   0.1037483778   0.0942879178  -0.1326074394
13  2   0.1414468341   0.0339556079  -0.0693712537  -0.1440930641   0.2979768601
13  3  -0.2737907137  -0.3894977100   0.0286965316   0.2260338846  -0.0130330640
13  4   0.0016819029   0.3803893714  -0.0390694557  -0.0069834058  -0.0148969394
13  5   0.0001208223   0.0015666321  -0.0441265613  -0.0156426921   0.0003379677
13  6   0.0043501178   0.0096938183   0.0000469613  -0.0004395906   0.0071432089
13  7   0.0522091859   0.0014798868  -0.0484150372   0.0000349381   0.0000164761
13  8  -0.0000093973  -0.0000004671   0.0000000307  -0.0000040228
14  1  -0.0914249196  -0.0219761963  -0.0029037988   0.0063427086   0.2605683116
14  2   0.0688905133   0.2316218715  -0.0257196708  -0.0463067947   0.0383718028
14  3   0.0105419172  -0.0466417955   0.4746005186  -0.1081552673   0.0964991805
14  4   0.0677002994   0.0664384486   0.2815529257   0.0374593513   0.0740194825
14  5  -0.0085294436  -0.0019562248   0.3103462524   0.1117322358  -0.0014703811
14  6  -0.0153140923   0.0025334911  -0.0001830213  -0.0016567843  -0.0490730715
14  7  -0.3614822342  -0.0101548920   0.3343915095   0.0003674945   0.0001776076
14  8   0.0000753531  -0.0000462441   0.0000046671  -0.0000097252
15  1   0.1175179983   0.1595226234  -0.2477444087   0.1661155205  -0.1275004011
15  2  -0.0564622821  -0.2099458301  -0.0002211694   0.0005051963  -0.0010372560
15  3  -0.0027861202   0.0064856373  -0.0360818868   0.0075174373   0.0713821047
15  4   0.0417135008  -0.0004306143   0.1791406989   0.0223006226  -0.0085229091
15  5  -0.0052367029  -0.0057664675   0.4916995682   0.1725651468  -0.0023135651
15  6  -0.0517863217   0.0115108750  -0.0002856975   0.0048944777   0.0658625339
15  7   0.4312685872   0.0113695988  -0.5112203501  -0.0000951000  -0.0000023410
15  8  -0.0001200341  -0.0000048681  -0.0000097911  -0.0000012796
16  1  -0.0952681033   0.3020092354   0.3063397824   0.2080284773   0.0209846915
16  2   0.0113017168  -0.0000000000  -0.4113466815   0.1523472131   0.0000000000
16  3   0.1148967248  -0.0000000000  -0.1013699373  -0.0468998906  -0.0000000000
16  4  -0.0000000000  -0.1101517798   0.0000000000   0.0000000000  -0.0092689134
16  5  -0.0000000000  -0.0008012961   0.0387648602   0.0123742667  -0.0000861498
16  6   0.0014056926  -0.0028237134   0.0000000000  -0.0002870595  -0.0076599673
16  7  -0.0527108684   0.0000000000  -0.0000000000   0.0000145817   0.0000040389
16  8   0.0000000000  -0.0000005663   0.0000000000   0.0000007049
17  1  -0.1023962826   0.0498765188  -0.0734924295   0.0483546671   0.1979541227
17  2   0.0026269997   0.0000000000  -0.0747784619  -0.0038943865  -0.0000000000
17  3   0.0698712976  -0.0000000000   0.4897741844  -0.1487902539   0.0000000000
17  4  -0.0000000000  -0.0056195687  -0.0000000000   0.0000000000   0.0731315015
17  5   0.0000000000   0.0060227765  -0.2704793442  -0.0871642055   0.0003643953
17  6  -0.0134101201   0.0042710472  -0.0000000000   0.0030980397   0.0530112072
17  7   0.3650711957  -0.0000000000   0.0000000000  -0.0002223395  -0.0000898932
17  8  -0.0000000000   0.0000165405  -0.0000000000   0.0000044138
18  1   0.1022346615   0.2258153937  -0.3196090497   0.1845451107  -0.1885337758
18  2  -0.0906470000  -0.3710283477  -0.0000000000   0.0000000000   0.0020246416
18  3   0.0000000000  -0.0003211257  -0.0000000000   0.0000000000   0.0178925931
18  4  -0.0050174018  -0.0000000000  -0.0096605693  -0.0043132448  -0.0000000000
18  5   0.0015954383  -0.0000000000   0.0000000000   0.0000000000   0.0000000000
18  6  -0.0000000000  -0.0000000000   0.0001165970  -0.0000000000  -0.0000000000
18  7  -0.0000000000  -0.0125610049   0.4962424709  -0.0000000000   0.0000000000
18  8   0.0000935994   0.0000000000   0.0000065643  -0.0000000000
19  1   0.0718765263   0.1092708910   0.3863699751   0.1818031737   0.1941808611
19  2  -0.1264474294  -0.0339556079  -0.0693712537  -0.1440930641  -0.2979768601
19  3  -0.2737907137   0.3894977100   0.0286965316   0.2260338846   0.0130330640
19  4  -0.0016819029   0.3803893714   0.0390694557   0.0069834058  -0.0148969394
19  5  -0.0001208223   0.0015666321  -0.0441265613  -0.0156426921   0.0003379677
19  6   0.0043501178   0.0096938183  -0.0000469613  -0.0004395906   0.0071432089
19  7   0.0522091859  -0.0014798868   0.0484150372   0.0000349381   0.0000164761
19  8   0.0000093973  -0.0000004671  -0.0000000307  -0.0000040228
20  1  -0.0995065424   0.1141474233  -0.1617665190   0.0701696933   0.1381687768
20  2  -0.0647337675  -0.2316218715  -0.0257196708  -0.0463067947  -0.0383718028
20  3   0.0105419172   0.0466417955   0.4746005186  -0.1081552673  -0.0964991805
20  4  -0.0677002994   0.0664384486  -0.2815529257  -0.0374593513   0.0740194825
20  5   0.0085294436  -0.0019562248   0.3103462524   0.1117322358  -0.0014703811
20  6  -0.0153140923   0.0025334911   0.0001830213  -0.0016567843  -0.0490730715
20  7  -0.3614822342   0.0101548920  -0.3343915095   0.0003674945   0.0001776076
20  8  -0.0000753531  -0.0000462441  -0.0000046671  -0.0000097252
21  1   0.1175179983   0.1595226234  -0.2477444087   0.1661155205  -0.1275004011
21  2  -0.0564622821  -0.2099458301   0.0002211694  -0.0005051963  -0.0010372560
21  3   0.0027861202   0.0064856373   0.0360818868  -0.0075174373   0.0713821047
21  4   0.0417135008   0.0004306143   0.1791406989   0.0223006226   0.0085229091
21  5  -0.0052367029   0.0057664675  -0.4916995682  -0.1725651468   0.0023135651
21  6   0.0517863217  -0.0115108750  -0.0002856975  -0.0048944777  -0.0658625339
21  7  -0.4312685872   0.0113695988  -0.5112203501   0.0000951000   0.0000023410
21  8  -0.0001200341   0.0000048681  -0.0000097911   0.0000012796
22  1   0.0711361246   0.3117153941  -0.1975706062  -0.2505011393  -0.0833345803
22  2   0.1219266048   0.0901961365  -0.0434673205   0.1635378618  -0.2285653515
22  3  -0.1876030216  -0.0822671806   0.1503212011   0.1853656046   0.0365665980
22  4   0.0447175962  -0.1220104839  -0.0194335029  -0.0907245354  -0.0646113717
22  5  -0.2237183803  -0.2266295153  -0.0379184658   0.0619762408   0.0193915676
22  6  -0.0103487849  -0.0012027909  -0.0252045787  -0.0389536469   0.0224043888
22  7  -0.0099894884  -0.0064530135  -0.0002299724   0.0006684713   0.0023191648
22  8  -0.0003662550  -0.0000428093   0.0001382040   0.0000933961
23  1  -0.0630630996  -0.0371087334  -0.0395801285  -0.0348325783   0.2660072707
23  2   0.0662570235  -0.1882778686  -0.0161513595   0.0089212869  -0.0049046569
23  3  -0.0783214980  -0.0370500300  -0.1998098384  -0.3606408121  -0.1010939910
23  4  -0.0956698186   0.1147576549   0.0371767446   0.1699926301   0.0809002773
23  5  -0.1435427028  -0.0937739110   0.1180026304  -0.2488609560  -0.0087658323
23  6  -0.0062960507  -0.0279374734  -0.0431143371  -0.0796041701  -0.1584482275
23  7   0.0918151112  -0.2254312083  -0.0080221862  -0.0050399374  -0.0019959168
23  8  -0.0004253727   0.0000188789  -0.0001434350  -0.0001415918
24  1   0.1825416303  -0.1528906678   0.0943217075   0.0714563113   0.1592485632
24  2   0.1236963184  -0.1573032472  -0.0009040921  -0.0007228877   0.0988922622
24  3  -0.0088626942   0.0822841135  -0.0231006831  -0.0408221351   0.0930634747
24  4   0.0697148836   0.0097547372  -0.0340284646  -0.1123561898   0.0194726087
24  5   0.0176078837   0.0593842096  -0.1990416188   0.3988625999  -0.0502722741
24  6  -0.0972029046  -0.0301442645  -0.0458375534  -0.1019486736  -0.1656971212
24  7   0.0870983108  -0.3483016037  -0.0184817329  -0.0041459602   0.0006420601
24  8   0.0002398632  -0.0002027921  -0.0004575549  -0.0000424416
25  1   0.0588269919   0.2177215843   0.1097289912  -0.0165025848   0.0524331857
25  2  -0.0008965481   0.0000000000   0.1059828734  -0.0408338066  -0.0000000000
25  3   0.0324884978   0.0000000000  -0.0298440596  -0.0913684794  -0.0000000000
25  4  -0.0000000000  -0.0689603371   0.0000000000  -0.0000000000  -0.0832701932
25  5   0.0000000000  -0.0011124245  -0.0192670100  -0.0501379992   0.0035398061
25  6  -0.5481077442   0.7677183134  -0.0000000000  -0.0144176826   0.0199867756
25  7  -0.0464769643   0.0000000000  -0.0000000000   0.0018093281   0.0008049569
25  8   0.0000000000  -0.0001224163   0.0000000000  -0.0000750124
26  1   0.0165255954  -0.0151719225  -0.2252255168  -0.1249257060   0.2222242917
26  2  -0.0067869311   0.0000000000  -0.0187759014   0.2088068104   0.0000000000
26  3   0.2385678917  -0.0000000000  -0.1225892576   0.4099697339  -0.0000000000
26  4   0.0000000000   0.4283839861  -0.0000000000   0.0000000000   0.6552333398
26  5  -0.0000000000   0.0210994887  -0.0033371462  -0.0097068621  -0.0029270087
26  6  -0.0713535551   0.1037939298  -0.0000000000  -0.0003445318   0.0043582668
26  7  -0.0045013612   0.0000000000  -0.0000000000   0.0001383827   0.0000553412
26  8   0.0000000000  -0.0000216722   0.0000000000   0.0000181701
27  1   0.3238988752  -0.2281308426   0.1157556380   0.1888324653   0.2440847820
27  2  -0.1750943369   0.0926056837   0.0000000000  -0.0000000000  -0.1522414966
27  3  -0.0000000000  -0.4847731221  -0.0000000000   0.0000000000   0.3275112563
27  4  -0.1178559424  -0.0000000000  -0.0552469515   0.0008310298  -0.0000000000
27  5  -0.0145893758  -0.0000000000   0.0000000000   0.0000000000   0.0000000000
27  6  -0.0000000000  -0.0000000000  -0.0000313870   0.0000000000  -0.0000000000
27  7  -0.0000000000  -0.0076066722  -0.0098270581   0.0000000000   0.0000000000
27  8   0.0000698477   0.0000000000  -0.0000163494   0.0000000000
28  1   0.0845348352   0.2036597887   0.0769282106  -0.0539613331   0.0576797704
28  2  -0.0029315972   0.0000000000   0.0977087507   0.0117038104   0.0000000000
28  3   0.0948060207  -0.0000000000   0.0254283553  -0.0346933245   0.0000000000
28  4   0.0000000000   0.0467370287  -0.0000000000  -0.0000000000  -0.0903942626
28  5   0.0000000000   0.0158158783   0.0205104690   0.0558382453  -0.0230530647
28  6   0.7967564511   0.4883742537   0.0000000000  -0.0513547237  -0.0237128958
28  7   0.0461995820  -0.0000000000  -0.0000000000   0.0039360900   0.0016951401
28  8   0.0000000000  -0.0004304887  -0.0000000000  -0.0004635247
29  1  -0.1751827148   0.0896895797   0.0193761853   0.1544113520   0.1830995052
29  2   0.0083888196  -0.0000000000   0.0318065492  -0.2178816948  -0.0000000000
29  3  -0.1506907996   0.0000000000  -0.1230627097   0.1898849863  -0.0000000000
29  4  -0.0000000000  -0.5504846379   0.0000000000   0.0000000000   0.6883797921
29  5  -0.0000000000  -0.0396109381  -0.0052727158   0.0112579671  -0.0009486157
29  6   0.1012209787   0.0590536208   0.0000000000  -0.0089415368  -0.0023987764
29  7   0.0086251919  -0.0000000000  -0.0000000000   0.0019007319   0.0009945155
29  8   0.0000000000  -0.0000109880   0.0000000000   0.0000854130
30  1  -0.0168324266   0.2239992426  -0.2597043539   0.0507935950  -0.2018589992
30  2   0.2355595897   0.2847912545  -0.0000000000  -0.0000000000   0.0886262522
30  3  -0.0000000000   0.3756579089  -0.0000000000   0.0000000000   0.3133291625
30  4  -0.1924487803  -0.0000000000  -0.0383627131   0.0384997179  -0.0000000000
30  5   0.0283718750   0.0000000000  -0.0000000000  -0.0000000000  -0.0000000000
30  6   0.0000000000   0.0000000000  -0.0001270115  -0.0000000000  -0.0000000000
30  7  -0.0000000000  -0.0084403966  -0.0100691326   0.0000000000   0.0000000000
30  8  -0.0010154377  -0.0000000000  -0.0000355549   0.0000000000
31  1   0.2124755539   0.2071176196  -0.2989122896  -0.3979136536  -0.0170287457
31  2   0.0772008267   0.0610981424  -0.3705406273  -0.2404918584  -0.2187459901
31  3   0.0604810122  -0.1233432653  -0.1654958179  -0.2444797763   0.0656194497
31  4   0.1230671463   0.0976339599  -0.0975950854   0.1605824832   0.0717960742
31  5   0.3780111018  -0.1197017961  -0.1476435007   0.2944495437   0.6131140011
31  6   0.0588196310   0.1324816186  -0.6202819546   0.3777012913  -0.4000930020
31  7   0.1920616729   0.4357964992   0.0239815940   0.5346874007  -0.0368631017
31  8  -0.3628316970   0.0840916378   0.1141838148  -0.0699599666
32  1  -0.1700954305   0.0391725612   0.0742006029   0.1281332735   0.2279023367
32  2   0.0566486406  -0.1397962961   0.2893641073   0.3869946298  -0.0461122812
32  3  -0.3741310524  -0.1269804424   0.0574333727  -0.0407870649  -0.4189769266
32  4  -0.4651257923  -0.1319970256   0.4297622189  -0.4446875391   0.0247415471
32  5   0.1484985502   0.3150110868   0.0553543605  -0.0788086563   0.0549589826
32  6   0.0062949157  -0.0226040553  -0.2251069676  -0.1188307192   0.1415670527
32  7  -0.0682080444   0.1671899804   0.0071115108   0.0319581635  -0.5363638882
32  8   0.2887428661   0.3030991471   0.3901573173  -0.2198974617
33  1   0.0000000000  -0.0000000000  -0.0000000000  -0.0502967661   0.0000000000
33  2   0.4458265473  -0.3327539115  -0.0004697785  -0.0007790794  -0.3844917214
33  3  -0.0010719336  -0.2907227516  -0.0006421835  -0.0005072022  -0.2964453252
33  4  -0.2776422237  -0.0019935521   0.2740403797  -0.2109104594   0.0010799639
33  5   0.4000455943   0.0164469652   0.0054540314  -0.0108932135  -0.0205868256
33  6  -0.0100316829  -0.0257530271  -0.1328364694  -0.0702160153   0.0711300657
33  7  -0.0328384822   0.1182692791   0.0057477761   0.1618471011  -0.3856725725
33  8   0.0742935286  -0.4709367240  -0.5745709279   0.3536912517
34  1   0.2175393265   0.1309083741  -0.0927729616  -0.2477613998   0.0848239893
34  2  -0.0134603166   0.0000000000  -0.1399365796   0.0472797839   0.0000000000
34  3  -0.1896447825   0.0000000000   0.0558508310   0.0358896022   0.0000000000
34  4  -0.0000000000  -0.1460516279   0.0000000000   0.0000000000   0.0216242936
34  5   0.0000000000   0.5712800231   0.2164339765  -0.3851952726   0.1082408305
34  6  -0.1037697866  -0.2927510343   0.0000000000  -0.7193715646   0.6195339114
34  7  -0.2759388855   0.0000000000  -0.0000000000   0.4784727139   0.2620992525
34  8   0.0000000000   0.3203436423   0.0000000000   0.4432854712
35  1  -0.1954905872   0.1007976740   0.0452871129   0.1840018341   0.1789549735
35  2   0.0099964036  -0.0000000000   0.3558991372   0.4712703692   0.0000000000
35  3  -0.4400690787  -0.0000000000   0.1163177436   0.0304804561   0.0000000000
35  4  -0.0000000000  -0.1882056494   0.0000000000  -0.0000000000   0.0040476770
35  5   0.0000000000   0.4786902049   0.1493500671  -0.2615259792  -0.0362808989
35  6  -0.0554184749  -0.1376221198   0.0000000000  -0.3001761025   0.2486659091
35  7  -0.1088717778   0.0000000000  -0.0000000000   0.3547866197   0.2284019271
35  8   0.0000000000  -0.5041424543  -0.0000000000  -0.6616423328
36  1  -0.0450354452   0.1389806431  -0.1443611927  -0.0261506833  -0.1295854894
36  2   0.4095334557  -0.0699175727   0.0000000000   0.0000000000  -0.4053438140
36  3  -0.0000000000  -0.1342249974  -0.0000000000   0.0000000000   0.4258883080
36  4   0.5358612750  -0.0000000000  -0.4741579948   0.5970627509  -0.0000000000
36  5   0.3813128287  -0.0000000000  -0.0000000000   0.0000000000   0.0000000000
36  6   0.0000000000  -0.0000000000  -0.2488973218   0.0000000000   0.0000000000
36  7   0.0000000000   0.2292551259   0.0086173280  -0.0000000000  -0.0000000000
36  8   0.7448590011   0.0000000000   0.0196275848  -0.0000000000
37  1   0.3851640463  -0.0342192136  -0.0940460527  -0.3344757517   0.2198529718
37  2  -0.1169898869  -0.0610981424  -0.3705406273  -0.2404918584   0.2187459901
37  3   0.0604810122   0.1233432653  -0.1654958179  -0.2444797763  -0.0656194497
37  4  -0.1230671463   0.0976339599   0.0975950854  -0.1605824832   0.0717960742
37  5  -0.3780111018  -0.1197017961  -0.1476435007   0.2944495437   0.6131140011
37  6   0.0588196310   0.1324816186   0.6202819546   0.3777012913  -0.4000930020
37  7   0.1920616729  -0.4357964992  -0.0239815940   0.5346874007  -0.0368631017
37  8   0.3628316970   0.0840916378  -0.1141838148  -0.0699599666
38  1  -0.1759536228   0.1378456066  -0.0409555209   0.1744000637   0.1391775813
38  2  -0.0402126885   0.1397962961   0.2893641073   0.3869946298   0.0461122812
38  3  -0.3741310524   0.1269804424   0.0574333727  -0.0407870649   0.4189769266
38  4   0.4651257923  -0.1319970256  -0.4297622189   0.4446875391   0.0247415471
38  5  -0.1484985502   0.3150110868   0.0553543605  -0.0788086563   0.0549589826
38  6   0.0062949157  -0.0226040553   0.2251069676  -0.1188307192   0.1415670527
38  7  -0.0682080444  -0.1671899804  -0.0071115108   0.0319581635  -0.5363638882
38  8  -0.2887428661   0.3030991471  -0.3901573173  -0.2198974617
39  1   0.0000000000   0.0000000000   0.0000000000  -0.0502967661   0.0000000000
39  2   0.4458265473  -0.3327539115   0.0004697785   0.0007790794  -0.3844917214
39  3   0.0010719336  -0.2907227516   0.0006421835   0.0005072022  -0.2964453252
39  4  -0.2776422237   0.0019935521   0.2740403797  -0.2109104594  -0.0010799639
39  5   0.4000455943  -0.0164469652  -0.0054540314   0.0108932135   0.0205868256
39  6   0.0100316829   0.0257530271  -0.1328364694   0.0702160153  -0.0711300657
39  7   0.0328384822   0.1182692791   0.0057477761  -0.1618471011   0.3856725725
39  8   0.0742935286   0.4709367240  -0.5745709279  -0.3536912517
$end
