$coord
   -0.91745275400923     -0.64280779741585     -0.04212082936464  c
    1.66976401343251     -1.05219464104752      0.36119820894189  c
    2.62784188909384     -3.48925139383404      0.28785294330146  c
    1.08464773406477     -5.56097979637121     -0.18886932342875  c
   -1.47532551851618     -5.15303655681349     -0.61095044001867  c
   -2.46581914466492     -2.73115337470375     -0.54644678250727  c
   -2.00801161721622      1.62894629935004     -0.00165702787758  o
   -0.28267229210836      4.23364889346386      1.29835738906962  s
    2.87967565907781      0.56824252312944      0.66680747632520  h
    4.63654231749873     -3.77135724422773      0.59516286275130  h
    1.86349242161965     -7.45519488210387     -0.24214369612875  h
   -2.72013729852352     -6.73979011140618     -0.98734080160280  h
   -4.46134341346927     -2.39650764600107     -0.86599291010298  h
    1.87273723341364      4.85017738295388     -0.54399793123094  o
$user-defined bonds
$redundant
     number_of_atoms            14
     degrees_of_freedom         36
     internal_coordinates       36
     frozen_coordinates          0
# definitions of redundant internals
   1 k  1.0000000000000 stre   2    9           val=   2.04526
   2 k -0.7070944803222 bend   1    9    2      val=   1.56027
        0.7071190818369 bend   3    9    2
   3 k  1.0000000000000 outp   9    3    1    2 val=   1.63715
   4 k  1.0000000000000 stre   3   10           val=   2.05156
   5 k -0.7070838343802 bend   2   10    3      val=   0.40095
        0.7071297272483 bend   4   10    3
   6 k  1.0000000000000 outp  10    4    2    3 val=   0.48591
   7 k  1.0000000000000 stre   4   11           val=   2.04878
   8 k -0.7071027285286 bend   5   11    4      val=   0.02035
        0.7071108338213 bend   3   11    4
   9 k  1.0000000000000 outp  11    3    5    4 val=  -0.32656
  10 k  1.0000000000000 stre   5   12           val=   2.05159
  11 k -0.7071061163504 bend   4   12    5      val=  -0.33621
        0.7071074460220 bend   6   12    5
  12 k  1.0000000000000 outp  12    6    4    5 val=  -0.23174
  13 k  1.0000000000000 stre   6   13           val=   2.04847
  14 k -0.7070944298841 bend   5   13    6      val=  -1.49694
        0.7071191322732 bend   1   13    6
  15 k  1.0000000000000 outp  13    1    5    6 val=  -0.51108
  16 k  1.0000000000000 tors  14    8    7    1 val=  70.24604
  17 k  1.0000000000000 stre   8   14           val=   2.90175
  18 k  1.0000000000000 bend   7   14    8      val= 107.35828
  19 k  0.7071067811865 tors   8    7    1    2 val=  76.15195
        0.7071067811865 tors   8    7    1    6
  20 k  1.0000000000000 stre   7    8           val=   3.38398
  21 k  1.0000000000000 bend   1    8    7      val= 118.64363
  22 k  1.0000000000000 stre   1    7           val=   2.52028
  23 k  0.7071076719929 bend   2    7    1      val=   3.27875
       -0.7071058903791 bend   6    7    1
  24 k  1.0000000000000 outp   7    6    2    1 val=  -0.58091
  25 k  1.0000000000000 stre   1    2           val=   2.65027
  26 k  1.0000000000000 stre   2    3           val=   2.61964
  27 k  1.0000000000000 stre   3    4           val=   2.62693
  28 k  1.0000000000000 stre   4    5           val=   2.62641
  29 k  1.0000000000000 stre   5    6           val=   2.61739
  30 k  1.0000000000000 stre   6    1           val=   2.64820
  31 k -0.2886751345948 bend   1    3    2      val=  -1.05360
       -0.2886751345948 bend   2    4    3
        0.5773502691896 bend   3    5    4
       -0.2886751345948 bend   4    6    5
       -0.2886751345948 bend   5    1    6
        0.5773502691896 bend   6    2    1
  32 k  0.5000000000000 bend   1    3    2      val=  -0.53214
       -0.5000000000000 bend   2    4    3
        0.5000000000000 bend   4    6    5
       -0.5000000000000 bend   5    1    6
  33 k -0.4082482904639 bend   1    3    2      val=   0.24043
        0.4082482904639 bend   2    4    3
       -0.4082482904639 bend   3    5    4
        0.4082482904639 bend   4    6    5
       -0.4082482904639 bend   5    1    6
        0.4082482904639 bend   6    2    1
  34 k -0.2886751345948 tors   2    3    4    5 val=  -0.03217
       -0.2886751345948 tors   3    4    5    6
        0.5773502691896 tors   4    5    6    1
       -0.2886751345948 tors   5    6    1    2
       -0.2886751345948 tors   6    1    2    3
        0.5773502691896 tors   1    2    3    4
  35 k  0.5000000000000 tors   2    3    4    5 val=   0.58528
       -0.5000000000000 tors   3    4    5    6
        0.5000000000000 tors   5    6    1    2
       -0.5000000000000 tors   6    1    2    3
  36 k -0.4082482904639 tors   2    3    4    5 val=   0.30096
        0.4082482904639 tors   3    4    5    6
       -0.4082482904639 tors   4    5    6    1
        0.4082482904639 tors   5    6    1    2
       -0.4082482904639 tors   6    1    2    3
        0.4082482904639 tors   1    2    3    4
        36 non zero eigenvalues  of BmBt
           1           9.792287527    1    0
         1
           2           4.836253959    2    0
         2
           3           4.401642402    3    0
         3
           4           4.282245531    4    0
         4
           5           4.031548245    5    0
         5
           6           3.563363097    6    0
         6
           7           3.432790827    7    0
         7
           8           3.273916435    8    0
         8
           9           3.003972360    9    0
         9
          10           2.661650167   10    0
        10
          11           2.414427644   11    0
        11
          12           2.150230883   12    0
        12
          13           1.916286105   13    0
        13
          14           1.805880813   14    0
        14
          15           1.721293628   15    0
        15
          16           1.543955587   16    0
        16
          17           1.443119155   17    0
        17
          18           1.196640045   18    0
        18
          19           0.848667587   19    0
        19
          20           0.679359892   20    0
        20
          21           0.548736299   21    0
        21
          22           0.444698996   22    0
        22
          23           0.365543147   23    0
        23
          24           0.353768429   24    0
        24
          25           0.317785048   25    0
        25
          26           0.312686805   26    0
        26
          27           0.281804192   27    0
        27
          28           0.261936399   28    0
        28
          29           0.235767633   29    0
        29
          30           0.210380439   30    0
        30
          31           0.128774415   31    0
        31
          32           0.118977091   32    0
        32
          33           0.095826926   33    0
        33
          34           0.067732936   34    0
        34
          35           0.043622383   35    0
        35
          36           0.016181637   36    0
        36
$end
