$dipgrad          cartesian dipole gradients
  0.15595497099002D+00  -.10403822564616D+01  -.13608286406374D+00
  -.27226705596900D+00  0.16630303022153D+01  0.16990336365255D+00
  0.11910655597097D-01  -.12650547938117D+00  0.59259210568293D-01
  -.14623013446638D+00  0.58960385261747D+00  0.62425654598844D-01
  -.87563255330711D-02  -.85379767642104D-01  0.11825993147633D-02
  -.46210338695468D-01  0.12245189887193D+00  -.90826354793037D-01
  0.20621596581755D+00  0.73378633962198D-01  0.51939600069514D-01
  0.99805202174325D-01  0.25631462195933D+00  0.50684458086580D-01
  0.26349094134633D-01  -.31401545105687D-02  -.10615667679633D+00
  -.11365742358511D+00  0.11259293838996D+00  0.19977265727607D-01
  -.39014395844070D-01  -.15244122561386D+00  -.13041562796626D-01
  0.13340768416585D-01  0.30776538876766D-01  -.18748131587900D+00
  0.24904967162531D+00  -.10413387259579D-01  0.56095246226613D-01
  -.12691939368164D+00  0.30268911884630D-01  0.54131424602686D-02
  0.11216436011065D+00  0.10791903340491D+00  -.16246960594884D+00
  0.94947053438153D-01  -.87147108607085D-01  0.44026654276299D-01
  0.64451201661964D-01  -.44058407167245D+00  -.29551859423043D-01
  0.13751957438568D+00  -.73497802083472D-02  -.20067411468531D+00
  -.61923630139773D+00  0.96197926671144D-01  -.30061916107589D-01
  -.10698905337629D+00  -.24000217075696D+01  -.29324218497369D+00
  -.14131822497590D+00  -.31059718643961D+00  -.39539610275011D+00
  0.43296077102827D+00  0.92763831943233D+00  -.25748784699129D+00
  0.49426739063341D+00  0.87872824596725D+00  0.99408293635008D-01
  -.36996700822161D+00  -.65049440458546D-01  0.26176185857925D+00
  0.53571497298663D-01  -.49563005674272D-01  -.21282337047847D-01
  -.45992860757600D-01  0.12772426066498D+00  -.10768086189454D-02
  -.15576547801642D-01  -.27961715403031D-01  0.11691923298336D+00
  -.15520957691158D+00  0.69775421921844D-01  -.41306577990870D-01
  0.41398664201203D-01  0.50101582493354D-01  -.30703056954136D-02
  -.47437770473230D-01  -.10962596519039D-01  0.12091783445009D+00
  0.29771799610970D-01  0.10167435768347D+00  -.12274273563667D-01
  0.87478437058127D-01  -.16461461063173D+00  -.17724937732540D-01
  -.14651234650207D-01  -.15845021450650D-01  0.14841222145350D+00
  -.18009558515539D-01  -.11254692934197D+00  -.38343240878689D-01
  -.12097472480681D+00  -.12317394716903D+00  -.48454612193313D-01
  -.35083238846965D-01  -.23543494021576D-01  0.12115075726976D+00
  -.10785988660989D+00  0.23976592762101D-01  -.41642089651902D-01
  0.34442236405858D-01  0.59163743752555D-01  0.91346997304926D-03
  -.28681501307584D-01  -.19813828290130D-02  0.12763283897559D+00
  -.10622688483241D+01  -.69478535609599D+00  0.34401672539672D+00
  -.10092932216642D+00  -.69911633863925D+00  0.78656944311359D-01
  0.39764141232798D+00  0.33178878006763D+00  -.81304978342865D+00
$end
