$energy      SCF               SCFKIN            SCFPOT
     1 -779.7549964265      774.4725480050     -1554.227544432
     2 -779.7897377885      774.8270554538     -1554.616793242
     3 -779.8334305957      775.4153033140     -1555.248733910
     4 -779.8673187877      776.2303767578     -1556.097695545
     5 -779.8742021406      776.8299563113     -1556.704158452
     6 -779.8752975905      776.7114948152     -1556.586792406
     7 -779.8755072446      776.5939112554     -1556.469418500
     8 -779.8762652316      776.6734395678     -1556.549704799
     9 -779.8767736478      776.7165039318     -1556.593277580
    10 -779.8774112388      776.7340259900     -1556.611437229
    11 -779.8781450454      776.7270702173     -1556.605215263
    12 -779.8790381316      776.7028323939     -1556.581870526
    13 -779.8797889294      776.6746265888     -1556.554415518
    14 -779.8803466614      776.6593233979     -1556.539670059
    15 -779.8805351211      776.6717882385     -1556.552323360
    16 -779.8806376180      776.6961237603     -1556.576761378
    17 -779.8806897632      776.7011687343     -1556.581858497
    18 -779.8807159285      776.7014186615     -1556.582134590
    19 -779.8807293852      776.6991067165     -1556.579836102
    20 -779.8807386478      776.6936196780     -1556.574358326
    21 -779.8807426372      776.6933562004     -1556.574098838
    22 -779.8807444638      776.6947423435     -1556.575486807
    23 -779.8807454377      776.6955615003     -1556.576306938
    24 -779.8807456976      776.6957161322     -1556.576461830
    25 -779.8807458538      776.6955149752     -1556.576260829
    26 -779.8807458535      776.6953327052     -1556.576078559
    27 -779.8807453152      776.6960936394     -1556.576838955
    28 -779.8807453568      776.6963417568     -1556.577087114
    29 -779.8807453791      776.6964062665     -1556.577151646
    30 -779.8807453864      776.6963856190     -1556.577131005
    31 -779.8807453862      776.6963745412     -1556.577119927
    32 -779.8807453884      776.6963476725     -1556.577093061
    33 -779.8807453878      776.6963539210     -1556.577099309
    34 -779.8802853138      776.6970923924     -1556.577377706
    35 -779.8802853935      776.6963512583     -1556.576636652
    36 -779.8802853997      776.6962574339     -1556.576542834
$end
