$grad          cartesian gradients
  cycle =      1    SCF energy =     -779.7549964265   |dE/dxyz| =  0.198174
   -0.77910249075058     -0.55518391559942      0.92057620904171      c
    1.86036698721184     -0.98630714443655      1.42479096616238      c
    2.72604281118966     -3.47109440632251      0.70241757545850      c
    1.04983036946989     -5.57248795377629     -0.65510971162075      c
   -1.56447541430889     -5.13684076302149     -1.12131395696261      c
   -2.45277415520492     -2.67770177924656     -0.27639495506377      c
   -1.92959350499506      1.68134350358341      1.46293802562574      o
    0.09372447250843      4.66104733845097      0.30594162409158      s
    3.20735629341598      0.63996597233525      2.28780292768824      h
    4.78144894173608     -3.75542516588495      1.12441529748970      h
    1.75930134131427     -7.49946569751584     -1.37176503157558      h
   -2.92523150481291     -6.74258607378471     -2.19742865468113      h
   -4.48703334558390     -2.32729410912212     -0.65516224340553      h
    0.96407842850342      4.03077184931324     -2.77184893412138      o
  0.35375259365802D-01  0.17350086066532D-01  0.15709834259645D-01
  0.44976442262623D-02  0.27828522874048D-01  0.13582547998447D-01
  0.28116921261294D-01  0.17191805006020D-01  0.20580809464648D-01
  -.23773817346308D-01  -.24630574615292D-01  -.17519712359238D-01
  -.66350195988065D-02  -.21262021416701D-01  -.12219596860097D-01
  -.23867050487812D-01  -.94755064142107D-02  -.28454873409172D-02
  -.25304964363151D-01  0.17657985473658D-01  0.17102837682207D-01
  -.13284211273589D-01  0.39050806675656D-01  0.84381260453725D-01
  0.38265537659007D-01  0.44947298346700D-01  0.24521551248353D-01
  0.21744623059700D-01  0.98761969175774D-02  0.10212561477642D-01
  -.26209589715265D-02  -.36711798875827D-01  -.18721106696230D-01
  -.40520029544695D-01  -.51707292109186D-01  -.34270964508991D-01
  -.17878188992911D-01  -.94729260765570D-02  -.77476232874044D-02
  0.25884255008579D-01  -.20642581846158D-01  -.92766911523469D-01
  cycle =      2    SCF energy =     -779.7897377885   |dE/dxyz| =  0.179750
   -0.78974168955140     -0.57523336283096      0.88823424912569      c
    1.82811512644993     -1.03698889623138      1.37824518901618      c
    2.71203671641851     -3.49361359748413      0.68624170679044      c
    1.06544618755102     -5.54908836584786     -0.62938272220287      c
   -1.52732615585511     -5.08344794002319     -1.08803146552182      c
   -2.43944020660506     -2.65307791224003     -0.28041041290120      c
   -1.92245068677135      1.64584537019702      1.44088257915978      o
    0.08195251777878      4.62538091870099      0.30686412970374      s
    3.15376893021175      0.56079494601875      2.21596599588293      h
    4.75225480507312     -3.78952616870854      1.10527685820157      h
    1.77506819473433     -7.46040815923670     -1.31311931807193      h
   -2.85954059694276     -6.65482163642612     -2.14329224612126      h
   -4.45921052497661     -2.29165200869491     -0.66421843202760      h
    0.93300661217816      4.04457846777950     -2.72339697290655      o
  0.33997912787822D-01  0.19377628745689D-01  0.14894211946067D-01
  0.30331319732291D-03  0.20574270368800D-01  0.97767321911855D-02
  0.27581049106960D-01  0.20473943843561D-01  0.21146784904525D-01
  -.25176922076362D-01  -.25618638408911D-01  -.18560298209773D-01
  -.11441616682824D-02  -.13495251358267D-01  -.68353672733888D-02
  -.23822943103993D-01  -.10534375920550D-01  -.37464245747252D-02
  -.21536513002342D-01  0.10285781162397D-01  0.15091123748035D-01
  -.12175268973703D-01  0.34990739754413D-01  0.77483938166379D-01
  0.33418025661950D-01  0.38902932206572D-01  0.20788876643839D-01
  0.17754332471675D-01  0.86246301622149D-02  0.86341889593501D-02
  -.25424336415563D-02  -.31194166138520D-01  -.15600619483684D-01
  -.36085996986708D-01  -.46320832556925D-01  -.30937176955821D-01
  -.14453288294473D-01  -.82828914668155D-02  -.65925734774751D-02
  0.23882894522116D-01  -.17783770392839D-01  -.85543396588157D-01
  cycle =      3    SCF energy =     -779.8334305957   |dE/dxyz| =  0.140539
   -0.81183395821126     -0.60484997037084      0.83728753954583      c
    1.77902351367526     -1.11115939848110      1.30934171951248      c
    2.68638907597514     -3.52674003171238      0.65849163005532      c
    1.09132492747594     -5.50513565907526     -0.59038526269533      c
   -1.47236747731306     -5.00425037321733     -1.03925714597567      c
   -2.41774846660074     -2.61508803730149     -0.28677601818921      c
   -1.91736555591306      1.59692636519599      1.40238360282509      o
    0.07438107260375      4.56433517799554      0.30578508972780      s
    3.06971079748031      0.44522804939964      2.11663344823392      h
    4.70854808941142     -3.83424891361232      1.06628662211105      h
    1.80091015686158     -7.39228569218220     -1.23368338810347      h
   -2.76352369713297     -6.52979693668367     -2.04763862024880      h
   -4.41866506889374     -2.24173089820469     -0.68109486519778      h
    0.89515582027474      4.04753797322256     -2.63751521347412      o
  0.27078460369644D-01  0.18772744400358D-01  0.11250158414170D-01
  -.26335576392942D-02  0.91335818198006D-02  0.44359958508853D-02
  0.20949652903342D-01  0.20908905504417D-01  0.18893459395329D-01
  -.22894697295469D-01  -.20976681163209D-01  -.16224949130309D-01
  0.52240523199849D-02  -.27513088663556D-02  -.66079976829103D-03
  -.18591252395821D-01  -.94130222244342D-02  -.27931961289219D-02
  -.16110788453043D-01  -.69340279288987D-03  0.11846673184754D-01
  -.86949032794914D-02  0.27954507871403D-01  0.60591471662219D-01
  0.24926320398231D-01  0.28597047751945D-01  0.14937665786467D-01
  0.12067404945195D-01  0.68742769949448D-02  0.61589945992508D-02
  -.26330018280041D-02  -.22340299036927D-01  -.11217621636834D-01
  -.28081421755710D-01  -.36529671879087D-01  -.24084129323572D-01
  -.97166193402547D-02  -.65209995605472D-02  -.50352194896393D-02
  0.19110351046553D-01  -.13015678810930D-01  -.68098503418584D-01
  cycle =      4    SCF energy =     -779.8673187877   |dE/dxyz| =  0.062521
   -0.84168159542115     -0.63883134900159      0.76468173601245      c
    1.72110107030283     -1.19770818347927      1.21909452325016      c
    2.65450404096664     -3.57345010823841      0.61759461995066      c
    1.12602591311068     -5.45350373185547     -0.53834904492349      c
   -1.40956949857924     -4.91618761328109     -0.98167815826700      c
   -2.39074152295469     -2.56813281092926     -0.30225201070431      c
   -1.90949644359352      1.55322969224666      1.34429210970293      o
    0.06320436018489      4.49160585329452      0.31178510352258      s
    2.96479297283581      0.30615028259468      1.99106156481311      h
    4.65570424229780     -3.90133559974085      1.00872989000335      h
    1.84205712000566     -7.31168245459540     -1.12262044051405      h
   -2.64608852637062     -6.38121512028201     -1.91852630197168      h
   -4.36968012695851     -2.17585342154291     -0.70642446759613      h
    0.84380722386673      4.05565621978282     -2.50752998515147      o
  0.10145868472637D-01  0.87536027186133D-02  0.16149915663073D-02
  -.20313898564062D-02  -.19794034820837D-02  -.58588470492005D-04
  0.32447670944622D-02  0.85470942008197D-02  0.82291208400012D-02
  -.82981981137284D-02  -.43158990913996D-02  -.56963187997727D-02
  0.71341829247014D-02  0.57681408253778D-02  0.30064544581483D-02
  -.51317110892004D-02  -.14564320914481D-02  0.24724394411666D-02
  -.95161359572007D-02  -.11021420131175D-01  0.81580393565641D-02
  -.50110022373806D-03  0.16895961983547D-01  0.23195491948716D-01
  0.11477864146469D-01  0.12393772925139D-01  0.62372557024562D-02
  0.49437124540990D-02  0.41857615829692D-02  0.28697571171012D-02
  -.25411659113453D-02  -.98150772970614D-02  -.53453048582053D-02
  -.13725503055551D-01  -.18778550608924D-01  -.12059352343709D-01
  -.39071383850739D-02  -.38783228638457D-02  -.29188264647602D-02
  0.87059475023077D-02  -.52992286587639D-02  -.29705159491796D-01
  cycle =      5    SCF energy =     -779.8742021406   |dE/dxyz| =  0.035903
   -0.86558428100729     -0.66007737714431      0.69284848463459      c
    1.68290444902342     -1.23760924310811      1.14219279649140      c
    2.64554146335174     -3.59135818070851      0.56175578429744      c
    1.14652876794439     -5.42344746383044     -0.50191816776136      c
   -1.38122401586006     -4.87949702242175     -0.93669730067870      c
   -2.37989522247144     -2.53930881502887     -0.33691570707523      c
   -1.88429396029628      1.57884876337163      1.22146366330966      o
    0.06195817522018      4.40033185909698      0.36696246038913      s
    2.85456351551048      0.22580579470341      1.93887269506131      h
    4.63017570399984     -3.95565286776963      0.92735215470266      h
    1.89941944802416     -7.25171505325462     -1.02651844688107      h
   -2.57288151107415     -6.29725121670535     -1.79221338254382      h
   -4.34592613001292     -2.11016662888160     -0.71190579481636      h
    0.81265282734125      4.02983910665357     -2.36542010100255      o
  -.86273875298746D-02  -.75768114975858D-02  -.46705962392251D-02
  0.32380731696930D-02  -.11738823050413D-02  -.88491707282423D-03
  -.10072231914914D-01  -.92641010123256D-02  -.48927730478048D-02
  0.82807701550798D-02  0.10583573164706D-01  0.56273594996059D-02
  -.38923231333809D-03  0.70411079041488D-03  -.55224392867270D-03
  0.64623664782266D-02  0.62059479880854D-02  0.43539459614732D-02
  -.12076120946123D-02  -.54118753271788D-02  0.31633161595828D-02
  0.65333196916342D-02  0.51720966236708D-02  -.16143361087898D-01
  -.25476656370786D-02  -.32456120667814D-02  -.19134437831037D-03
  -.51653884694414D-03  0.96570007725094D-03  0.54065805366821D-04
  -.13155054016933D-02  0.10276038639534D-02  -.47849748252382D-03
  0.33640218788316D-02  0.25162028991208D-02  0.12838573462501D-02
  0.39342317637026D-03  -.46865380219954D-03  0.12701182000513D-03
  -.35958008099213D-02  -.34299399315429D-04  0.13204176647783D-01
  cycle =      6    SCF energy =     -779.8752975905   |dE/dxyz| =  0.012513
   -0.84623583105269     -0.65682631047543      0.67514891481934      c
    1.70162193277210     -1.22657688212469      1.11845910777759      c
    2.64848082552287     -3.60645363619181      0.59648443436240      c
    1.13074189872510     -5.45805421306587     -0.47114775598793      c
   -1.39367868736518     -4.90260620019853     -0.93581719225535      c
   -2.37742582136119     -2.54625817653210     -0.36150906066731      c
   -1.87272381126075      1.58332135155579      1.20640363889580      o
    0.01258345344778      4.40444867049460      0.45335980877351      s
    2.90839370384582      0.29482794997130      1.75738559388896      h
    4.62598803135009     -3.99365530902520      0.97942099887788      h
    1.89575181663747     -7.28699197665612     -0.98320177801647      h
   -2.58822950199358     -6.31251618746300     -1.81661927863268      h
   -4.34141089206235     -2.10136787530020     -0.73452713223013      h
    0.80008211248782      4.09745044998367     -2.30398116147851      o
  -.33714604146233D-02  -.22466055631440D-02  -.16131679430864D-02
  0.16485947522682D-03  -.78054095764379D-03  0.24341213123460D-02
  -.20891273105779D-02  -.29333281205135D-02  0.92766693621815D-03
  0.27566082952446D-02  0.23089944300123D-02  -.15607117814120D-04
  -.16149724740018D-02  -.32225355437276D-03  0.30974708152320D-03
  0.19141348799581D-02  0.13779468881183D-02  -.57109113091802D-03
  0.15202420375697D-02  -.19831179549694D-02  0.34128902736539D-02
  0.12687232224227D-02  0.49292916154617D-02  -.48203539475224D-02
  -.50696467516298D-03  -.21944367750049D-03  -.29267852955812D-02
  -.37249496954017D-03  0.23676670176820D-03  0.81495410822452D-03
  -.44869974250483D-03  0.61538577505349D-03  -.11310376710267D-02
  0.18002241602810D-02  0.94072352932262D-03  -.25314937693766D-03
  -.13033161495990D-03  -.26783436736064D-03  0.44628820962123D-03
  -.89074086899288D-03  -.16559846744615D-02  0.29855245701071D-02
  cycle =      7    SCF energy =     -779.8755072446   |dE/dxyz| =  0.019363
   -0.84721710626091     -0.65021109302213      0.64647185362196      c
    1.69599010504458     -1.20754270717092      1.11970943097330      c
    2.66733197799947     -3.57019839695568      0.54905190268151      c
    1.12693941039333     -5.46395414346335     -0.48681525489659      c
   -1.41252503702449     -4.93490651542609     -0.91135327435328      c
   -2.39930153089816     -2.57300952227247     -0.34260246730726      c
   -1.86593825371619      1.62225475887462      1.08803773741411      o
    0.05475685675236      4.36599694038257      0.47969073028266      s
    2.84586594655960      0.28405524463131      1.93792277055160      h
    4.65667307446073     -3.94564769444966      0.88045004007862      h
    1.90817860488788     -7.29487707775833     -0.97828568785362      h
   -2.62039636837148     -6.35375691182911     -1.78231660521579      h
   -4.36418974860710     -2.12368667253404     -0.71113229928891      h
    0.85777129847369      4.13422544596570     -2.30896973856119      o
  0.10218790035825D-02  0.27560400976121D-02  0.13959149275031D-02
  -.35691890813760D-03  0.14065140929418D-02  -.73267122909604D-03
  0.69839335341271D-02  0.51188956538231D-02  0.27637549562838D-02
  -.42030423319099D-02  -.65379245478479D-02  -.28130558752550D-02
  -.13446040189593D-02  -.10544292633039D-02  0.30756311088531D-03
  -.36358298140611D-02  -.46200059351862D-02  -.11207913114881D-02
  0.44532850934118D-02  0.41757463170402D-02  0.45591554961089D-03
  -.35029516765371D-02  0.13943209190739D-02  0.63002802474355D-02
  -.31145732593174D-03  0.10879859097095D-02  0.35679490078695D-02
  0.31452404056065D-03  0.41532673085720D-03  -.66065953298244D-03
  0.48272919807024D-04  -.73909306961850D-03  -.33772930832715D-03
  -.48530046323902D-03  -.89715059044160D-03  -.25363290335927D-02
  -.46574668694932D-03  0.15537572052848D-03  0.34034620987755D-03
  0.14839566336304D-02  -.26616020145940D-02  -.69304877147047D-02
  cycle =      8    SCF energy =     -779.8762652316   |dE/dxyz| =  0.009143
   -0.85726732329519     -0.65763513826187      0.62530551684886      c
    1.68893865681042     -1.20625432822742      1.08604512418720      c
    2.65465068366957     -3.57692372358589      0.55415737352031      c
    1.12579024152782     -5.46750664591031     -0.46629305948690      c
   -1.40964641479075     -4.93949086066357     -0.90317386975975      c
   -2.40023850827365     -2.57788566655049     -0.35518559824474      c
   -1.88277707695923      1.60708169931119      1.07689903006692      o
    0.05677525749789      4.35540753667492      0.53736613950352      s
    2.86868002559286      0.31852496407204      1.78049059327573      h
    4.63766941428413     -3.96009099598001      0.91076079327986      h
    1.91272257506197     -7.29918409360905     -0.93789288431551      h
   -2.61251000940386     -6.35825051040542     -1.76718589965745      h
   -4.36477899305233     -2.13339712223459     -0.72706301794446      h
    0.88593070102366      4.18434654034288     -2.23437110314648      o
  -.12450488846829D-02  0.38198341160367D-03  -.46099575342951D-03
  -.12884754972771D-02  0.14800353255850D-03  0.19020869687236D-02
  0.31772828016880D-02  0.23893877023767D-02  0.12028148483970D-02
  -.15819122861291D-02  -.23827544896200D-02  -.19753109553314D-02
  -.10565044190938D-02  -.65316344944932D-03  0.10265509198195D-02
  -.12000305465509D-02  -.23186273688758D-02  -.91317610722186D-03
  0.40354021784310D-02  0.24172480637930D-02  0.14030044949824D-02
  -.15078835747468D-02  0.21030289385315D-03  0.71458760531584D-03
  -.15296693103295D-04  0.64460030871638D-03  -.87392795986574D-04
  -.24819517952146D-03  -.24795750385403D-03  0.14473047238278D-03
  0.36583182494554D-03  0.18796641763119D-03  -.20210560635403D-03
  0.66716884107526D-03  0.66757793224337D-03  -.15469538050891D-02
  -.11846249299263D-03  0.26254152581551D-03  0.42115376422958D-03
  0.16123927691680D-04  -.17071089776683D-02  -.16289940470600D-02
  cycle =      9    SCF energy =     -779.8767736478   |dE/dxyz| =  0.007940
   -0.85937078378557     -0.65979504531402      0.57608144053643      c
    1.68602945809915     -1.20530021997572      1.04119907127114      c
    2.64874029721122     -3.58047720654617      0.53679081784323      c
    1.12349748438637     -5.48181409018245     -0.44568581407315      c
   -1.41033182737359     -4.95733142904075     -0.88635303737686      c
   -2.39945139090051     -2.58925814459671     -0.37623816483212      c
   -1.90106130731467      1.59584643336563      1.02074218597552      o
    0.04517919497286      4.36351110443883      0.61191552554403      s
    2.87838741207579      0.33423009533059      1.67368397413269      h
    4.63014132961979     -3.96301337825110      0.90245362037105      h
    1.91005731541495     -7.32193090019905     -0.87948957003139      h
   -2.62399321449274     -6.39040348766361     -1.70612894446468      h
   -4.36523134598220     -2.15458519109416     -0.75090018192864      h
    0.94134660776248      4.29906311470111     -2.13821178484013      o
  -.14376543705312D-02  -.18190964696885D-03  -.23232317873713D-02
  -.19117509636288D-02  -.19176472556257D-02  0.37671934068666D-02
  0.66782209671246D-03  0.14448710696970D-02  -.38544705030819D-03
  -.24344563582268D-03  -.23246292039314D-04  -.11484267433075D-02
  -.22969329387834D-04  0.17399052019162D-03  0.11915806658069D-02
  0.38147479288986D-04  -.86340350142633D-03  -.22588978329963D-03
  0.32092438700406D-02  0.91181515604277D-03  0.21246736770522D-02
  -.64216182763843D-03  -.35472938541936D-03  -.18350591136880D-02
  0.40169129384315D-04  0.37777057529387D-03  -.15854350274382D-02
  -.48555596826461D-03  -.57616953552619D-03  0.41776170487084D-03
  0.52005625021789D-03  0.58991852976864D-03  0.34828205111359D-04
  0.72794499030726D-03  0.11898584341909D-02  -.81947356873302D-03
  0.56941010408096D-04  0.17517957821900D-03  0.28767247706635D-03
  -.51678673358380D-03  -.94629823218595D-03  0.49925294000808D-03
  cycle =     10    SCF energy =     -779.8774112388   |dE/dxyz| =  0.010413
   -0.85780856052046     -0.65888573692773      0.49717072324859      c
    1.68736097924596     -1.19907698723139      0.97373205224008      c
    2.64427124844504     -3.58336693467087      0.50311538107550      c
    1.11768998959899     -5.50711868727866     -0.41571189983174      c
   -1.41540699960269     -4.98910138201786     -0.86065631524181      c
   -2.39633828506829     -2.60685640567082     -0.41326213078999      c
   -1.92853222842824      1.58444347055345      0.91957801239985      o
    0.01505381289111      4.38267491236175      0.71761609498052      s
    2.89172548780798      0.34772732394354      1.56092036145336      h
    4.62854849846368     -3.95844547419011      0.86333803068772      h
    1.90063008858767     -7.36120042482012     -0.79196611447656      h
   -2.65119948110822     -6.45023297877829     -1.59557002645399      h
   -4.36419385081050     -2.18613867623031     -0.79112142227647      h
    1.03213853019127      4.47431963592986     -1.98732360888795      o
  -.58975682032569D-03  -.10011043140778D-03  -.39905072481954D-02
  -.20894782196126D-02  -.33809809401735D-02  0.57265802652688D-02
  -.13423422211343D-02  0.62051958049825D-03  -.18203544209340D-02
  0.36051062306175D-03  0.14949973613270D-02  -.29223657236432D-03
  0.14061765537647D-02  0.10579684124536D-02  0.62941519626225D-03
  0.74379283811510D-03  0.60011442097796D-03  0.37908283934290D-03
  0.13635005570656D-02  -.73989470113567D-03  0.28723389280163D-02
  0.14810301881107D-03  -.25625925794870D-03  -.32511669278534D-02
  0.25899952956232D-03  0.15634705177003D-03  -.21912053468582D-02
  -.41048614488037D-03  -.71592263243808D-03  0.34481796293062D-03
  0.61777838437610D-03  0.65077183901086D-03  0.19521063700073D-03
  0.76307630470507D-04  0.87112417722013D-03  0.18253078233860D-04
  0.18426576662978D-03  -.87591616915517D-04  0.20384063105561D-04
  -.72737149526603D-03  -.17108326437487D-03  0.13593875486073D-02
  cycle =     11    SCF energy =     -779.8781450454   |dE/dxyz| =  0.012213
   -0.86203674324877     -0.65806687504192      0.39332767488287      c
    1.68659827033954     -1.18167317235299      0.88008354129308      c
    2.63924135714938     -3.57901483080640      0.45891485969293      c
    1.10832718104696     -5.53669109654859     -0.37360657965831      c
   -1.42761213205568     -5.03533842983219     -0.81881968509770      c
   -2.40091391283298     -2.63640348936578     -0.45081550672645      c
   -1.96052191620013      1.58272682055929      0.75365098310013      o
   -0.02347650915159      4.38852137698710      0.85488959640166      s
    2.90073146532902      0.37428320995996      1.41739705081607      h
    4.63057617908224     -3.93820622905694      0.79876503247650      h
    1.89206051927232     -7.40277805804565     -0.68470944444883      h
   -2.68235844841270     -6.52712047760066     -1.45678186677967      h
   -4.37153329735088     -2.23081242626731     -0.83014362800561      h
    1.17485721672659      4.66931533238453     -1.76229288981957      o
  0.37052083842415D-03  -.21400040186048D-03  -.48531925080049D-02
  -.16761538118479D-02  -.34143696924591D-02  0.75227333035062D-02
  -.19083496128309D-02  0.33190092142332D-03  -.25910107236462D-02
  -.91703690014988D-05  0.16549933245136D-02  0.18772726341143D-03
  0.22408932724856D-02  0.84564794411524D-03  -.34140844291519D-03
  0.80189111892714D-03  0.14605809683631D-02  0.73175062637354D-03
  -.56201872846451D-03  -.10319782250274D-02  0.28560342984252D-02
  0.88772416156901D-03  -.19212068836172D-03  -.32965385521706D-02
  0.48386444215920D-03  -.76781624388955D-04  -.22696603313575D-02
  -.18607061747211D-03  -.70902443001714D-03  0.53764031276549D-04
  0.71621730182803D-03  0.56603015997536D-03  0.23461526283741D-03
  -.52595242361919D-03  0.49884254441546D-03  0.67262321441652D-03
  0.28881829994232D-03  -.20332707918180D-03  -.20599778203551D-03
  -.92221387044589D-03  0.48360629204414D-03  0.12985603437059D-02
  cycle =     12    SCF energy =     -779.8790381316   |dE/dxyz| =  0.012625
   -0.86752294104470     -0.65610459427562      0.24582085876338      c
    1.68824055900996     -1.15229468543397      0.73873382537739      c
    2.63478593764524     -3.56841210487357      0.39722371103986      c
    1.09481907481772     -5.56944513657974     -0.31149223954542      c
   -1.44752634561413     -5.09367063878625     -0.75177140680392      c
   -2.41193646604331     -2.67595604798407     -0.49118340359136      c
   -1.98659928670532      1.59184940959749      0.48940650525098      o
   -0.10698640099738      4.37756377532614      1.03007778771036      s
    2.91418414405701      0.41505815160838      1.20697296225997      h
    4.63567819657911     -3.90512011615879      0.70550406472497      h
    1.87957652474487     -7.44784762631365     -0.53934443695524      h
   -2.71759857116725     -6.61884323666829     -1.27282799872957      h
   -4.38688614417605     -2.28564234139373     -0.86568331592983      h
    1.38171094858754      4.87760684690813     -1.40157777544447      o
  0.12616030956485D-02  -.66650590134643D-03  -.49633739710879D-02
  -.62797696547268D-03  -.26683075562426D-02  0.87150078244860D-02
  -.16415488307508D-02  0.29172056713600D-03  -.31102452126339D-02
  -.75796132683559D-03  0.10037852972715D-02  0.70802676682291D-03
  0.22995389011751D-02  -.92582560384358D-04  -.14388260508538D-02
  0.48758420595352D-03  0.16742502327342D-02  0.96168761453441D-03
  -.20018112067124D-02  -.33226754292137D-03  0.18457562454433D-02
  0.12109189681464D-02  0.51837091316642D-03  -.20750339127957D-02
  0.65541988436779D-03  -.38985080771781D-03  -.18572473935461D-02
  0.11774519311825D-03  -.53073639132395D-03  -.34930386153878D-03
  0.77102544404672D-03  0.31433858236207D-03  0.16777240707774D-03
  -.90898549231277D-03  0.15689421102927D-03  0.10962757471972D-02
  0.27218162275777D-03  -.99246248571605D-04  -.35405077344819D-03
  -.11377334912375D-02  0.82013721941365D-03  0.65355457654803D-03
  cycle =     13    SCF energy =     -779.8797889294   |dE/dxyz| =  0.011383
   -0.87540901924715     -0.65194305461927      0.10326750895709      c
    1.68961311179811     -1.11671732818816      0.59133999002202      c
    2.63259443360032     -3.54918149243121      0.33857054295125      c
    1.08352077375929     -5.58602987162095     -0.25012199247534      c
   -1.46674347805730     -5.13720010907600     -0.68177914401927      c
   -2.42739163720403     -2.70754186684470     -0.52066688166289      c
   -1.99279535589319      1.60803386288298      0.21779548105919      o
   -0.21033180844139      4.33952362580929      1.17210647960394      s
    2.92608580858566      0.46158692928814      0.98752128855207      h
    4.64128602956654     -3.86356232557482      0.62102933029573      h
    1.86752749465202     -7.47335093215139     -0.40442859913599      h
   -2.74084294039203     -6.69006093520612     -1.10732533072804      h
   -4.40825467721414     -2.33018935758184     -0.88036862396653      h
    1.58508049418059      4.98537451028650     -1.00708091132615      o
  0.14621379124202D-02  -.88257959266258D-03  -.39896490168267D-02
  0.27468396647612D-03  -.83847117656677D-03  0.82668737379810D-02
  -.76113886030660D-03  0.11093370573523D-03  -.33139065413966D-02
  -.12357535613126D-02  0.18264441037008D-03  0.13484003871884D-02
  0.16065023112750D-02  -.92539046968465D-03  -.20028268980479D-02
  0.41469497162883D-05  0.11135644701703D-02  0.88911449726869D-03
  -.22798672503628D-02  0.35817945858341D-03  0.22640575731003D-03
  0.12011497552695D-02  0.13484911610693D-02  -.63533152773942D-03
  0.89475966430097D-03  -.68970827313475D-03  -.11253080660574D-02
  0.39580472638101D-03  -.18714493693639D-03  -.60567899585551D-03
  0.68160757356311D-03  -.10122105106736D-03  -.65943853976014D-05
  -.10716888685159D-02  -.31856330069013D-03  0.10238052084904D-02
  0.99549656419562D-04  0.13124056360780D-03  -.29426774028796D-03
  -.12718939709870D-02  0.69802500976301D-03  0.21896359206153D-03
  cycle =     14    SCF energy =     -779.8803466614   |dE/dxyz| =  0.009065
   -0.88962639202545     -0.64489237409074     -0.03747409762871      c
    1.68629487378261     -1.07311037875628      0.43137297071444      c
    2.63229273315692     -3.51640649629548      0.28369920129911      c
    1.07577175291410     -5.58298925141283     -0.18672736706324      c
   -1.48338971501113     -5.16388408779012     -0.60734308648926      c
   -2.44937853909803     -2.72994993260859     -0.54005006407704      c
   -1.98057004132821      1.63077163888920     -0.05750394271792      o
   -0.32153077231154      4.26599125224261      1.28409907295598      s
    2.92737042915552      0.52135244190209      0.74212536298479      h
    4.64684864486304     -3.80634843544090      0.54951944205726      h
    1.85729308922970     -7.47641100451594     -0.27628935047129      h
   -2.74883968350239     -6.74279137692869     -0.95823766000359      h
   -4.43773103961486     -2.36627869682062     -0.87537843265161      h
    1.78913388948300      4.97368835659874     -0.57195291078185      o
  0.78994682294020D-03  -.44488841882551D-03  -.19122035910351D-02
  0.40663201235658D-03  0.19724369686518D-02  0.60958842333345D-02
  0.70861408040424D-03  -.27495542900891D-03  -.30933858405199D-02
  -.11863588009884D-02  -.51983317749826D-03  0.21639139061510D-02
  0.25749311253853D-03  -.14296767916466D-02  -.20257738296097D-02
  -.53701773210157D-03  -.23142143618782D-03  0.65883629391750D-03
  -.10292172829232D-02  0.98672431368740D-03  -.14972883200519D-02
  0.55660902779930D-03  0.12825670119812D-02  0.46413599287831D-03
  0.11209386639246D-02  -.99290440377220D-03  -.46098561263480D-03
  0.53006450945858D-03  0.27123668355095D-03  -.67034737942950D-03
  0.38327872616445D-03  -.48098104968186D-03  -.31910675443802D-03
  -.81303308187231D-03  -.65525608553840D-03  0.53442124858172D-03
  -.10596585544465D-03  0.47399661547476D-03  -.13487434524367D-04
  -.10819841970235D-02  0.42955179290871D-04  0.75387096703849D-04
  cycle =     15    SCF energy =     -779.8805351211   |dE/dxyz| =  0.007285
   -0.91782401636295     -0.64414609479285     -0.03441285426844      c
    1.66118668793423     -1.05486274604458      0.42038862135391      c
    2.62684897538099     -3.48999501751171      0.28769409451664      c
    1.08206387607136     -5.56455872495495     -0.18615837055174      c
   -1.48014606859873     -5.16124654522128     -0.60615675784490      c
   -2.46750825276123     -2.73631125868931     -0.53268325961998      c
   -1.99806854678425      1.63552801799399     -0.05167157496413      o
   -0.27975975123090      4.23628794030628      1.28179986312527      s
    2.88479388589746      0.55598608775583      0.72565961407291      h
    4.64181790045112     -3.76471840987774      0.56230178274053      h
    1.87000674576042     -7.45438556051973     -0.28346962485148      h
   -2.72578908279928     -6.74966364819365     -0.97786689571566      h
   -4.45951159821291     -2.38744861209429     -0.86176312126990      h
    1.86582847494793      4.86827622681644     -0.56380237859597      o
  0.12939043341564D-03  -.15178991551812D-03  -.10755281793204D-02
  -.10845463008509D-02  0.19540987859124D-02  0.44261566275502D-02
  0.12812427339468D-02  -.14261621182365D-03  -.25880534309514D-02
  -.72460094234983D-03  -.45343320527813D-03  0.21651830596574D-02
  -.27846622872074D-03  -.10325977467112D-02  -.15531357071925D-02
  -.37989155028040D-03  -.93297901214723D-03  0.64510557921338D-03
  -.45743407378218D-03  0.57129496555497D-03  -.18116623442941D-02
  0.11171819667855D-02  0.43059800277945D-03  0.72067594933500D-03
  0.89987090309274D-03  -.16617057412427D-03  -.13743471729438D-03
  0.37809688315082D-03  0.35421589083362D-03  -.45742829016826D-03
  0.12524489389752D-03  -.34197784229772D-03  -.46712350125427D-03
  -.28649836128336D-03  -.44853447857252D-03  0.11820889799363D-03
  -.70392675965314D-04  0.52809902424866D-03  0.13795493196048D-03
  -.64919767844174D-03  -.16820770233039D-03  -.12291885911964D-03
  cycle =     16    SCF energy =     -779.8806376180   |dE/dxyz| =  0.005472
   -0.92238342934872     -0.64302468308922     -0.04306973402172      c
    1.65761948396187     -1.04983857472144      0.39444550355858      c
    2.62646979352582     -3.48291778748072      0.28640903393704      c
    1.08389932928479     -5.55766232108878     -0.18056645064403      c
   -1.47814118995736     -5.15545160670845     -0.60128326453118      c
   -2.47132853251050     -2.73497856478617     -0.53548705250709      c
   -2.00129694464667      1.63539814174160     -0.04953890892298      o
   -0.29454957850854      4.22498233844826      1.28710136519767      s
    2.87569671006280      0.57014126150126      0.67201895546001      h
    4.63932343648349     -3.75834364487590      0.56904794204545      h
    1.87116388533149     -7.44710728016135     -0.26425956793605      h
   -2.71640627506247     -6.74612373970153     -0.97563404956622      h
   -4.46441248269503     -2.39072976262060     -0.86088730190480      h
    1.89828502377229      4.82439787851549     -0.51843733203762      o
  0.26700584083716D-03  0.30057270651440D-03  -.79722594016118D-03
  -.19541002230326D-02  0.72008951679692D-03  0.32468983788039D-02
  0.99169185637260D-03  -.26389565577212D-04  -.19189520452748D-02
  -.20779969925733D-03  -.27638666379914D-03  0.16645118677528D-02
  -.52706288970017D-03  -.89603844328323D-04  -.96556078836540D-03
  -.14758560745332D-03  -.12492409308488D-02  0.42690533374667D-03
  0.83423783146586D-03  0.53743516485838D-03  -.70072017099854D-03
  -.46401461982448D-03  -.51877008966272D-03  0.41796325312227D-03
  0.51188432255822D-03  -.90727991720829D-04  -.58814391733458D-03
  0.16070158913806D-04  0.95687926862154D-04  -.29900948821826D-03
  0.82296197058129D-04  0.96217686274658D-04  -.35604906018470D-03
  0.38349191273035D-03  0.15631331701860D-03  0.81427162213266D-04
  0.34478193370990D-04  0.56137413381019D-03  0.15727048983402D-03
  0.17940672664096D-03  -.21657135077913D-03  -.36931508625848D-03
  cycle =     17    SCF energy =     -779.8806897632   |dE/dxyz| =  0.004188
   -0.92550779236445     -0.64312094200087     -0.02503644132111      c
    1.65578311239541     -1.05149453953350      0.40287455370562      c
    2.62524659328229     -3.48306347272960      0.29218507638119      c
    1.08669554906201     -5.55501871637356     -0.19085254535604      c
   -1.47453773940688     -5.15046691700904     -0.61222696284777      c
   -2.47052937510835     -2.73277380084417     -0.53679057986219      c
   -2.01396160698829      1.62874985725081      0.00111247553412      o
   -0.27870569122172      4.23895317338189      1.27232874277365      s
    2.87035861837704      0.56918509033958      0.69122921175181      h
    4.63653617356748     -3.76053381943000      0.58321789978973      h
    1.87267335915639     -7.44480955435241     -0.27181558139171      h
   -2.71093920892390     -6.74132436368986     -0.99498837032107      h
   -4.46396890437040     -2.39409942408361     -0.86454944317609      h
    1.89479614223664      4.80855908404678     -0.56682889753309      o
  0.39232401822531D-03  0.36904264181814D-03  -.78668988231101D-03
  -.18504577416270D-02  -.16146470886724D-03  0.25041671958106D-02
  0.36375765362084D-03  -.42833848858059D-04  -.14324393831674D-02
  0.98086204628922D-04  0.56882127303926D-04  0.10022342636410D-02
  -.26253636128715D-03  0.71890266273122D-03  -.54321726257006D-03
  0.66916353235413D-04  -.80583713954691D-03  0.25944228119368D-03
  0.30351766495151D-03  -.39784446873448D-03  -.16729336631371D-03
  -.46241500762889D-03  -.25117373107619D-03  0.40296691652486D-03
  0.37400525826659D-03  0.67055641942648D-04  -.55305276795248D-03
  -.70671639729181D-04  -.38903269976465D-04  -.19698004565361D-03
  0.38774654766538D-04  0.16188527716698D-03  -.18265638585287D-03
  0.33420747743285D-03  -.17260077709302D-04  0.13022103003413D-03
  0.67846172129848D-04  0.30679855856808D-03  0.40334121467644D-04
  0.60664529593168D-03  0.34750351389334D-04  -.47703670322718D-03
  cycle =     18    SCF energy =     -779.8807159285   |dE/dxyz| =  0.002596
   -0.92356385513238     -0.64132895023065     -0.03321014059343      c
    1.66114932959932     -1.04895948016977      0.38206643176590      c
    2.62608158045864     -3.48295407863732      0.28811269313632      c
    1.08635680836717     -5.55536691736156     -0.18890210071062      c
   -1.47492997128108     -5.15004280762041     -0.60884378701990      c
   -2.46911580994436     -2.73146978029190     -0.54233123584369      c
   -2.01728297454319      1.62757683539961      0.00179981313567      o
   -0.29084215191299      4.24099510182469      1.27792818410827      s
    2.87498497123146      0.57173450085923      0.66921855612659      h
    4.63648735210061     -3.76270989189732      0.58387126638764      h
    1.86957441351534     -7.44685751777883     -0.25642160569649      h
   -2.71316732143598     -6.74159320249693     -0.98560730116605      h
   -4.46330437086903     -2.39715951644615     -0.86928795120874      h
    1.90151122953972      4.80687735981976     -0.53853368429441      o
  0.41127521535156D-03  0.49676083879735D-03  -.44625054518299D-03
  -.91343932679777D-03  -.12426572522628D-03  0.14594575426679D-02
  0.79161703797848D-04  -.41379970875166D-04  -.79977653094687D-03
  0.18861325012232D-03  0.39075959105794D-04  0.49486023818324D-03
  -.23796053738234D-03  0.87434085656923D-03  -.12263237632926D-03
  0.33391666338645D-05  -.45092644913036D-03  0.31797838077274D-04
  0.32040012167833D-04  -.41540132279216D-03  0.22630116081634D-03
  -.46351159517055D-03  -.12904942320802D-03  -.16675715604819D-03
  0.17929777591652D-03  -.12662145460984D-03  -.50948523756725D-03
  -.65007422309193D-04  -.11177243883526D-03  -.11421314983628D-03
  0.22419740989599D-04  0.12613444067866D-03  -.10290306152349D-03
  0.22524592623085D-03  -.16017014042902D-03  0.11729288826456D-03
  0.70937751389000D-04  0.77193580285684D-04  -.64774363068787D-04
  0.46758833637028D-03  -.53918748100124D-04  -.29172467161942D-05
  cycle =     19    SCF energy =     -779.8807293852   |dE/dxyz| =  0.001595
   -0.92099619920518     -0.64166669280875     -0.02437606602702      c
    1.66500939505432     -1.05161690169020      0.38531378425966      c
    2.62670724449011     -3.48670984647629      0.29160897700041      c
    1.08637686974253     -5.55745181515446     -0.19259934143455      c
   -1.47436258821046     -5.14945927803248     -0.61248523867334      c
   -2.46669776284270     -2.72974032225195     -0.54163801682183      c
   -2.01801140150502      1.62612809016524      0.02210793953329      o
   -0.28435184819008      4.24713620908649      1.27392016334361      s
    2.87689347537837      0.56785357908115      0.68492647411852      h
    4.63634686770126     -3.76943900544052      0.59084970682300      h
    1.86858902980588     -7.44939370697576     -0.26113641726097      h
   -2.71486801952166     -6.73752806229462     -0.99701994931768      h
   -4.46058993043588     -2.39647760836849     -0.87132988322390      h
    1.88389409743174      4.81710701613308     -0.56828299419214      o
  0.46290046617514D-03  0.31138947632670D-03  -.22291674300057D-03
  -.22754448131757D-03  -.23845393173794D-03  0.85986328707044D-03
  -.11263149445817D-03  0.40028759812571D-04  -.48089197947587D-03
  0.17119636463270D-03  -.32809142505030D-04  0.18071524070074D-03
  -.17155872138375D-03  0.57496493166020D-03  0.14869337508083D-03
  -.67714661219576D-04  -.60339969018219D-04  -.44085089086265D-04
  -.23974433870499D-03  -.17467528269588D-03  0.39178829937336D-03
  -.10387750714536D-03  -.30213026442460D-04  -.40138720655136D-03
  0.68765924403635D-05  -.13974688803442D-03  -.26205706496452D-03
  -.24143165220369D-04  -.15139627549421D-03  -.67625189531517D-04
  0.33190004325112D-04  0.92229989635761D-04  -.89456183804848D-04
  0.11829854426493D-03  -.10770817936745D-03  0.15748602306104D-04
  0.58044255766276D-04  -.79963713458975D-04  -.15920372762612D-03
  0.96708144429414D-04  -.33067736660009D-05  0.13081438543772D-03
  cycle =     20    SCF energy =     -779.8807386478   |dE/dxyz| =  0.001016
   -0.91941479553742     -0.64169511340429     -0.03791989055037      c
    1.66805229678501     -1.05013436965934      0.36794672411417      c
    2.62734572065431     -3.48667969452233      0.28680343353717      c
    1.08502719535386     -5.55957496762524     -0.18727428717109      c
   -1.47607363340009     -5.15305691338135     -0.60574497438058      c
   -2.46670115892783     -2.73105213759884     -0.54388769597848      c
   -2.01280807582546      1.62899830475335     -0.00187667936483      o
   -0.28940071256260      4.24002546624865      1.28902588657385      s
    2.87925453736789      0.57013021279306      0.66745463590610      h
    4.63718963269700     -3.76782652863973      0.58718145868775      h
    1.86576662825432     -7.45267166863872     -0.24801450531038      h
   -2.71923394719372     -6.74010474986534     -0.98603715527533      h
   -4.46139091126853     -2.39916681066496     -0.87117309261160      h
    1.88632645329650      4.83155062517753     -0.53662472004932      o
  0.27939169436308D-03  -.38380449444375D-04  -.20880721223193D-05
  0.19298446016203D-03  0.83558807812523D-04  0.41890894959362D-03
  -.67823760749430D-04  0.82172692283056D-04  -.32667424935306D-03
  0.96910058335675D-04  -.85567798912223D-04  0.15413921794671D-03
  -.16850247093680D-03  -.79017892570477D-04  0.28981981557963D-03
  -.96547615117792D-04  0.24494396880165D-03  -.28424509378233D-04
  -.29765624607236D-03  0.57952693431673D-04  0.19033990223960D-05
  0.92983066373620D-04  0.18038311317436D-03  -.26848756299103D-03
  0.99093917160786D-05  -.86132784835158D-04  -.12160005522013D-03
  0.40927274960190D-04  -.22282774936433D-04  -.44096083979817D-04
  -.28000169530751D-05  -.19802668503210D-04  -.10049758592437D-03
  0.97464881334552D-05  -.52804517373328D-04  -.84847781000708D-04
  -.17437402269227D-04  -.13621622395399D-03  -.15202901493866D-03
  -.72084919883864D-04  -.12880614566502D-03  0.26397353785335D-03
  cycle =     21    SCF energy =     -779.8807426372   |dE/dxyz| =  0.000809
   -0.91845346895003     -0.64215229065560     -0.03938743110677      c
    1.66909629450293     -1.05098534337018      0.36440693254746      c
    2.62777832628764     -3.48775256698634      0.28657460653667      c
    1.08470885332239     -5.56053267413087     -0.18717354510061      c
   -1.47603926686703     -5.15361600207478     -0.60624395179815      c
   -2.46600371545872     -2.73098461605572     -0.54528811905148      c
   -2.01013728821418      1.62954323160387     -0.00181702062192      o
   -0.28623197469838      4.23705966239487      1.29432164334725      s
    2.87929080528282      0.56965773449674      0.66706242269492      h
    4.63713032978977     -3.76920872429939      0.58971481003770      h
    1.86486345102300     -7.45398156743307     -0.24462631395431      h
   -2.72057927371517     -6.73921361043930     -0.98718813850793      h
   -4.46096691233189     -2.39872694235318     -0.87063500644709      h
    1.87948306972009      4.83963536427539     -0.53986175044867      o
  0.16360883695965D-03  -.13090888092293D-03  0.96659552323963D-04
  0.15332287572312D-03  0.43312035095333D-04  0.15220616123290D-03
  0.21501841702687D-05  0.10190218715056D-03  -.24012006633578D-03
  0.14440849158692D-04  -.83338797025156D-04  0.55794926832275D-04
  -.10737088580925D-03  -.28886706846976D-03  0.36110980673199D-03
  -.43308178151902D-04  0.27750655449488D-03  -.10792863101339D-03
  -.14530597468898D-03  0.15440085813534D-03  -.41084453197282D-04
  0.80516689475729D-04  0.12297885249701D-03  -.87644604935377D-04
  -.15408722560117D-04  -.86954508100590D-05  -.25971076318076D-04
  0.32266146822058D-04  -.27255574979179D-05  0.41439765738893D-05
  0.15345203971950D-05  -.17812025343567D-04  -.59603921402807D-04
  -.22393982570035D-04  0.48515872114852D-04  -.12267365286733D-03
  -.21379849766134D-04  -.11879457921626D-03  -.10573597854910D-03
  -.92672507790326D-04  -.97474018398103D-04  0.12084795851308D-03
  cycle =     22    SCF energy =     -779.8807444638   |dE/dxyz| =  0.000480
   -0.91834985499630     -0.64244998138654     -0.04017557567473      c
    1.66896558531621     -1.05166198470641      0.36341342173111      c
    2.62783989070191     -3.48831498014178      0.28700717966441      c
    1.08471959553120     -5.56069747222804     -0.18781676504384      c
   -1.47569706085221     -5.15349157642470     -0.60764273247703      c
   -2.46583257067808     -2.73111116501465     -0.54622071187841      c
   -2.00896697522800      1.62929099145237     -0.00081469407849      o
   -0.28401132605293      4.23560608533843      1.29629397608109      s
    2.87884832293982      0.56906182332938      0.66753556628447      h
    4.63689398673623     -3.76972553127146      0.59149990810494      h
    1.86454250181993     -7.45428623135051     -0.24356608294028      h
   -2.72060038528774     -6.73903537264067     -0.98733590203380      h
   -4.46095178764839     -2.39804265378104     -0.86967152438590      h
    1.87653930739159      4.84359970379806     -0.54264692522647      o
  0.11088171493867D-04  -.23961362449754D-04  0.50363503182327D-04
  0.36332552788565D-06  -.20722633907511D-04  0.72770746504691D-04
  0.46601068152796D-04  0.49217875076835D-04  -.14754499862879D-03
  -.31834288949595D-04  -.25487240497668D-04  -.64454979737949D-05
  -.21823715920632D-04  -.20515382908037D-03  0.29900161767638D-03
  0.14275098278560D-04  0.14195326523847D-03  -.12133495658651D-03
  0.10549562983186D-04  0.20355752578194D-04  -.12443528644823D-04
  0.99752289610677D-05  0.57343465194037D-04  0.21464955853645D-04
  -.10253611668176D-04  0.23219987854706D-04  -.21679201211988D-05
  0.51882238754075D-05  0.78227937558850D-05  0.89811605199497D-05
  0.79820051033241D-05  0.42137626632410D-05  -.31295467102843D-04
  -.23388739161412D-04  0.67792735243266D-04  -.82177467488620D-04
  -.85558355080728D-05  -.58341162645914D-04  -.55533731081539D-04
  -.10166488989327D-04  -.38253404212263D-04  0.63615845871112D-05
  cycle =     23    SCF energy =     -779.8807454377   |dE/dxyz| =  0.000280
   -0.91790003279388     -0.64262687628210     -0.04100045859458      c
    1.66937665053091     -1.05218723619619      0.36213379190427      c
    2.62790978233294     -3.48903202820341      0.28745584460827      c
    1.08460810976443     -5.56096095576490     -0.18801679519747      c
   -1.47544894737039     -5.15324289959273     -0.60911308931714      c
   -2.46561605645927     -2.73114691793132     -0.54673583965685      c
   -2.00819962300758      1.62896730926745     -0.00059948294778      o
   -0.28336426880246      4.23461088019291      1.29791808726268      s
    2.87946934403101      0.56831311010668      0.66664081232847      h
    4.63674690099172     -3.77074304164030      0.59274028452648      h
    1.86389955066076     -7.45479999956775     -0.24204032613257      h
   -2.72057524535713     -6.73905672918099     -0.98721098546241      h
   -4.46076216694390     -2.39709795991873     -0.86883573970606      h
    1.87379523211608      4.84774499968383     -0.54347696548822      o
  -.70415637434706D-04  0.47178330135011D-04  0.30862991234670D-04
  -.39568950481517D-04  -.25692268577515D-04  0.17481661306995D-04
  0.36378255611202D-04  -.13308640095744D-04  -.55357237607134D-04
  -.46619673047754D-04  0.18703432272338D-04  -.14470060137606D-04
  0.40270162763534D-04  -.55369082701873D-04  0.17014484347544D-03
  0.23857094779700D-04  0.19625601733408D-04  -.73458518884517D-04
  0.70785220394498D-04  -.69054651101741D-04  0.20239150444468D-05
  -.31036024117803D-04  0.55203455753272D-05  0.39006388840690D-04
  0.10896912098435D-04  0.16767131753248D-04  -.11746645811272D-04
  -.11916414210056D-04  0.21290666260554D-05  -.38364134387070D-05
  0.92475508176593D-05  0.10386712127497D-04  -.46469896186757D-05
  -.29548014695457D-04  0.44519116191299D-04  -.39492116405748D-04
  0.64757189326414D-05  -.10671335504475D-04  -.31813258064561D-04
  0.31193798362139D-04  0.92662589441517D-05  -.24698544901725D-04
  cycle =     24    SCF energy =     -779.8807456976   |dE/dxyz| =  0.000222
   -0.91806175872232     -0.64264498571050     -0.04062293094265      c
    1.66921902488702     -1.05220749736816      0.36260178859498      c
    2.62783116908018     -3.48901641788100      0.28792894948487      c
    1.08473457877099     -5.56077760779688     -0.18872100167819      c
   -1.47523634127211     -5.15299822404611     -0.61041489667352      c
   -2.46572339611576     -2.73115386425459     -0.54668371257558      c
   -2.00852823626989      1.62883791845634      0.00073770139653      o
   -0.28230116181936      4.23455248216080      1.29741259980034      s
    2.87921679691586      0.56810173907626      0.66812064294811      h
    4.63657748107469     -3.77075720861411      0.59378886939933      h
    1.86393798246035     -7.45465418441047     -0.24268001565580      h
   -2.72006211630258     -6.73926522961045     -0.98779473501373      h
   -4.46093309398203     -2.39664733604625     -0.86788739445436      h
    1.87326830098819      4.84737207101757     -0.54592672650324      o
  -.10133716457261D-03  0.56505433649434D-04  0.14158478104598D-04
  -.33489113484997D-04  -.15386344887958D-04  0.12065120238880D-04
  0.35012278495117D-04  -.19000934569746D-04  -.29817210365657D-04
  -.35539140774365D-04  0.18317483529984D-04  -.10665735453941D-04
  0.42501216617197D-04  0.13502844616653D-04  0.90560351278746D-04
  0.23580172785032D-04  -.34766212149151D-04  -.44838727153884D-04
  0.58705846836205D-04  -.78035275764332D-04  0.12325959799497D-04
  -.26956234289166D-04  0.13854721128581D-04  0.20022022692245D-04
  -.16033157743678D-05  0.28725538152585D-05  0.10074478970612D-04
  -.11069023888588D-04  0.56251883934211D-05  -.15032636418999D-04
  0.95222750661206D-05  0.11241266559381D-04  -.43469654557038D-05
  -.17905425386378D-04  0.16387940030782D-04  -.11515080429736D-04
  0.12712844855489D-04  0.12745128660674D-04  -.22267383090344D-04
  0.45864785527705D-04  -.38637741157643D-05  -.20722658375050D-04
  cycle =     25    SCF energy =     -779.8807458538   |dE/dxyz| =  0.000166
   -0.91760432871612     -0.64267799356490     -0.04111369167610      c
    1.66966749958217     -1.05244108544457      0.36193646718744      c
    2.62787554265330     -3.48943819491686      0.28823951052867      c
    1.08464117368171     -5.56102207528803     -0.18883860953025      c
   -1.47518691920551     -5.15295293429785     -0.61127279174983      c
   -2.46557700537442     -2.73109760970947     -0.54679184670764      c
   -2.00813980284453      1.62885507222223      0.00074764460661      o
   -0.28188170741567      4.23398827337531      1.29836522534552      s
    2.87981310309419      0.56768027905802      0.66768083682374      h
    4.63647087219707     -3.77148455994561      0.59493716613168      h
    1.86353671830357     -7.45505189128681     -0.24211533530190      h
   -2.72006907963735     -6.73933083118757     -0.98809031408439      h
   -4.46085935956098     -2.39610185558552     -0.86708523383836      h
    1.87125252293581      4.84981706154408     -0.54673988960809      o
  -.74062763407490D-04  0.62521402153237D-04  -.67894066626550D-05
  -.11221622876256D-04  -.80348112803108D-05  -.14760906600131D-04
  0.21997071621982D-04  -.15183289240328D-04  0.13618413265526D-04
  -.34410118701089D-04  0.56924480613674D-05  -.80232907493372D-05
  0.45003199795168D-04  0.36112994278970D-04  0.95269731663628D-05
  0.23501112105251D-05  -.70591289470290D-04  -.10453975713975D-04
  0.36047531704497D-04  -.45431319803058D-04  0.84247091418632D-05
  0.25217365227093D-05  -.19873773100088D-04  0.21648397854790D-04
  0.39649319738544D-06  -.95324933306884D-05  -.55624907085994D-06
  -.55300508656764D-05  -.27870599483837D-06  -.16369197080035D-05
  0.73507138530493D-05  0.68891765259149D-05  0.65184994595402D-05
  -.15993546643500D-04  0.39266035005703D-05  0.38312205773439D-05
  0.10109430089278D-04  0.33233916271191D-04  -.20396079397078D-05
  0.15441817588169D-04  0.20549130804071D-04  -.19307859140838D-04
  cycle =     27    SCF energy =     -779.8807453152   |dE/dxyz| =  0.000088
   -0.91756122937961     -0.64265217786506     -0.04085914658858      c
    1.66970757605172     -1.05231204344925      0.36229011551381      c
    2.62784501404160     -3.48932711516357      0.28827495961730      c
    1.08466114955161     -5.56094857015494     -0.18891602742796      c
   -1.47523969327336     -5.15293977644123     -0.61123102233668      c
   -2.46560669031416     -2.73103823825283     -0.54650653111230      c
   -2.00835358700043      1.62889301344082      0.00069571913226      o
   -0.28232319924399      4.23437171743188      1.29771907504898      s
    2.87986430880323      0.56783164781566      0.66789377251121      h
    4.63646017197665     -3.77143238840885      0.59491608687603      h
    1.86356800545615     -7.45496642126136     -0.24261251912697      h
   -2.71993772561201     -6.73937272639707     -0.98833096579038      h
   -4.46091907782884     -2.39618755427742     -0.86682386605916      h
    1.87177420646467      4.84882228795569     -0.54665051213045      o
  -.24660753712880D-04  0.31548827992722D-04  0.53831219972711D-05
  -.33524214302361D-05  -.86168607940085D-05  0.72264801401767D-05
  -.72876961199064D-05  0.18468764091395D-05  0.58441914716489D-05
  -.21352487995285D-04  -.20846145547537D-05  0.52905336567211D-06
  0.26141742945462D-04  -.30375100390501D-05  0.14590722379471D-04
  0.10744031937904D-04  -.34965723876734D-04  -.17982551022255D-04
  0.75061097959406D-06  -.19932150811641D-04  0.59533595555550D-05
  0.12176182725643D-04  0.80874523717966D-05  0.83820740446328D-05
  0.18338495140657D-04  0.14360573832306D-04  0.49178194321264D-05
  0.70168787633662D-05  0.19386502314589D-06  -.11094648587617D-04
  0.72608647758710D-05  -.12312859916541D-04  -.14359234337680D-05
  -.64523791151183D-05  0.45884570276655D-06  0.48863117130954D-06
  -.17214971237522D-04  0.22666552060180D-04  -.12432957614258D-04
  -.21080965506570D-05  0.17867259534121D-05  -.10369370796681D-04
  cycle =     28    SCF energy =     -779.8807453568   |dE/dxyz| =  0.000047
   -0.91752226820597     -0.64266698564374     -0.04145320088048      c
    1.66974840746544     -1.05225262110597      0.36162956731058      c
    2.62789558980814     -3.48925088961712      0.28802566122030      c
    1.08465301345330     -5.56090470749555     -0.18881699391620      c
   -1.47530602770971     -5.15298563511607     -0.61095341021684      c
   -2.46567287810809     -2.73107119353108     -0.54643614451878      c
   -2.00816124679806      1.62900643600878     -0.00040130117024      o
   -0.28279892656194      4.23410268176759      1.29799930187766      s
    2.87977203961210      0.56796758396412      0.66702551737623      h
    4.63645572693300     -3.77133680343347      0.59497321481195      h
    1.86349925593587     -7.45491663683342     -0.24228288039679      h
   -2.71997105022830     -6.73945299631769     -0.98789087694035      h
   -4.46099449796908     -2.39634550978973     -0.86651236601931      h
    1.87234209206654      4.84884893211581     -0.54504695041061      o
  -.20769778664054D-04  0.84541991398623D-05  0.10784551740528D-05
  0.69043049464312D-05  -.43986375573013D-05  -.13626848031079D-05
  -.93892461094924D-06  0.62731997165777D-05  -.73834643377069D-06
  -.87746090633445D-05  -.40285045947996D-05  0.64171720903783D-06
  0.83069627585530D-05  -.11004767709544D-04  0.18180270224155D-04
  0.23456988627046D-05  -.17351424483891D-04  -.86600579543017D-05
  0.75667216847819D-05  -.22644287573925D-05  0.57043852734751D-05
  0.78826460931936D-05  0.33316064502742D-05  0.11373293062888D-06
  0.15602109089130D-05  -.16982285977463D-06  0.29811880143393D-05
  0.23532023765149D-05  0.15370448458452D-05  -.30176078109623D-05
  0.97892538486466D-06  -.59034073096598D-06  -.11315967123338D-05
  -.49494027720698D-06  0.71479807426389D-05  -.37458206023355D-05
  -.12348808229312D-05  0.15520339260611D-04  -.78079453622593D-05
  -.56855397296829D-05  -.24564281595474D-05  -.22356813591529D-05
  cycle =     29    SCF energy =     -779.8807453791   |dE/dxyz| =  0.000022
   -0.91745785286971     -0.64265489590859     -0.04201496354130      c
    1.66979447334897     -1.05219774552076      0.36108711366596      c
    2.62792748018702     -3.48921595048940      0.28782301304680      c
    1.08464193195296     -5.56088683226797     -0.18876860396613      c
   -1.47535149246649     -5.15301134730005     -0.61082377339454      c
   -2.46571455372637     -2.73110000380067     -0.54643169776425      c
   -2.00802785701855      1.62908159474385     -0.00145221534396      o
   -0.28325590575869      4.23392566992335      1.29825167671252      s
    2.87979597796547      0.56806978643714      0.66624485197639      h
    4.63644296761405     -3.77130174287394      0.59501532496607      h
    1.86339658307489     -7.45493131776535     -0.24195960793024      h
   -2.72000415997334     -6.73958355996924     -0.98740120643794      h
   -4.46109196074495     -2.39652528535779     -0.86615149826557      h
    1.87284359810799      4.84907328512189     -0.54355927559669      o
  -.51483014154030D-05  -.32600360588830D-06  0.28561900600188D-06
  0.42439003493655D-05  -.69289876769574D-06  -.19902666736349D-05
  0.35213126299283D-05  0.41227719247416D-05  -.50857024975759D-05
  -.51091663522129D-06  -.34479443264956D-05  0.13706076977815D-05
  -.16132139570857D-05  -.32519782759977D-05  0.91129543406954D-05
  -.35568941694208D-05  -.64970457929192D-05  -.20922250962840D-05
  0.17981314250903D-05  0.44795094211736D-06  0.19693727519865D-05
  0.35840527785602D-05  0.25007336985627D-05  -.29514181321133D-06
  -.27419633967796D-05  -.52088848008225D-05  0.13173700458280D-05
  -.58283407033954D-06  0.17173856261543D-05  0.18035308122499D-05
  -.34002894175877D-05  0.25402193406521D-05  -.72710700960155D-07
  0.57802249076033D-06  0.25904124960618D-05  -.36189141857101D-05
  0.55073974378761D-05  0.74309037241260D-05  -.18205708042229D-05
  -.16784049812202D-05  -.19256101773113D-05  -.88391552122147D-06
  cycle =     31    SCF energy =     -779.8807453862   |dE/dxyz| =  0.000013
   -0.91741817977162     -0.64263385320440     -0.04237599688871      c
    1.66981953966995     -1.05216068666782      0.36077871080882      c
    2.62793099754548     -3.48920491006548      0.28773022314850      c
    1.08462925291186     -5.56089173588558     -0.18871029969922      c
   -1.47537556425546     -5.15303331549243     -0.61073153616549      c
   -2.46573226297588     -2.73111673422625     -0.54647167055313      c
   -2.00793378080195      1.62914117548517     -0.00213634410144      o
   -0.28353931000047      4.23380308344636      1.29843289673296      s
    2.87983149947325      0.56814718894865      0.66575436493890      h
    4.63643849852825     -3.77129351742239      0.59496179670710      h
    1.86335199737683     -7.45495800552048     -0.24177049006562      h
   -2.72004572048460     -6.73966598830807     -0.98701631545712      h
   -4.46116373107705     -2.39665400160528     -0.86598828421963      h
    1.87314599355464      4.84926295549046     -0.54259791705882      o
  0.37394350618225D-05  -.53309316871974D-06  0.82619852026511D-06
  -.15808847386722D-06  0.62109526055565D-06  -.10526701041957D-05
  0.28610804569951D-05  -.19535292050676D-06  -.39187081597447D-05
  0.18987986547536D-05  -.15435638154315D-05  0.20669729968725D-05
  -.37657199136731D-05  0.33794835818668D-06  0.29942145540751D-05
  -.31868769911902D-05  -.21088493937782D-05  -.74660455107178D-06
  -.67535962777754D-06  0.16609311455085D-05  0.96592943332752D-06
  0.23032837752623D-05  0.12067597587873D-05  -.10984086173949D-05
  -.14356187811870D-05  -.30044252454786D-05  0.10305148814282D-05
  -.11445372676278D-05  0.11499534204873D-05  0.16258730337615D-05
  -.36576462394411D-05  0.67734945596865D-06  -.84343942116649D-06
  0.76853333497162D-06  0.36074128795249D-06  -.19505472580728D-05
  0.30561804180707D-05  0.29028651240548D-05  0.45558357508746D-06
  -.60346365771125D-06  -.15323463822270D-05  -.35490193006638D-06
  cycle =     32    SCF energy =     -779.8807453884   |dE/dxyz| =  0.000011
   -0.91740324197690     -0.64262301628237     -0.04260209805195      c
    1.66983260557497     -1.05213581119717      0.36057594659455      c
    2.62793016724955     -3.48919286792351      0.28766280843687      c
    1.08461918759989     -5.56089721420443     -0.18866121870719      c
   -1.47539267694018     -5.15305653848810     -0.61065346836523      c
   -2.46574244126948     -2.73113086685345     -0.54651036209722      c
   -2.00787481215057      1.62917889508006     -0.00255237934269      o
   -0.28370456856079      4.23371920133498      1.29857247121920      s
    2.87985295296763      0.56819608542368      0.66543395438462      h
    4.63643884597094     -3.77127948296902      0.59489381964123      h
    1.86333538368080     -7.45497237534494     -0.24161985536225      h
   -2.72008478400008     -6.73971615065439     -0.98675937844163      h
   -4.46120151303436     -2.39672954194408     -0.86593840925619      h
    1.87333412458181      4.84938133899521     -0.54198269252503      o
  0.53986187928956D-05  -.13155831490863D-05  0.65944541627339D-06
  -.11067561729305D-05  0.15501392622852D-05  -.75711561464686D-06
  0.14301805180139D-05  -.21364075797337D-05  -.26552463259222D-05
  0.26589179276115D-05  -.44316276870404D-07  0.17606396132130D-05
  -.40630345505832D-05  0.55032146928369D-06  0.11137346729306D-05
  -.20326224445810D-05  0.77319610714000D-06  -.35000556075637D-06
  -.95601006755430D-06  0.20757619498823D-05  -.12613636410919D-05
  0.65946720262389D-06  0.48654485063082D-06  -.14180357368332D-05
  -.41033511832822D-06  -.16772083828442D-05  -.19515561777705D-06
  -.94944207873482D-06  0.80043751804482D-06  0.15519303233624D-05
  -.32849525459788D-05  -.31257568533505D-06  -.72198971956539D-06
  0.38119604228726D-06  -.35276286225461D-06  -.46647729064209D-06
  0.12287923167875D-05  0.48390703288881D-06  0.15681042459248D-05
  0.10459799213436D-05  -.88145171694975D-06  0.11715356365016D-05
  cycle =     34    SCF energy =     -779.8802853138   |dE/dxyz| =  0.000218
   -0.91741296649421     -0.64262523891907     -0.04252272073430      c
    1.66982665168419     -1.05214413617318      0.36065030383841      c
    2.62792318692320     -3.48919902701947      0.28769648757705      c
    1.08462060188900     -5.56089780458061     -0.18867470357186      c
   -1.47538385053240     -5.15304932293470     -0.61068801653353      c
   -2.46573615219876     -2.73112591576822     -0.54651373076494      c
   -2.00789387650201      1.62916639227020     -0.00239486259997      o
   -0.28363094666245      4.23373927721657      1.29854505114215      s
    2.87985182967214      0.56818163137620      0.66553453514584      h
    4.63643701764941     -3.77129447714305      0.59489478346579      h
    1.86335296476023     -7.45496777519697     -0.24165098213942      h
   -2.72008143788892     -6.73969646807586     -0.98682950178642      h
   -4.46118925179164     -2.39670931918642     -0.86598602713079      h
    1.87325545918545      4.84936383910707     -0.54220147778093      o
  -.22022285667521D-04  0.39962972123997D-04  0.22320321371068D-05
  0.10773151625459D-04  0.56462549298808D-05  -.24860933723078D-05
  0.88766031292114D-04  -.11870162737610D-04  0.20558004580245D-04
  0.20170651350671D-04  -.29699311794328D-04  -.24209615306185D-05
  -.66378042107969D-04  -.62399519074233D-04  -.14313717055556D-04
  -.62756548599927D-05  -.90766752072445D-05  -.44140566394114D-05
  0.45286169485403D-04  0.32291490434516D-04  0.11541326646464D-04
  0.12582455688470D-07  0.17476222917770D-04  -.33659042740941D-04
  -.18675556326342D-04  -.49421469493077D-04  -.19115967502821D-04
  -.66380741959526D-04  0.87003472122732D-05  -.11246584173924D-04
  -.27657452658023D-04  0.59858556436490D-04  0.13152521772843D-05
  0.41192094446418D-04  0.49685827158336D-04  0.10184120978904D-04
  0.41145625844619D-04  -.15770557490455D-04  0.69101111176972D-05
  -.39956279407338D-04  -.35384824990603D-04  0.34915749014736D-04
  cycle =     35    SCF energy =     -779.8802853935   |dE/dxyz| =  0.000053
   -0.91749166140167     -0.64278019380898     -0.04226157636538      c
    1.66975017972584     -1.05212427956381      0.36100290688478      c
    2.62784282487000     -3.48918228950149      0.28778399939646      c
    1.08464141671681     -5.56093306721896     -0.18884107043404      c
   -1.47535170611520     -5.15306761127402     -0.61090235160376      c
   -2.46583311256181     -2.73117450641378     -0.54645244754426      c
   -2.00802381142341      1.62896719389941     -0.00186476688015      o
   -0.28279350105817      4.23366237522129      1.29844394620400      s
    2.87973079747307      0.56826310413142      0.66653651403567      h
    4.63650623103261     -3.77123211685232      0.59512508274525      h
    1.86346730048066     -7.45513256956083     -0.24199555584750      h
   -2.72013128905519     -6.73984977162473     -0.98721319928562      h
   -4.46135432503806     -2.39659909130153     -0.86597408208168      h
    1.87297988604776      4.84992447884084     -0.54352826109668      o
  -.16418209766549D-04  -.14598761527429D-05  -.38374424890103D-05
  -.73158922352760D-05  0.15582270991667D-04  -.68021262302916D-05
  0.20927787209270D-04  -.49989162425532D-05  0.47450318512391D-05
  0.18908069495220D-05  0.14704078716912D-05  0.20900295745589D-05
  -.11620272633128D-04  -.12523846395995D-04  -.74130381507061D-05
  0.39684757057318D-05  0.80093239477920D-05  0.80137061555137D-05
  0.13158148817721D-04  -.76440557044144D-05  -.17338694800334D-05
  0.70622191233605D-05  0.13463053033881D-04  -.15186345880824D-05
  0.95443736922926D-05  -.97451606899807D-05  0.96353339673963D-06
  -.11632439398779D-04  0.57528576933655D-05  -.15285473857485D-05
  -.70296078868853D-05  0.46077078879742D-05  -.65933512812325D-06
  0.11110932855996D-05  0.88807312481620D-06  -.47776238361330D-07
  0.44480367368677D-05  -.30768731465181D-05  0.16288650230012D-06
  -.80942334603762D-05  -.10325816610694D-04  0.75657564054810D-05
$end
