$hessapprox internal
  0.448796042549D+00 -0.740992406243D-02  0.259958388096D+00 -0.486625028848D-02
  0.231752262254D-02  0.123209904475D+00 -0.204277619846D-02 -0.579820110286D-02
  0.888356374286D-04  0.430386835171D+00  0.297745619602D-02 -0.258586242407D-01
  0.545307081755D-02  0.474345595474D-02  0.339924815021D+00  0.563359754238D-02
 -0.309821204745D-02 -0.150395622081D-01  0.298586042055D-02 -0.119303570692D-02
  0.152962012376D+00  0.215609870824D-02 -0.444649021729D-02  0.544658232949D-03
 -0.554666704432D-02  0.520542631818D-02  0.460028275551D-02  0.441174431309D+00
  0.372368481334D-02 -0.529875391058D-01  0.432930861599D-02  0.508478167504D-02
 -0.364450685037D-01 -0.887990708029D-02  0.812797808667D-02  0.313908509612D+00
  0.132441557165D-02  0.161872569211D-01  0.520907965937D-02  0.197514239113D-02
  0.451271919930D-02  0.357668043944D-01  0.129874507324D-02  0.977122225228D-02
  0.129614776485D+00 -0.477906378433D-02  0.163463498351D-02 -0.412906454720D-02
 -0.600262990448D-02  0.481601584616D-02  0.828183296636D-02 -0.468740656629D-02
  0.715898252558D-02  0.103799787085D-02  0.425281623289D+00  0.272578359154D-02
  0.267207834267D-01 -0.456078278221D-02  0.169805869702D-02  0.663198228636D-02
  0.473909191338D-02  0.285970615149D-02  0.687718737988D-04 -0.359363512804D-02
 -0.687126672743D-03  0.333153225564D+00 -0.102693403745D-01  0.300825468216D-03
 -0.844734588389D-02 -0.133387639405D-02  0.110196493232D-01 -0.150924962518D-01
 -0.202795712078D-02  0.131091778836D-01  0.114057941596D-01 -0.161840850941D-02
  0.172001480224D-01  0.135254524995D+00  0.402499379374D-02 -0.606161613082D-02
  0.317923750009D-03 -0.310895124204D-02  0.333615868959D-02  0.244334196277D-03
  0.107130182024D-02  0.470747251215D-02 -0.905696726834D-03  0.137481888126D-02
  0.318718769405D-02 -0.319141224245D-02  0.442994668523D+00  0.549977231387D-02
 -0.404319239929D-01 -0.868319358492D-02  0.272084610950D-02 -0.202695839313D-02
 -0.117953106030D-02  0.563354149194D-02 -0.216842599275D-01  0.689527957662D-02
  0.117221779067D-02  0.209093896456D-01 -0.218382918293D-01  0.516947407864D-02
  0.283426690687D+00 -0.200213619168D-03 -0.111615219258D-03  0.129060351080D-02
  0.150298611256D-03 -0.159937423378D-02  0.932204749051D-02 -0.257174206638D-02
  0.619305083949D-03  0.182440013407D-01 -0.276826789167D-02  0.248834714696D-01
 -0.344157735431D-01 -0.717495447081D-03 -0.219275805015D-01  0.170336371521D+00
 -0.401231402038D-02 -0.493426824051D-02  0.125227422156D-01 -0.845526953323D-02
 -0.185518069304D-02 -0.129312407806D-01 -0.758250457182D-02  0.466079706778D-02
  0.494337985750D-02 -0.551543331091D-02  0.138633222182D-01  0.801761381004D-02
 -0.628792585959D-02  0.118937693811D-01  0.819640421024D-02  0.735694987326D-01
 -0.144955227958D-01 -0.122361918529D-01 -0.142171139266D-01 -0.115746060732D-01
  0.345911830414D-02 -0.730468831968D-03 -0.128004140770D-01  0.188291609148D-02
 -0.214417925929D-02 -0.186897266840D-01 -0.665844151452D-02 -0.939348434462D-03
 -0.863252378414D-02  0.168362317729D-01 -0.137936775973D-02  0.932807932447D-02
  0.510820359931D+00 -0.214334666178D-01 -0.159104136172D-01  0.107359455646D-01
 -0.142277277745D-01  0.931711553394D-02 -0.110880210348D-01 -0.163624485164D-01
  0.406630525737D-02 -0.493267842364D-02 -0.273868126062D-01 -0.120000961181D-02
  0.200402222404D-02 -0.818269255067D-02 -0.255872198040D-01  0.524572056400D-02
  0.250401989885D-01  0.322333544314D-01  0.356603211990D+00  0.257867956480D-02
  0.386845933398D-03 -0.695231209466D-02 -0.391903122646D-02 -0.299327211106D-02
 -0.247970665729D-02 -0.226623873839D-02 -0.228115258343D-02  0.241616251865D-02
 -0.310284250530D-02 -0.158694954769D-02 -0.222133396822D-02 -0.162682645243D-02
  0.247594625202D-01 -0.790535170251D-02  0.197919026182D-01  0.597725839565D-02
 -0.272330154000D-02  0.288617704630D-01  0.570095016384D-02  0.257851210536D-01
  0.514133614761D-02 -0.334962914257D-02 -0.304636185699D-01 -0.109447733842D-02
 -0.102317464825D-03 -0.238020748641D-01 -0.967375204361D-02 -0.134944290399D-02
  0.576097090066D-02 -0.776050131516D-03  0.403990538878D-03 -0.255861711820D-01
 -0.296562740611D-02 -0.524455811241D-03  0.101201549005D-01 -0.126246868736D-01
 -0.350543448487D-02  0.131593736135D+00  0.651836268801D-02 -0.336509131177D-01
  0.158458886571D-01  0.274407706122D-02 -0.721498460266D-02 -0.187921577340D-02
  0.703928796872D-02  0.763376974309D-02 -0.231626756839D-02  0.104300755611D-01
  0.105215535472D-01  0.100101257368D-01  0.389866042566D-02  0.102825237308D-01
 -0.113330526705D-01  0.242331817868D-01  0.752024221402D-03 -0.249883211693D-01
 -0.922508257582D-02  0.388695094561D-01  0.339395593690D+00  0.117075239059D-01
  0.668918425541D-02 -0.554762946541D-03 -0.394778734970D-02  0.105351164526D-01
  0.226331521300D-01 -0.312507407307D-02  0.149982264270D-01  0.990745325382D-02
 -0.522842448304D-02  0.173137835937D-02 -0.881653765653D-02  0.353660866105D-03
  0.335946326299D-02  0.480627639331D-02 -0.140891324843D-01 -0.355532233571D-01
  0.319509986229D-01 -0.129498078397D-02  0.412287245110D-01  0.742094248543D-01
  0.646414478064D+00  0.221478825890D-02  0.191206107797D-01  0.100795635813D-01
 -0.860036711711D-02  0.125623617290D-01 -0.162168229388D-01  0.129847467053D-02
  0.757351116698D-02 -0.749136236222D-02  0.161846657555D-02 -0.106442415443D-01
  0.552332977219D-02  0.101792601305D-02 -0.316657921810D-01 -0.179100726261D-01
  0.829785903725D-02 -0.454956112294D-03  0.100716507198D-01 -0.146018478129D-01
 -0.300643901928D-02  0.478028297380D-01  0.126604723723D-01  0.373030020739D+00
 -0.101995142780D-01 -0.907108026608D-02  0.554128020875D-01 -0.525453722878D-02
  0.791185050384D-02 -0.464216821959D-02 -0.706699213560D-02  0.712862807519D-02
  0.882194562950D-02 -0.897591788047D-02  0.175631872000D-01  0.107039497388D-01
 -0.668701403485D-02 -0.353513450027D-01  0.593223003952D-01  0.465792980448D-01
 -0.383099443728D-02  0.268617860986D-01 -0.190347815340D-01  0.412238336824D-02
  0.113443043543D-01 -0.703598392011D-02 -0.196425682436D-02  0.281891105271D+00
  0.401011342900D-02 -0.256238566005D-01  0.203522400757D-02  0.209837210188D-02
 -0.213425315893D-01  0.105736214554D-01  0.393225611342D-02 -0.137556957550D-01
  0.310034624717D-02  0.434103520023D-02  0.202718862890D-01  0.100942784170D-01
  0.872572057721D-03 -0.422619299972D-02 -0.203736736599D-02  0.906099549421D-02
  0.158493889095D-01  0.593116744291D-02 -0.551145143963D-03 -0.168094047417D-01
  0.146461310770D-01  0.821339954731D-02  0.356368760310D-01 -0.321497553506D-02
  0.559179003927D+00  0.636066898912D-02  0.293087794804D-01  0.365442972125D-02
  0.237768329601D-02  0.103755655202D-01 -0.408099226280D-02  0.450088566202D-02
  0.165969671930D-01  0.443310488484D-02 -0.305622275368D-02 -0.592514061195D-02
  0.166550897835D-02  0.679857091472D-02  0.395414954773D-02 -0.368024094516D-02
  0.496197213291D-02  0.893370617661D-02 -0.336364299718D-02  0.335365272567D-02
  0.562475695106D-02  0.330899917352D-01  0.113142413997D-01 -0.598080547421D-02
 -0.496975897755D-02  0.285009199539D-01  0.632873602638D+00 -0.106843940128D-01
 -0.571157456257D-02 -0.686536300204D-02  0.115286979506D-02 -0.122402142002D-01
  0.740534149683D-02 -0.208642932165D-02 -0.974789103176D-02 -0.170074605137D-02
 -0.313778686942D-02  0.175805458473D-01 -0.100703008931D-02 -0.237070327606D-02
 -0.101196010998D-02  0.520665171927D-02 -0.698145513360D-02 -0.289626934207D-02
 -0.117217787570D-01 -0.256361930862D-02  0.157312064842D-01 -0.102811852390D-03
  0.151110271821D-01  0.821863018716D-02 -0.304837057260D-02 -0.139238603311D-01
  0.359713678440D-02  0.588925876815D+00  0.695758027688D-02  0.130805715282D-01
 -0.494688002231D-02  0.549728102075D-02  0.686818826583D-02 -0.424888731470D-02
  0.689759873444D-02  0.493151133411D-03  0.304762254663D-02  0.413371753310D-02
 -0.104074612352D-01  0.205505143209D-02  0.455549376730D-02 -0.501302540536D-02
 -0.143975340339D-02 -0.192131082941D-02  0.288566486791D-02 -0.120832477345D-01
  0.229845278861D-02  0.321085608883D-03 -0.864737886322D-02  0.153828966111D-01
 -0.354518042565D-01 -0.125029188953D-01  0.183559116236D-01 -0.384976491376D-02
  0.100593133698D-02  0.619393118495D+00  0.250236101134D-02 -0.127538247323D-01
 -0.805997224686D-03  0.105307028804D-02 -0.126983466385D-01  0.117138509763D-01
 -0.171785828612D-04 -0.776989062419D-02  0.372967803621D-02 -0.421775400792D-02
  0.176722538026D-01 -0.827369773243D-02  0.113339645970D-02  0.214620890168D-03
  0.148699221921D-03 -0.104934609845D-01 -0.593657528454D-02 -0.335260543641D-02
  0.362023553594D-02 -0.679523385832D-02 -0.125300314741D-01 -0.148217054429D-01
  0.111630225125D-01 -0.803538432679D-02 -0.242420389106D-01  0.131918724760D-01
 -0.188318885006D-01  0.200713258300D-01  0.621565618096D+00 -0.346168019351D-02
  0.208307844604D-01 -0.742575333014D-02  0.635359479590D-02  0.280479458535D-02
 -0.101241866686D-01  0.790534375374D-02  0.225774304845D-03 -0.235829391329D-02
  0.283882258875D-02 -0.397616097865D-02 -0.812402968837D-02  0.500403577641D-02
 -0.962769467193D-02  0.830742410489D-02 -0.198027609682D-02  0.559321857619D-02
 -0.173633686240D-01 -0.205907474994D-02  0.112713752063D-02  0.211037700504D-01
  0.654822011852D-01 -0.327723794169D-01 -0.202556181217D-01  0.284061075415D-01
  0.285514783296D-02 -0.186341008757D-01 -0.128373139279D-01  0.228349179833D-01
  0.549216968399D+00  0.299900692701D-02  0.927051502941D-03 -0.439297016278D-03
 -0.343597948818D-03  0.548739430343D-02  0.139860327898D-01 -0.202543662123D-02
  0.531959759776D-02  0.761953699119D-02 -0.827318953365D-02 -0.774817873788D-02
  0.194891562859D-02  0.259015298361D-02  0.139099454348D-01  0.553165037673D-02
 -0.114364372625D-02 -0.841395251328D-02 -0.457349156292D-02  0.398434901646D-02
  0.234434423478D-01 -0.289571561497D-01 -0.411017760688D-01  0.324393518436D-02
  0.384068152165D-02 -0.538805515902D-02 -0.552143187608D-02  0.722048625822D-02
  0.119815499514D-01 -0.552114691041D-02  0.173643267852D-01  0.415791996647D+00
 -0.995029290307D-02 -0.394488449523D-01 -0.212006185586D-02  0.321798408344D-04
 -0.763834300220D-02 -0.105174788623D-01 -0.126371591453D-02 -0.257662102303D-01
 -0.130270792097D-02  0.811302492091D-02 -0.202850408228D-02 -0.158218364353D-02
 -0.437298489126D-02 -0.140081153532D-01  0.142283221666D-01 -0.179398441836D-02
 -0.136678298046D-01  0.783060014271D-02 -0.497516055048D-02  0.652580873896D-02
  0.761628916833D-03  0.194645874850D-01  0.711706858396D-02  0.102944322075D-01
 -0.123650149229D-02 -0.796914067302D-03  0.175453975974D-03 -0.124170941963D-01
  0.106366466679D-01 -0.199441776845D-01  0.122897739743D-01  0.404858122256D+00
 -0.375610351319D-02 -0.731354489132D-02 -0.433464858321D-02 -0.134761437479D-01
  0.107133581016D-01  0.105340839398D-01 -0.980858554276D-02  0.943381747636D-02
  0.418580875998D-02 -0.123869053564D-01 -0.229046108587D-02 -0.980902943819D-03
 -0.391995718532D-02  0.305981632101D-02 -0.587466201060D-02 -0.648315111848D-02
 -0.176822321203D-01 -0.195197176378D-01 -0.180453087162D-02  0.680373700158D-02
 -0.150959793919D-01 -0.310403276892D-01 -0.758112261154D-02 -0.789407771057D-02
 -0.383566752033D-02 -0.403498938574D-02  0.936151746570D-02  0.246827892835D-02
 -0.614565684339D-02  0.710368335367D-02 -0.825850721210D-02  0.115183352681D-01
  0.417219074816D+00 -0.148017913649D-02 -0.175563397900D-01  0.335126907722D-01
  0.297339839019D-02  0.889365218641D-02 -0.477235805752D-01  0.430810006379D-02
 -0.523550508946D-02 -0.114906370797D-01 -0.112129119096D-02 -0.332298712404D-01
  0.411640958888D-01  0.420601513532D-02  0.492868263970D-02 -0.723156966499D-01
 -0.892457809063D-04 -0.722674172328D-02 -0.105334763854D-01  0.382746023913D-02
 -0.221148963345D-03  0.186472864072D-01 -0.659918767879D-02  0.123349406466D-01
 -0.167144076336D-01  0.668468736269D-02  0.855512581753D-02  0.199242823647D-02
 -0.779824174074D-03  0.776230580507D-02 -0.886115715696D-03 -0.817101362257D-02
 -0.155016068219D-01 -0.145116027186D-02  0.119150176368D+00 -0.787179690754D-02
 -0.143398741987D-01  0.354088174845D-01 -0.232930714241D-02  0.581595339198D-02
  0.308279256010D-01 -0.441899960762D-02 -0.274178261132D-02  0.441090049246D-01
 -0.657713488172D-02  0.210487973155D-01  0.297667395019D-01 -0.311218860840D-02
 -0.412000975333D-01  0.510967357548D-01  0.225283365812D-01 -0.812378145829D-02
  0.253035108991D-01 -0.169564480509D-01  0.524872682390D-02  0.216286998737D-01
 -0.536027765151D-02 -0.570645246530D-02  0.114813841536D+00  0.895643593557D-02
 -0.100366809134D-01  0.692064532519D-02 -0.156790039960D-01 -0.131559525327D-02
 -0.160563543030D-01  0.866311523522D-03  0.881222027517D-02 -0.523981805997D-02
 -0.134014443169D-01  0.140793191277D+00 -0.199111041147D-02  0.849945803479D-03
  0.514702190476D-01 -0.212754677957D-02  0.514906403622D-02 -0.430732231251D-01
 -0.377104062303D-02  0.145204168086D-01 -0.356708935703D-01 -0.633942298357D-02
  0.134027338151D-01 -0.378156515605D-01 -0.218095582902D-02 -0.204941065290D-01
  0.628615565422D-01  0.223121653317D-01  0.774993376655D-04  0.124994576994D-01
 -0.921685504212D-02  0.195947084475D-02  0.595441425070D-02 -0.885613742990D-02
  0.670824671878D-02  0.856664400060D-01 -0.123733138943D-01  0.321963641288D-02
 -0.114628486344D-01  0.301007185451D-02 -0.135966430809D-01  0.453045590206D-02
  0.749474577564D-03  0.123828977221D-01 -0.747726721336D-02 -0.170678231001D-01
  0.179902540596D-01  0.122449773627D+00
$end
