$hessian (projected)
 1  1   0.6597186258  -0.0096387630   0.0869398605  -0.2929405327  -0.0213975951
 1  2  -0.0390807979  -0.0068741596   0.0830396293   0.0078284662  -0.0588922955
 1  3  -0.0275700381  -0.0117347913   0.0645733901  -0.0365789296   0.0068710676
 1  4  -0.2017870886  -0.0624486246  -0.0302841802  -0.1488742218   0.0879936945
 1  5  -0.0129931914   0.0200621385   0.0067144739  -0.0036840433  -0.0119692071
 1  6   0.0025983747  -0.0050112695   0.0024993171   0.0012559148  -0.0010387325
 1  7  -0.0013391158  -0.0010876126  -0.0002960572   0.0005041748   0.0040268407
 1  8  -0.0010568740  -0.0170330388  -0.0236489242  -0.0064252495  -0.0076479864
 1  9  -0.0032584408   0.0099657926
 2  1  -0.0096387630   0.6696990172   0.0604573957   0.0322517544  -0.1222292862
 2  2   0.0013568525   0.0399632476   0.0127350410   0.0072274926  -0.0266075282
 2  3  -0.0001934147  -0.0039631933   0.0086212498  -0.0556290119  -0.0048250911
 2  4  -0.1156613484  -0.2094854670  -0.0366359262   0.0957479862  -0.2502161493
 2  5  -0.0033026341  -0.0176277629  -0.0601336184  -0.0115676095  -0.0271420882
 2  6   0.0096710816  -0.0038308353   0.0020387560  -0.0048929488  -0.0013256170
 2  7  -0.0009367047   0.0005230346   0.0000167223   0.0029938694  -0.0024206758
 2  8  -0.0000474160   0.0078410783   0.0080556634   0.0019787091   0.0081562537
 2  9   0.0045167342  -0.0055388497
 3  1   0.0869398605   0.0604573957   0.1979203425  -0.0338247177  -0.0064930561
 3  2  -0.0782044635   0.0019961598   0.0148265526   0.0030943548  -0.0102274569
 3  3  -0.0039196942  -0.0085261625   0.0102525318  -0.0111533974   0.0029887344
 3  4  -0.0370234601  -0.0281872997  -0.0813030314  -0.0128585674  -0.0087028689
 3  5  -0.0560911195   0.0057087575  -0.0132395055  -0.0060097713  -0.0047201178
 3  6   0.0003474294   0.0039969121  -0.0007212890  -0.0011152287   0.0079444782
 3  7  -0.0002011824  -0.0001063439  -0.0004304187  -0.0010720625  -0.0001929745
 3  8   0.0075922150  -0.0031850874  -0.0040016306   0.0044639358  -0.0010633682
 3  9   0.0014806217   0.0025639941
 4  1  -0.2929405327   0.0322517544  -0.0338247177   0.6575897469   0.0213897966
 4  2   0.0871467421  -0.1545760555   0.0467428325  -0.0117693981   0.0557697461
 4  3   0.0088521579   0.0088425550  -0.0378093647   0.0237085515  -0.0035977183
 4  4  -0.0280377308  -0.0475060346  -0.0101328611  -0.0222666086   0.0311687931
 4  5  -0.0036285536  -0.0043649828  -0.0049964917  -0.0005411572  -0.1626620043
 4  6  -0.1375555606  -0.0288258434  -0.0093809537   0.0296658301   0.0008642556
 4  7  -0.0014784104  -0.0045072465  -0.0018298261  -0.0002363586   0.0009876975
 4  8   0.0001234331  -0.0009274474  -0.0026752498  -0.0014758972   0.0013209565
 4  9   0.0024731696  -0.0013510130
 5  1  -0.0213975951  -0.1222292862  -0.0064930561   0.0213897966   0.7410280816
 5  2   0.0529892260   0.1063406343  -0.3241327127  -0.0074837338  -0.0353295287
 5  3  -0.0566701198  -0.0125741831   0.0335478673  -0.0206340943   0.0039428832
 5  4  -0.0208240883   0.0394926682   0.0003082588   0.0516842586  -0.0243841055
 5  5   0.0009908797   0.0053058016   0.0062920461   0.0062729069  -0.1356671430
 5  6  -0.2324388196  -0.0325177192  -0.0001408221  -0.0000294486  -0.0006065614
 5  7  -0.0029022372  -0.0019477824  -0.0012397288   0.0010219310  -0.0002575404
 5  8   0.0000639282  -0.0040775581  -0.0037808125  -0.0016876626   0.0010486831
 5  9  -0.0003080738  -0.0019654379
 6  1  -0.0390807979   0.0013568525  -0.0782044635   0.0871467421   0.0529892260
 6  2   0.1464193940  -0.0056608878  -0.0165365336  -0.0620047196   0.0041580131
 6  3  -0.0047052044   0.0092558366  -0.0026157531   0.0023106782  -0.0040156730
 6  4  -0.0080332026  -0.0056720995   0.0061938482  -0.0022653255   0.0010066500
 6  5   0.0105273964   0.0038779210  -0.0013760169   0.0007266411  -0.0309868280
 6  6  -0.0358884328  -0.0414976839  -0.0022596054   0.0045030741   0.0042141392
 6  7  -0.0016156814  -0.0015039614   0.0056394351   0.0002316736   0.0002270289
 6  8  -0.0009376205  -0.0015117182  -0.0013603066   0.0048446664  -0.0013845500
 6  9   0.0046490456  -0.0011611966
 7  1  -0.0068741596   0.0399632476   0.0019961598  -0.1545760555   0.1063406343
 7  2  -0.0056608878   0.7101125020  -0.0140193951   0.0960261100  -0.1960772315
 7  3  -0.1307717928  -0.0363503637  -0.0434148413  -0.0164868381  -0.0108623054
 7  4  -0.0028341729  -0.0143147339  -0.0016263858  -0.0056511623  -0.0025478979
 7  5  -0.0009619344  -0.0011610397  -0.0009863453  -0.0001484324   0.0117552567
 7  6  -0.0165172414  -0.0001078888  -0.3183141287   0.0362425904  -0.0431132055
 7  7   0.0106376744   0.0133620252   0.0030087186  -0.0057273935   0.0010091047
 7  8  -0.0020415827   0.0006472605  -0.0002538760   0.0002714936   0.0014774912
 7  9  -0.0010194816  -0.0004294956
 8  1   0.0830396293   0.0127350410   0.0148265526   0.0467428325  -0.3241327127
 8  2  -0.0165365336  -0.0140193951   0.6756975346   0.0508760055  -0.0710360874
 8  3  -0.2554508877  -0.0324127176  -0.0636386007   0.0378684546  -0.0078332476
 8  4  -0.0010882363  -0.0538949175  -0.0058470408  -0.0106880406   0.0079566348
 8  5   0.0014960868  -0.0017540863  -0.0045048401  -0.0038411441   0.0122035366
 8  6  -0.0155736113  -0.0006951358   0.0360894574  -0.0626635446   0.0040025499
 8  7  -0.0179739644  -0.0182868135  -0.0052078131   0.0026073524   0.0017852146
 8  8   0.0003196299  -0.0008340503  -0.0012054445  -0.0004657625   0.0003496530
 8  9  -0.0003301076   0.0013185704
 9  1   0.0078284662   0.0072274926   0.0030943548  -0.0117693981  -0.0074837338
 9  2  -0.0620047196   0.0960261100   0.0508760055   0.1587484315  -0.0301380001
 9  3  -0.0423775510  -0.0725915827  -0.0153669580  -0.0000261230   0.0061955763
 9  4  -0.0000553364  -0.0072577688  -0.0050577719  -0.0032109523   0.0003401462
 9  5   0.0063750220  -0.0004490052  -0.0001262463  -0.0001159445   0.0025212727
 9  6  -0.0044216061   0.0018910099  -0.0434616062   0.0036015666  -0.0435330438
 9  7  -0.0001842925   0.0003062748   0.0011716410  -0.0018759233  -0.0002235042
 9  8   0.0061385688   0.0001623131  -0.0001130245  -0.0006400463  -0.0000266898
 9  9  -0.0003219279   0.0003285045
10  1  -0.0588922955  -0.0266075282  -0.0102274569   0.0557697461  -0.0353295287
10  2   0.0041580131  -0.1960772315  -0.0710360874  -0.0301380001   0.6592194336
10  3  -0.0361563498   0.0923096675  -0.3282021105   0.0049933337  -0.0480818838
10  4  -0.0150487546   0.0770864652   0.0041496110   0.0045057747   0.0061073238
10  5  -0.0021231631   0.0001880974  -0.0017160573   0.0031510325  -0.0000190501
10  6   0.0036199739  -0.0004185064  -0.0147519882  -0.0245082330  -0.0058989284
10  7  -0.0965510182   0.0975186614  -0.0018082797  -0.0123664913   0.0041989334
10  8  -0.0026550584   0.0020763592   0.0013245553  -0.0005479259   0.0001495287
10  9   0.0005045378  -0.0018691213
11  1  -0.0275700381  -0.0001934147  -0.0039196942   0.0088521579  -0.0566701198
11  2  -0.0047052044  -0.1307717928  -0.2554508877  -0.0423775510  -0.0361563498
11  3   0.7220296547   0.0535043635   0.0635372395  -0.1239370204   0.0050722483
11  4   0.0328487944   0.0079733720   0.0056853966   0.0045804690  -0.0100065698
11  5  -0.0014145136   0.0021062395   0.0034312843   0.0018768030   0.0031230018
11  6  -0.0028045752  -0.0002993629   0.0064319399   0.0079172871   0.0013429641
11  7   0.0974883328  -0.2930276923  -0.0093442147  -0.0266825009   0.0059959146
11  8  -0.0046061199   0.0026114945  -0.0049317848  -0.0006211426  -0.0003989876
11  9  -0.0003254479  -0.0001939721
12  1  -0.0117347913  -0.0039631933  -0.0085261625   0.0088425550  -0.0125741831
12  2   0.0092558366  -0.0363503637  -0.0324127176  -0.0725915827   0.0923096675
12  3   0.0535043635   0.1446931400  -0.0418065382  -0.0049386581  -0.0708475409
12  4  -0.0013840310   0.0132141439   0.0111791803   0.0013597696   0.0002596852
12  5  -0.0013746446  -0.0004181510   0.0003691412   0.0007452030  -0.0006163520
12  6  -0.0001564815   0.0071684809  -0.0023286289  -0.0036638789   0.0022659833
12  7  -0.0021154030  -0.0092444460  -0.0306528050  -0.0053742801   0.0011254128
12  8   0.0019981963  -0.0006880673  -0.0009386156   0.0069602197   0.0003046146
12  9  -0.0005805725  -0.0002735044
13  1   0.0645733901   0.0086212498   0.0102525318  -0.0378093647   0.0335478673
13  2  -0.0026157531  -0.0434148413  -0.0636386007  -0.0153669580  -0.3282021105
13  3   0.0635372395  -0.0418065382   0.6797147829   0.0138979985   0.0994729474
13  4  -0.1561277788   0.0537230225  -0.0122752711  -0.0068614762  -0.0085702418
13  5  -0.0003277372   0.0006489595   0.0009623047  -0.0031343462  -0.0006454196
13  6   0.0003425675  -0.0002353828  -0.0003423825  -0.0030157798  -0.0012175354
13  7  -0.0061464509  -0.0011000918  -0.0017707970  -0.1575857335  -0.1270088189
13  8  -0.0341828600  -0.0073029153   0.0290086416   0.0012426863  -0.0004986592
13  9  -0.0003073583   0.0019650136
14  1  -0.0365789296  -0.0556290119  -0.0111533974   0.0237085515  -0.0206340943
14  2   0.0023106782  -0.0164868381   0.0378684546  -0.0000261230   0.0049933337
14  3  -0.1239370204  -0.0049386581   0.0138979985   0.7054573174   0.0584735663
14  4   0.1128622560  -0.3229137759  -0.0053625521  -0.0005642338   0.0087994257
14  5  -0.0023718455   0.0003507232  -0.0043046394   0.0008025354   0.0011158790
14  6   0.0004625830   0.0003915853  -0.0043800735  -0.0034525618  -0.0019622050
14  7   0.0301304559  -0.0018897882   0.0053197246  -0.1271519197  -0.2199413363
14  8  -0.0406593116  -0.0013530811   0.0002895176  -0.0002214896  -0.0005441220
14  9  -0.0001750700  -0.0006025076
15  1   0.0068710676  -0.0048250911   0.0029887344  -0.0035977183   0.0039428832
15  2  -0.0040156730  -0.0108623054  -0.0078332476   0.0061955763  -0.0480818838
15  3   0.0050722483  -0.0708475409   0.0994729474   0.0584735663   0.1575750867
15  4  -0.0061393806  -0.0156112010  -0.0605604529  -0.0015660554  -0.0017554630
15  5   0.0045247696  -0.0001957993   0.0004996553   0.0010877820   0.0000979621
15  6   0.0002202382  -0.0007351457  -0.0015695154  -0.0015278234   0.0060864559
15  7   0.0017843228  -0.0005273110   0.0012308087  -0.0342624692  -0.0408024302
15  8  -0.0451695436  -0.0017378281   0.0050000512   0.0017274163  -0.0002133444
15  9  -0.0003260752  -0.0000882736
16  1  -0.2017870886  -0.1156613484  -0.0370234601  -0.0280377308  -0.0208240883
16  2  -0.0080332026  -0.0028341729  -0.0010882363  -0.0000553364  -0.0150487546
16  3   0.0328487944  -0.0013840310  -0.1561277788   0.1128622560  -0.0061393806
16  4   0.7050811050  -0.0462232306   0.0994071069   0.0199858207   0.0097947323
16  5   0.0038888354  -0.0012719491   0.0033120257   0.0012708602  -0.0052288358
16  6   0.0017691569  -0.0020076855   0.0007740224   0.0000378904   0.0003415431
16  7  -0.0053690757   0.0011882508  -0.0019099718   0.0096718719  -0.0208695742
16  8  -0.0007855937  -0.3213959594   0.0425942343  -0.0465777686   0.0015885258
16  9   0.0002591371  -0.0009919153
17  1  -0.0624486246  -0.2094854670  -0.0281872997  -0.0475060346   0.0394926682
17  2  -0.0056720995  -0.0143147339  -0.0538949175  -0.0072577688   0.0770864652
17  3   0.0079733720   0.0132141439   0.0537230225  -0.3229137759  -0.0156112010
17  4  -0.0462232306   0.6875089726   0.0504071089  -0.0179299906  -0.0795041960
17  5  -0.0124761408   0.0071630908   0.0117636081   0.0001441268   0.0020586684
17  6  -0.0002216540  -0.0002160467  -0.0000498268  -0.0012797547   0.0002996277
17  7  -0.0004328942   0.0020914478  -0.0007813784   0.0099847469  -0.0185721501
17  8  -0.0007114435   0.0410047571  -0.0628565196   0.0037386941  -0.0021154155
17  9  -0.0001016338   0.0031096770
18  1  -0.0302841802  -0.0366359262  -0.0813030314  -0.0101328611   0.0003082588
18  2   0.0061938482  -0.0016263858  -0.0058470408  -0.0050577719   0.0041496110
18  3   0.0056853966   0.0111791803  -0.0122752711  -0.0053625521  -0.0605604529
18  4   0.0994071069   0.0504071089   0.1466297895  -0.0012838646  -0.0069702058
18  5   0.0101284345   0.0002157126   0.0013462394   0.0011870619  -0.0014330573
18  6  -0.0001662457   0.0048909438   0.0003131313   0.0000025362  -0.0008866894
18  7  -0.0021049464  -0.0002247295   0.0056190017   0.0020179422  -0.0057075549
18  8   0.0030248592  -0.0468612881   0.0043433043  -0.0413606675  -0.0001016495
18  9  -0.0011785892   0.0003154941
19  1  -0.1488742218   0.0957479862  -0.0128585674  -0.0222666086   0.0516842586
19  2  -0.0022653255  -0.0056511623  -0.0106880406  -0.0032109523   0.0045057747
19  3   0.0045804690   0.0013597696  -0.0068614762  -0.0005642338  -0.0015660554
19  4   0.0199858207  -0.0179299906  -0.0012838646   0.2103893333  -0.0938124340
19  5   0.0308472296  -0.0437092927  -0.0165011371  -0.0087637888   0.0020235618
19  6  -0.0009865803   0.0011098232  -0.0009945211   0.0017368486   0.0002095314
19  7   0.0003403333   0.0000878613   0.0002959670   0.0002927054  -0.0011406823
19  8   0.0002271456   0.0020784416   0.0009473197   0.0010816981  -0.0112586881
19  9  -0.0131616447  -0.0051826104
20  1   0.0879936945  -0.2502161493  -0.0087028689   0.0311687931  -0.0243841055
20  2   0.0010066500  -0.0025478979   0.0079566348   0.0003401462   0.0061073238
20  3  -0.0100065698   0.0002596852  -0.0085702418   0.0087994257  -0.0017554630
20  4   0.0097947323  -0.0795041960  -0.0069702058  -0.0938124340   0.3884201056
20  5   0.0403738306  -0.0156141199  -0.0331923902  -0.0439093516   0.0011633934
20  6  -0.0034020492  -0.0005757886   0.0008843236  -0.0007489686   0.0006032080
20  7   0.0003813468  -0.0002794378   0.0001021397   0.0001167922  -0.0022263845
20  8  -0.0006893081   0.0011830477   0.0023633534   0.0011105563  -0.0182487537
20  9  -0.0035792686   0.0188067699
21  1  -0.0129931914  -0.0033026341  -0.0560911195  -0.0036285536   0.0009908797
21  2   0.0105273964  -0.0009619344   0.0014960868   0.0063750220  -0.0021231631
21  3  -0.0014145136  -0.0013746446  -0.0003277372  -0.0023718455   0.0045247696
21  4   0.0038888354  -0.0124761408   0.0101284345   0.0308472296   0.0403738306
21  5   0.0637906701  -0.0183863522  -0.0351625662  -0.0476595573   0.0008062130
21  6  -0.0000766280  -0.0029023726   0.0001557890   0.0001853401  -0.0005793560
21  7   0.0001675640  -0.0000410275  -0.0004958948   0.0002404211  -0.0008189095
21  8  -0.0002537669   0.0012733291   0.0010773510  -0.0030321567   0.0010415507
21  9   0.0115407770   0.0170425758
22  1   0.0200621385  -0.0176277629   0.0057087575  -0.0043649828   0.0053058016
22  2   0.0038779210  -0.0011610397  -0.0017540863  -0.0004490052   0.0001880974
22  3   0.0021062395  -0.0004181510   0.0006489595   0.0003507232  -0.0001957993
22  4  -0.0012719491   0.0071630908   0.0002157126  -0.0437092927  -0.0156141199
22  5  -0.0183863522   0.2521224850   0.0714289043  -0.1806103097  -0.0015603646
22  6   0.0057894677  -0.0004405938  -0.0004967192   0.0003642041   0.0001425701
22  7  -0.0001747587   0.0001917453  -0.0000714376  -0.0000000072   0.0007165369
22  8   0.0000876192  -0.0001008679  -0.0004088136  -0.0000491817  -0.2201816984
22  9  -0.0580119308   0.1905882499
23  1   0.0067144739  -0.0601336184  -0.0132395055  -0.0049964917   0.0062920461
23  2  -0.0013760169  -0.0009863453  -0.0045048401  -0.0001262463  -0.0017160573
23  3   0.0034312843   0.0003691412   0.0009623047  -0.0043046394   0.0004996553
23  4   0.0033120257   0.0117636081   0.0013462394  -0.0165011371  -0.0331923902
23  5  -0.0351625662   0.0714289043   0.1194965706   0.0201460783   0.0007299189
23  6  -0.0000969448  -0.0017818523  -0.0005181562   0.0005953697  -0.0004587815
23  7  -0.0001413357  -0.0000109093  -0.0001290908   0.0001461271   0.0003356308
23  8   0.0003321421  -0.0003873654  -0.0003544338  -0.0004003505  -0.0580468656
23  9  -0.0393167334   0.0299811539
24  1  -0.0036840433  -0.0115676095  -0.0060097713  -0.0005411572   0.0062729069
24  2   0.0007266411  -0.0001484324  -0.0038411441  -0.0001159445   0.0031510325
24  3   0.0018768030   0.0007452030  -0.0031343462   0.0008025354   0.0010877820
24  4   0.0012708602   0.0001441268   0.0011870619  -0.0087637888  -0.0439093516
24  5  -0.0476595573  -0.1806103097   0.0201460783   0.2472100251   0.0009368150
24  6  -0.0020150730   0.0003914756  -0.0000709672  -0.0000001221  -0.0000831417
24  7   0.0001792523   0.0001233590  -0.0002551357  -0.0000069739   0.0000377967
24  8   0.0001048726   0.0000322366   0.0001073721  -0.0005537414   0.1913898221
24  9   0.0318223221  -0.1967757694
25  1  -0.0119692071  -0.0271420882  -0.0047201178  -0.1626620043  -0.1356671430
25  2  -0.0309868280   0.0117552567   0.0122035366   0.0025212727  -0.0000190501
25  3   0.0031230018  -0.0006163520  -0.0006454196   0.0011158790   0.0000979621
25  4  -0.0052288358   0.0020586684  -0.0014330573   0.0020235618   0.0011633934
25  5   0.0008062130  -0.0015603646   0.0007299189   0.0009368150   0.1681128593
25  6   0.1436794942   0.0337105017   0.0008859287  -0.0006915048   0.0006310456
25  7   0.0004149180   0.0007637107   0.0001193084   0.0000349146  -0.0001041243
25  8   0.0001259332  -0.0009311806  -0.0012305654  -0.0003273895  -0.0002113769
25  9  -0.0000021774  -0.0008653074
26  1   0.0025983747   0.0096710816   0.0003474294  -0.1375555606  -0.2324388196
26  2  -0.0358884328  -0.0165172414  -0.0155736113  -0.0044216061   0.0036199739
26  3  -0.0028045752  -0.0001564815   0.0003425675   0.0004625830   0.0002202382
26  4   0.0017691569  -0.0002216540  -0.0001662457  -0.0009865803  -0.0034020492
26  5  -0.0000766280   0.0057894677  -0.0000969448  -0.0020150730   0.1436794942
26  6   0.2441497584   0.0400617942   0.0000554662   0.0011418338   0.0003694998
26  7  -0.0007134803  -0.0007148318  -0.0001854800  -0.0000763595  -0.0000339452
26  8   0.0000559655   0.0005927731   0.0003963230   0.0001155913  -0.0025980521
26  9  -0.0005351488   0.0017394286
27  1  -0.0050112695  -0.0038308353   0.0039969121  -0.0288258434  -0.0325177192
27  2  -0.0414976839  -0.0001078888  -0.0006951358   0.0018910099  -0.0004185064
27  3  -0.0002993629   0.0071684809  -0.0002353828   0.0003915853  -0.0007351457
27  4  -0.0020076855  -0.0002160467   0.0048909438   0.0011098232  -0.0005757886
27  5  -0.0029023726  -0.0004405938  -0.0017818523   0.0003914756   0.0337105017
27  6   0.0400617942   0.0327173065   0.0008901089   0.0004347003  -0.0041973876
27  7  -0.0001130095  -0.0000114674   0.0006073882   0.0001447816   0.0000584481
27  8  -0.0008160988  -0.0000525642  -0.0002045603  -0.0004605451   0.0013575284
27  9  -0.0008137596  -0.0010542833
28  1   0.0024993171   0.0020387560  -0.0007212890  -0.0093809537  -0.0001408221
28  2  -0.0022596054  -0.3183141287   0.0360894574  -0.0434616062  -0.0147519882
28  3   0.0064319399  -0.0023286289  -0.0003423825  -0.0043800735  -0.0015695154
28  4   0.0007740224  -0.0000498268   0.0003131313  -0.0009945211   0.0008843236
28  5   0.0001557890  -0.0004967192  -0.0005181562  -0.0000709672   0.0008859287
28  6   0.0000554662   0.0008901089   0.3400815091  -0.0401478195   0.0486047239
28  7   0.0008409305  -0.0005919844   0.0007235192  -0.0009738227   0.0002276382
28  8  -0.0002468687  -0.0001410833   0.0000235822   0.0001229276   0.0003138915
28  9   0.0000775192  -0.0001517192
29  1   0.0012559148  -0.0048929488  -0.0011152287   0.0296658301  -0.0000294486
29  2   0.0045030741   0.0362425904  -0.0626635446   0.0036015666  -0.0245082330
29  3   0.0079172871  -0.0036638789  -0.0030157798  -0.0034525618  -0.0015278234
29  4   0.0000378904  -0.0012797547   0.0000025362   0.0017368486  -0.0007489686
29  5   0.0001853401   0.0003642041   0.0005953697  -0.0000001221  -0.0006915048
29  6   0.0011418338   0.0004347003  -0.0401478195   0.0622340433  -0.0030285503
29  7   0.0007003110   0.0009842395   0.0006164570  -0.0013369803   0.0001433798
29  8  -0.0002847011   0.0000270140   0.0000887360   0.0000935547  -0.0003302859
29  9  -0.0000376622   0.0001830755
30  1  -0.0010387325  -0.0013256170   0.0079444782   0.0008642556  -0.0006065614
30  2   0.0042141392  -0.0431132055   0.0040025499  -0.0435330438  -0.0058989284
30  3   0.0013429641   0.0022659833  -0.0012175354  -0.0019622050   0.0060864559
30  4   0.0003415431   0.0002996277  -0.0008866894   0.0002095314   0.0006032080
30  5  -0.0005793560   0.0001425701  -0.0004587815  -0.0000831417   0.0006310456
30  6   0.0003694998  -0.0041973876   0.0486047239  -0.0030285503   0.0330748409
30  7   0.0008832658   0.0003446083  -0.0036639723  -0.0003666006  -0.0000016379
30  8   0.0002711681   0.0001341940   0.0001050737  -0.0008030734  -0.0001761271
30  9   0.0003158216  -0.0001104014
31  1  -0.0013391158  -0.0009367047  -0.0002011824  -0.0014784104  -0.0029022372
31  2  -0.0016156814   0.0106376744  -0.0179739644  -0.0001842925  -0.0965510182
31  3   0.0974883328  -0.0021154030  -0.0061464509   0.0301304559   0.0017843228
31  4  -0.0053690757  -0.0004328942  -0.0021049464   0.0003403333   0.0003813468
31  5   0.0001675640  -0.0001747587  -0.0001413357   0.0001792523   0.0004149180
31  6  -0.0007134803  -0.0001130095   0.0008409305   0.0007003110   0.0008832658
31  7   0.0981194908  -0.1062886285   0.0027315203   0.0010031187  -0.0007517386
31  8   0.0007915050  -0.0004524379   0.0014635905  -0.0000649042   0.0001548018
31  9  -0.0000230532  -0.0001380107
32  1  -0.0010876126   0.0005230346  -0.0001063439  -0.0045072465  -0.0019477824
32  2  -0.0015039614   0.0133620252  -0.0182868135   0.0003062748   0.0975186614
32  3  -0.2930276923  -0.0092444460  -0.0011000918  -0.0018897882  -0.0005273110
32  4   0.0011882508   0.0020914478  -0.0002247295   0.0000878613  -0.0002794378
32  5  -0.0000410275   0.0001917453  -0.0000109093   0.0001233590   0.0007637107
32  6  -0.0007148318  -0.0000114674  -0.0005919844   0.0009842395   0.0003446083
32  7  -0.1062886285   0.3121621948   0.0103893048   0.0005589922   0.0008288026
32  8   0.0005829062  -0.0000638858  -0.0002319042  -0.0000966256  -0.0000317972
32  9  -0.0002005598   0.0000094591
33  1  -0.0002960572   0.0000167223  -0.0004304187  -0.0018298261  -0.0012397288
33  2   0.0056394351   0.0030087186  -0.0052078131   0.0011716410  -0.0018082797
33  3  -0.0093442147  -0.0306528050  -0.0017707970   0.0053197246   0.0012308087
33  4  -0.0019099718  -0.0007813784   0.0056190017   0.0002959670   0.0001021397
33  5  -0.0004958948  -0.0000714376  -0.0001290908  -0.0002551357   0.0001193084
33  6  -0.0001854800   0.0006073882   0.0007235192   0.0006164570  -0.0036639723
33  7   0.0027315203   0.0103893048   0.0241601655   0.0009118863   0.0002889997
33  8  -0.0036383310  -0.0002108169   0.0001811109   0.0006916332   0.0001062665
33  9  -0.0000267531   0.0000164841
34  1   0.0005041748   0.0029938694  -0.0010720625  -0.0002363586   0.0010219310
34  2   0.0002316736  -0.0057273935   0.0026073524  -0.0018759233  -0.0123664913
34  3  -0.0266825009  -0.0053742801  -0.1575857335  -0.1271519197  -0.0342624692
34  4   0.0096718719   0.0099847469   0.0020179422   0.0002927054   0.0001167922
34  5   0.0002404211  -0.0000000072   0.0001461271  -0.0000069739   0.0000349146
34  6  -0.0000763595   0.0001447816  -0.0009738227  -0.0013369803  -0.0003666006
34  7   0.0010031187   0.0005589922   0.0009118863   0.1645816800   0.1386020049
34  8   0.0385499078   0.0007792436  -0.0006773874   0.0008343406   0.0000220977
34  9  -0.0001066681   0.0000273565
35  1   0.0040268407  -0.0024206758  -0.0001929745   0.0009876975  -0.0002575404
35  2   0.0002270289   0.0010091047   0.0017852146  -0.0002235042   0.0041989334
35  3   0.0059959146   0.0011254128  -0.1270088189  -0.2199413363  -0.0408024302
35  4  -0.0208695742  -0.0185721501  -0.0057075549  -0.0011406823  -0.0022263845
35  5  -0.0008189095   0.0007165369   0.0003356308   0.0000377967  -0.0001041243
35  6  -0.0000339452   0.0000584481   0.0002276382   0.0001433798  -0.0000016379
35  7  -0.0007517386   0.0008288026   0.0002889997   0.1386020049   0.2333325130
35  8   0.0450860817   0.0004899810   0.0011570419   0.0006440787  -0.0003837991
35  9  -0.0001264649   0.0002791647
36  1  -0.0010568740  -0.0000474160   0.0075922150   0.0001234331   0.0000639282
36  2  -0.0009376205  -0.0020415827   0.0003196299   0.0061385688  -0.0026550584
36  3  -0.0046061199   0.0019981963  -0.0341828600  -0.0406593116  -0.0451695436
36  4  -0.0007855937  -0.0007114435   0.0030248592   0.0002271456  -0.0006893081
36  5  -0.0002537669   0.0000876192   0.0003321421   0.0001048726   0.0001259332
36  6   0.0000559655  -0.0008160988  -0.0002468687  -0.0002847011   0.0002711681
36  7   0.0007915050   0.0005829062  -0.0036383310   0.0385499078   0.0450860817
36  8   0.0358843788   0.0009930662   0.0004170643  -0.0041258087   0.0000702274
36  9   0.0001405824  -0.0000730893
37  1  -0.0170330388   0.0078410783  -0.0031850874  -0.0009274474  -0.0040775581
37  2  -0.0015117182   0.0006472605  -0.0008340503   0.0001623131   0.0020763592
37  3   0.0026114945  -0.0006880673  -0.0073029153  -0.0013530811  -0.0017378281
37  4  -0.3213959594   0.0410047571  -0.0468612881   0.0020784416   0.0011830477
37  5   0.0012733291  -0.0001008679  -0.0003873654   0.0000322366  -0.0009311806
37  6   0.0005927731  -0.0000525642  -0.0001410833   0.0000270140   0.0001341940
37  7  -0.0004524379  -0.0000638858  -0.0002108169   0.0007792436   0.0004899810
37  8   0.0009930662   0.3424682959  -0.0469640113   0.0517318038   0.0002353296
37  9  -0.0000701936  -0.0000795725
38  1  -0.0236489242   0.0080556634  -0.0040016306  -0.0026752498  -0.0037808125
38  2  -0.0013603066  -0.0002538760  -0.0012054445  -0.0001130245   0.0013245553
38  3  -0.0049317848  -0.0009386156   0.0290086416   0.0002895176   0.0050000512
38  4   0.0425942343  -0.0628565196   0.0043433043   0.0009473197   0.0023633534
38  5   0.0010773510  -0.0004088136  -0.0003544338   0.0001073721  -0.0012305654
38  6   0.0003963230  -0.0002045603   0.0000235822   0.0000887360   0.0001050737
38  7   0.0014635905  -0.0002319042   0.0001811109  -0.0006773874   0.0011570419
38  8   0.0004170643  -0.0469640113   0.0610299088  -0.0043917155   0.0004969041
38  9  -0.0000196446  -0.0002214742
39  1  -0.0064252495   0.0019787091   0.0044639358  -0.0014758972  -0.0016876626
39  2   0.0048446664   0.0002714936  -0.0004657625  -0.0006400463  -0.0005479259
39  3  -0.0006211426   0.0069602197   0.0012426863  -0.0002214896   0.0017274163
39  4  -0.0465777686   0.0037386941  -0.0413606675   0.0010816981   0.0011105563
39  5  -0.0030321567  -0.0000491817  -0.0004003505  -0.0005537414  -0.0003273895
39  6   0.0001155913  -0.0004605451   0.0001229276   0.0000935547  -0.0008030734
39  7  -0.0000649042  -0.0000966256   0.0006916332   0.0008343406   0.0006440787
39  8  -0.0041258087   0.0517318038  -0.0043917155   0.0323300144   0.0001833667
39  9   0.0002035649  -0.0000418466
40  1  -0.0076479864   0.0081562537  -0.0010633682   0.0013209565   0.0010486831
40  2  -0.0013845500   0.0014774912   0.0003496530  -0.0000266898   0.0001495287
40  3  -0.0003989876   0.0003046146  -0.0004986592  -0.0005441220  -0.0002133444
40  4   0.0015885258  -0.0021154155  -0.0001016495  -0.0112586881  -0.0182487537
40  5   0.0010415507  -0.2201816984  -0.0580468656   0.1913898221  -0.0002113769
40  6  -0.0025980521   0.0013575284   0.0003138915  -0.0003302859  -0.0001761271
40  7   0.0001548018  -0.0000317972   0.0001062665   0.0000220977  -0.0003837991
40  8   0.0000702274   0.0002353296   0.0004969041   0.0001833667   0.2345357862
40  9   0.0726465849  -0.1914876473
41  1  -0.0032584408   0.0045167342   0.0014806217   0.0024731696  -0.0003080738
41  2   0.0046490456  -0.0010194816  -0.0003301076  -0.0003219279   0.0005045378
41  3  -0.0003254479  -0.0005805725  -0.0003073583  -0.0001750700  -0.0003260752
41  4   0.0002591371  -0.0001016338  -0.0011785892  -0.0131616447  -0.0035792686
41  5   0.0115407770  -0.0580119308  -0.0393167334   0.0318223221  -0.0000021774
41  6  -0.0005351488  -0.0008137596   0.0000775192  -0.0000376622   0.0003158216
41  7  -0.0000230532  -0.0002005598  -0.0000267531  -0.0001066681  -0.0001264649
41  8   0.0001405824  -0.0000701936  -0.0000196446   0.0002035649   0.0726465849
41  9   0.0405390814  -0.0469050577
42  1   0.0099657926  -0.0055388497   0.0025639941  -0.0013510130  -0.0019654379
42  2  -0.0011611966  -0.0004294956   0.0013185704   0.0003285045  -0.0018691213
42  3  -0.0001939721  -0.0002735044   0.0019650136  -0.0006025076  -0.0000882736
42  4  -0.0009919153   0.0031096770   0.0003154941  -0.0051826104   0.0188067699
42  5   0.0170425758   0.1905882499   0.0299811539  -0.1967757694  -0.0008653074
42  6   0.0017394286  -0.0010542833  -0.0001517192   0.0001830755  -0.0001104014
42  7  -0.0001380107   0.0000094591   0.0000164841   0.0000273565   0.0002791647
42  8  -0.0000730893  -0.0000795725  -0.0002214742  -0.0000418466  -0.1914876473
42  9  -0.0469050577   0.1793113120
$end
