$vibrational normal modes
 1  1  -0.0915076632  -0.0241993532  -0.1950052120  -0.0558608215   0.0949312687
 1  2  -0.0120639270  -0.0206357104   0.0994768428  -0.0756608039   0.1531858992
 1  3  -0.2059839450  -0.1053544665  -0.0050909505   0.0647961037   0.0064999060
 1  4   0.1741405552  -0.0216723503   0.0144280278   0.0335516759  -0.0044796279
 1  5   0.0174383999   0.0207391506  -0.0028232070  -0.0009652466  -0.0173576123
 1  6  -0.0330130698  -0.0038054350  -0.0411003698  -0.0050961093   0.0057553137
 1  7   0.0917316342  -0.1879941858  -0.1803651531  -0.1257824605  -0.0686582774
 1  8   0.2960557332   0.0858861798  -0.0000806608  -0.0005707509  -0.0003504668
 1  9  -0.0007493114  -0.0030198685
 2  1   0.0057804718  -0.1405294002   0.0035465694  -0.1628239362  -0.1101925453
 2  2  -0.0139044133  -0.0014160952  -0.0476693273   0.0803561737   0.0337986879
 2  3  -0.0937258395   0.0489797160  -0.0026646546   0.0567394295  -0.2430184913
 2  4  -0.0656505198  -0.1074217636   0.0075829275   0.0234620021  -0.0013228785
 2  5  -0.0398672614   0.0162716602  -0.0001538700   0.0004753769   0.0236670561
 2  6   0.0618616041   0.0068773472  -0.0206370519   0.0046594170  -0.0483845617
 2  7  -0.3820145902  -0.0289596239  -0.0485928457  -0.0546579052   0.1819899779
 2  8   0.1164001652  -0.1782178458   0.0002144546   0.0003361460  -0.0019931926
 2  9  -0.0031319669   0.0006773302
 3  1   0.1635947178  -0.1613966322  -0.0338235757   0.0949315439   0.0733113137
 3  2  -0.0446795770   0.1617589919  -0.0343874037  -0.1600937304  -0.0817978436
 3  3  -0.0574790628  -0.1364796098   0.0110009197  -0.2475596331  -0.1304704124
 3  4   0.0488649382   0.0014113629  -0.0768203230  -0.2017356614   0.0064000832
 3  5   0.0075424821  -0.1330458881   0.0032194440  -0.0061566969   0.0193651362
 3  6  -0.0073820495   0.0020906625  -0.0114873381   0.0004242354  -0.0071955638
 3  7  -0.0314327196  -0.0369227652  -0.0419767057  -0.0278334224   0.0088782471
 3  8   0.0657855513  -0.0051079062   0.0000215360  -0.0000832674  -0.0003006319
 3  9  -0.0004848058  -0.0003738836
 4  1  -0.0878715468  -0.0523433236  -0.1710982688  -0.0530158286   0.1307789339
 4  2   0.0202538427  -0.0400728939   0.0660215674  -0.0634717316   0.1720406445
 4  3  -0.1759830910  -0.1400868366  -0.0416770224   0.0279529092  -0.0146040928
 4  4   0.2043635069   0.0907863955  -0.0155120314  -0.0160256101  -0.0035561744
 4  5  -0.2123038518  -0.0168394401   0.0003598226   0.0075966748   0.2529743127
 4  6  -0.1249789424   0.0554067862  -0.0011453920   0.0039856352  -0.0294371800
 4  7   0.1139320892   0.0115901972   0.1883782524  -0.0192067348   0.1169568910
 4  8  -0.2099096853  -0.1804032533   0.0037081869  -0.0059624523  -0.0056192452
 4  9   0.0025010624   0.0519855311
 5  1   0.0567017672  -0.1028668070   0.0299071118  -0.2307454249  -0.0075258353
 5  2   0.0177974472  -0.0140318060  -0.1560951587   0.1728280800  -0.0324010815
 5  3  -0.0119453119  -0.1292885439  -0.0199762790   0.0103867115   0.0268905146
 5  4   0.2695028730  -0.1925825911  -0.0059580132  -0.0086603724  -0.0031312896
 5  5   0.0006131869  -0.0042809018   0.0053561800   0.0172821034   0.2451431339
 5  6  -0.1510974114  -0.0429378082   0.0955174715  -0.0162983917   0.0400031487
 5  7  -0.0819773827   0.0322477408  -0.1340217750   0.1471480436  -0.0352280101
 5  8   0.0039297883   0.2512728879   0.0039509438  -0.0050309681  -0.0046047921
 5  9   0.0027686550   0.0682010384
 6  1   0.1919570956   0.0573709286  -0.1604250503   0.0077380971  -0.0524335069
 6  2  -0.2198132658   0.2742445849   0.0436895973  -0.1440483453  -0.2299462204
 6  3  -0.1550316409   0.0088091683   0.2157349948  -0.0063812291  -0.0162915890
 6  4   0.0969811378   0.0149124265   0.0679615597   0.0648106005   0.0685641447
 6  5  -0.0364592133   0.1205871815   0.0588301412   0.0794837424   0.0278267391
 6  6   0.0160242989   0.0044576846   0.0072183831  -0.0010451874  -0.0001978355
 6  7   0.0141017441   0.0039219962   0.0209541494   0.0094593296   0.0166670576
 6  8  -0.0346305828  -0.0079904970   0.0008585562  -0.0012851183  -0.0012004748
 6  9   0.0006029187   0.0133860288
 7  1  -0.0519124300  -0.0155819946  -0.1386177200  -0.1195262788   0.2280322189
 7  2   0.0280335174  -0.0174917572  -0.0347838870  -0.0178833950   0.0291207911
 7  3  -0.0417222599  -0.0214235914   0.0362217258  -0.0308736382   0.0846039129
 7  4  -0.1591937285   0.3441130375   0.0204554299  -0.0007748614  -0.0066464809
 7  5  -0.2977653899  -0.0062619753   0.0065491095   0.0132760352  -0.0935741939
 7  6   0.0640055906  -0.1426948579   0.0791963141   0.0039648613  -0.0233399849
 7  7  -0.1133850956   0.0379941798   0.0290838784   0.0699128898  -0.0506565701
 7  8   0.1703789516   0.0386556146  -0.0395498056   0.0651276102   0.0297917830
 7  9  -0.0156349534   0.0141520832
 8  1   0.0682716107  -0.0917168635   0.0460616123  -0.2559312617   0.0328307270
 8  2   0.0198004788  -0.0015504545  -0.2006116516   0.1929539470  -0.1101438674
 8  3   0.0476351748  -0.0912061396   0.0244972515  -0.0304279514   0.1534779240
 8  4   0.1454788562  -0.1179644887   0.0196428265   0.0012217650  -0.0118253443
 8  5   0.0732508202  -0.0053152447   0.0022405450   0.0069580746  -0.0052511105
 8  6   0.0007271023  -0.0452539975  -0.0088709395  -0.0231077793  -0.0523034142
 8  7   0.0612251665   0.0720319659   0.1400458238  -0.1642887508  -0.1432054839
 8  8   0.1801109931  -0.2965032727   0.0055705729  -0.0095551008  -0.0015452531
 8  9   0.0007215847  -0.0054309361
 9  1   0.2772423383   0.1670872245  -0.2729140986  -0.0242050323  -0.1229903723
 9  2  -0.1847458014   0.1359876352   0.1182139674   0.0921381329  -0.0532803372
 9  3  -0.0036467379  -0.0179452172  -0.2064397495   0.1081792788   0.0786864807
 9  4  -0.0394996683   0.0246056949  -0.1438895098  -0.0097131523   0.0726049109
 9  5  -0.0378960551   0.0158875760  -0.0473648744  -0.1149675946   0.0156756144
 9  6  -0.0314694710  -0.0298508531   0.0148026284  -0.0014510843  -0.0087235003
 9  7  -0.0133700833   0.0130982375   0.0185398463  -0.0038795019  -0.0228631345
 9  8   0.0474251998  -0.0223191400  -0.0060658616   0.0099483679   0.0048387590
 9  9  -0.0025630615   0.0019044672
10  1  -0.0189466758   0.0498831971  -0.1294006240  -0.1900413710   0.2912555609
10  2   0.0037306744   0.0315786109  -0.1065518241   0.0212350044  -0.0903915493
10  3   0.0731006249   0.1207565953   0.0009760887   0.0265095408  -0.0371580152
10  4  -0.1765054255   0.0117896352  -0.0158083882  -0.0228096877  -0.0008543006
10  5   0.0612572710   0.0217760715   0.0093823499  -0.0015116666   0.1039942512
10  6  -0.0645600615  -0.0755900236  -0.0763395591   0.0474892924   0.0131050310
10  7  -0.0191618560  -0.0068177197  -0.2419288325  -0.1033165950  -0.0491867418
10  8  -0.3513519107  -0.0732716362   0.0145549496  -0.0067168190   0.0242812375
10  9  -0.0158677673   0.0006385287
11  1   0.0301714259  -0.1171473971   0.0371175076  -0.2154539283  -0.0259276808
11  2  -0.0094335431   0.0242645967  -0.1400788161   0.1320721426  -0.0775341646
11  3  -0.0646201684  -0.1856137631   0.0031410528  -0.0051535896   0.2738359262
11  4   0.0980812640   0.1414932053  -0.0058229190  -0.0168161145  -0.0052281323
11  5  -0.1297783652  -0.0016466174  -0.0079331645  -0.0336960835  -0.2627620675
11  6   0.1881071360   0.1571791264  -0.0368984562   0.0215014361  -0.0103306353
11  7   0.0084973396   0.0001038164  -0.1026187701  -0.0430994783   0.0980063035
11  8  -0.1518675751   0.1297764588  -0.0362041792   0.0084030486  -0.0615657445
11  9   0.0350114310  -0.0041643640
12  1   0.3361040230   0.0656857463  -0.2638816131   0.0281534132  -0.0722992837
12  2   0.0209692774  -0.1280109482   0.0782233030   0.2308683245   0.1958692635
12  3   0.1271334876  -0.0641616041   0.0055155310  -0.1779624541  -0.0577945241
12  4   0.0151965487   0.0481286652   0.0843834525   0.1492028010   0.0076170275
12  5  -0.0023291558  -0.0925311766  -0.0359093150   0.0663420165  -0.0171713212
12  6   0.0173485728   0.0015943305  -0.0172345122   0.0104200326   0.0008034706
12  7  -0.0028809578  -0.0012779255  -0.0540304554  -0.0222689081   0.0010015383
12  8  -0.0778497737   0.0000255885  -0.0010721427  -0.0003660400  -0.0018721277
12  9   0.0007029151  -0.0003451576
13  1  -0.0224532058   0.0795945364  -0.1541192685  -0.1935570583   0.2545868281
13  2  -0.0299790848   0.0521720794  -0.0658379378   0.0479683690  -0.0447617523
13  3   0.0802557161   0.1077837330  -0.0345351897  -0.0225080412  -0.1214545417
13  4  -0.1936441872   0.0132652913   0.0269706800   0.0032650934   0.0121673618
13  5   0.1608719331   0.0040813799  -0.0171390303   0.0130155932   0.0707032477
13  6  -0.0456521287   0.1377809899   0.0150681965  -0.0440402327   0.0475364614
13  7   0.0822170734   0.0718430726   0.1058461352  -0.0688657420   0.1367286375
13  8   0.2226410339   0.2059148271   0.0352457267   0.0303936002  -0.0093749916
13  9   0.0223060787  -0.0011345540
14  1  -0.0209665439  -0.1547023818   0.0116950475  -0.1482511360  -0.1272717635
14  2  -0.0418075518   0.0387910847  -0.0299441544   0.0625481580   0.0388548294
14  3  -0.1733068653  -0.1613997567  -0.0163255784  -0.0082727288  -0.0152572834
14  4  -0.2185553948   0.2936590036   0.0119305185   0.0023514965   0.0045288002
14  5   0.2675175619   0.0055794635  -0.0075906853   0.0123542760   0.0615553766
14  6  -0.0569624796   0.0784999612   0.0556588538   0.0244277708   0.0026949305
14  7   0.0912770012  -0.0397502248  -0.0897719215   0.1685755501  -0.0557490767
14  8   0.0170875890  -0.2475288768   0.0450056700   0.0385661008  -0.0056474956
14  9   0.0301608257  -0.0014856309
15  1   0.3079464829  -0.1508141928  -0.1385309496   0.1144282752   0.0521515375
15  2   0.1941334418  -0.2459261217  -0.0581517150   0.0187562839   0.0084159591
15  3  -0.0355705503   0.0705382084   0.2008964293   0.1166522579   0.0339847502
15  4  -0.0735070226   0.0110864705  -0.1503263145  -0.0026908567  -0.0706136779
15  5   0.0537733232   0.0014204437   0.1166189786  -0.0355646220   0.0174042859
15  6  -0.0115241877   0.0317967578   0.0077378832  -0.0055902992   0.0089909569
15  7   0.0240754874   0.0091860543   0.0114766218   0.0042194992   0.0188193929
15  8   0.0417029123   0.0126019020   0.0106910610   0.0092034772  -0.0022348141
15  9   0.0069552515  -0.0003579154
16  1  -0.0581399281   0.0437544335  -0.1867698047  -0.1277435017   0.1575454604
16  2  -0.0383359230   0.0281775890   0.0394595570  -0.0054860234   0.1096255385
16  3  -0.0685991475   0.0168612233   0.0354034273   0.0486046064  -0.2765218018
16  4   0.1663509798  -0.2052795116  -0.0115024062  -0.0182444983   0.0075328209
16  5   0.1226230970  -0.0314026805   0.0034360551  -0.0309425252  -0.3391108335
16  6   0.1816619379   0.0073584176   0.0821320448  -0.0076562390   0.0039762875
16  7   0.0031722396   0.0284147331   0.0526013190   0.0893381938  -0.0602694087
16  8  -0.1411268830  -0.0613540909  -0.0164471630  -0.0155268104   0.0461388805
16  9   0.0668740089   0.0005638816
17  1  -0.0332983487  -0.1663717868  -0.0046809801  -0.1222148705  -0.1688748884
17  2  -0.0443734112   0.0231763554   0.0135675525   0.0527928796   0.0942115782
17  3  -0.2115542367  -0.1417947356   0.0231684275   0.0152054642  -0.0895728559
17  4  -0.1216672823   0.1245558642  -0.0078325700  -0.0077315975   0.0068491571
17  5   0.1376729466  -0.0112434419   0.0086226817  -0.0007544547   0.0075692019
17  6  -0.0150282654  -0.0727311715  -0.0627729569  -0.0048329890   0.0318568932
17  7  -0.1023154087  -0.0091553373   0.2480201245  -0.1128319414  -0.1176921345
17  8  -0.1767959467   0.2986661062   0.0016490770   0.0007987891  -0.0065442088
17  9  -0.0122242062  -0.0002338867
18  1   0.2229702114  -0.2630164786  -0.0250385064   0.1474669394   0.1240707514
18  2   0.1621479161  -0.0998347240  -0.1125808884  -0.2059529036  -0.2038897168
18  3  -0.1584214438  -0.0063222899  -0.2136366179  -0.0167120200  -0.0924395480
18  4   0.0349014888  -0.0000244915   0.0645613172   0.0648653299  -0.0809268348
18  5   0.0231719587   0.1112099282  -0.0915535469   0.0057484739  -0.0568914781
18  6   0.0226154609  -0.0056553596   0.0101700491  -0.0014593281   0.0042840084
18  7  -0.0072570440   0.0044493831   0.0355668955   0.0049552045  -0.0235636162
18  8  -0.0447394064   0.0201134674  -0.0027406339  -0.0026769457   0.0075142264
18  9   0.0106238324   0.0000850501
19  1  -0.1248662788  -0.0561629682  -0.2265214471   0.0051971401   0.0029645901
19  2  -0.0213980239  -0.0629747137   0.1570083372  -0.1142904188   0.0301316994
19  3  -0.1733150449   0.0798789475  -0.0071331971  -0.1090896844   0.3812819742
19  4  -0.1495976421  -0.2972399711   0.0054307374   0.0049329253  -0.0018704264
19  5   0.1159095723   0.0010674177   0.0009808544   0.0006656174   0.0083714806
19  6   0.0144204527  -0.0028223940   0.0161146146   0.0000273491  -0.0097664174
19  7  -0.0921170571   0.0338315616   0.0062623870   0.0252817678   0.0245117709
19  8  -0.0259772817  -0.0125038180  -0.0000311378   0.0001575306  -0.0000463666
19  9  -0.0000214600   0.0003922294
20  1  -0.0087969953  -0.1537614846  -0.0136066960  -0.1341619621  -0.1556778802
20  2  -0.0180654348  -0.0251669913  -0.0196575656   0.0693783280  -0.0381121984
20  3  -0.0922589799   0.1846517057  -0.0000997190  -0.0312014128  -0.1495113900
20  4  -0.2569036183  -0.2587680912   0.0005812361  -0.0022414514   0.0055162164
20  5  -0.3197221368  -0.0067695284   0.0004258648  -0.0024418224  -0.0086838441
20  6   0.0190861217   0.0139019764   0.0016760731  -0.0043049120   0.0199335583
20  7   0.2032926500  -0.0143608870  -0.0226384078   0.0086264933  -0.0452820097
20  8   0.0043009986   0.0064256528   0.0004028494  -0.0000834338   0.0000857054
20  9   0.0004110646   0.0002161975
21  1   0.0829519446  -0.2799757472   0.0798012266   0.1313676718   0.1483517053
21  2  -0.0626354909   0.2849772745  -0.0292871672  -0.0082439771   0.2420812830
21  3   0.1931996848  -0.3063567394   0.0081497530   0.0695550034   0.0743626815
21  4  -0.1476642854  -0.1595977905   0.0032556831   0.0424020820  -0.0008336013
21  5  -0.0337047848   0.0301425790  -0.0026941116   0.0023199027  -0.0024078737
21  6   0.0248195128   0.0008065293   0.0037660282  -0.0015735199   0.0012207591
21  7   0.0085439094   0.0058652732   0.0019288760   0.0053124901  -0.0005854958
21  8  -0.0033179572  -0.0025782259   0.0000551326   0.0000426798  -0.0000121584
21  9   0.0000537577   0.0000156706
22  1  -0.1703660315  -0.1963223108  -0.2070070773   0.1174828216  -0.0436342271
22  2   0.0614325288   0.0486278166   0.0909980690   0.1562637912  -0.1181690766
22  3   0.1233885710   0.0555061258   0.0040100030   0.0111432877  -0.0236542496
22  4   0.0651299027   0.0635988130   0.0004128721  -0.0022213217  -0.0016056066
22  5   0.0202071187  -0.0027518273  -0.0028959214  -0.0053455634   0.0646014830
22  6   0.2281701980  -0.0077381300   0.0045260750  -0.0000800427   0.0058087824
22  7   0.0105491564  -0.0060518925  -0.0005304928  -0.0021870403  -0.0016473712
22  8   0.0011737312   0.0036065286  -0.0000672034   0.0000333206   0.0000429352
22  9  -0.0000490554  -0.0002790859
23  1   0.0588979650  -0.1156959745  -0.0256253288  -0.1793008775  -0.0980361299
23  2   0.0481539004   0.0593032538  -0.0262318148  -0.2372298332   0.1180528233
23  3   0.1429202040   0.3347614288  -0.0131070424  -0.0016061421   0.0482725709
23  4   0.0868219942   0.0780124971  -0.0016593393  -0.0004833964   0.0005291460
23  5   0.0241343409   0.0005601394  -0.0007053328  -0.0009222734   0.0110132159
23  6   0.0464403766  -0.0022518229   0.0011261570  -0.0003640803   0.0024809226
23  7   0.0096535592  -0.0002321877   0.0018185532   0.0005734736  -0.0043988271
23  8  -0.0024786687   0.0067914420  -0.0000865900   0.0000018644   0.0000382044
23  9   0.0000260349   0.0000050291
24  1   0.0077045282  -0.1702284316   0.0779828270   0.0727856661   0.0947054966
24  2  -0.3052424034  -0.0472019687   0.0953384996   0.1450836834   0.0133402560
24  3  -0.0245352278   0.2735045426  -0.0090055790  -0.0052780703   0.0191845593
24  4   0.0648390789   0.0539363495  -0.0025194653  -0.0021151388   0.0011995610
24  5   0.0069349408   0.0017368563   0.0027562516   0.0056481694  -0.0596285422
24  6  -0.2178271854   0.0051722779  -0.0036794785   0.0005903686  -0.0036218182
24  7  -0.0082291574   0.0032000878  -0.0004711685   0.0016130998  -0.0000811902
24  8  -0.0019878045   0.0008791275  -0.0000074068  -0.0000156149   0.0000035082
24  9   0.0000155331   0.0001240323
25  1  -0.1132671304  -0.0979937970  -0.1812936366  -0.0001298850   0.0781701350
25  2   0.0342439214  -0.0625352932   0.1100600729  -0.1004628205   0.2453224885
25  3  -0.2375684851  -0.1251398969  -0.0728834333   0.0189707638  -0.3174127212
25  4   0.2711456982  -0.0061755801  -0.0752146882  -0.0146388913   0.0842830957
25  5  -0.1582635440   0.0953267361   0.0554935531   0.0907969880   0.3875974747
25  6   0.0598324126   0.2986403013  -0.3252839366  -0.0521956847  -0.4415620775
25  7  -0.0719047554   0.4687035678  -0.2906229725   0.2751012352  -0.3506654625
25  8   0.1122278937   0.3571757480  -0.0458359646   0.0651418695   0.0569851507
25  9  -0.0273982884  -0.5929617601
26  1   0.0843433650  -0.0837844825   0.0388760611  -0.2624912066   0.0392580397
26  2   0.0377380102  -0.0347975395  -0.2067633494   0.2153797693  -0.0674512106
26  3   0.0433346326  -0.1622592681  -0.0369933073  -0.0605334569   0.2283875352
26  4   0.2421592612  -0.1128594567  -0.0392637162  -0.0160698996   0.0437584395
26  5  -0.0523010251   0.0446928553   0.0325024665   0.0587143357   0.1058140515
26  6  -0.2364532565  -0.2367580602   0.3537050975   0.0261302100   0.3655439797
26  7   0.0596296943  -0.3252848022   0.2494069913  -0.0641125679   0.3506701665
26  8  -0.2702195818  -0.1558811520  -0.0579893363   0.0822976575   0.0693617391
26  9  -0.0363124433  -0.7687642403
27  1   0.1459340802   0.1369213031  -0.1676176481  -0.0333119493  -0.0922174159
27  2  -0.3809313794   0.4588883139   0.1359386931  -0.2386056339  -0.3223473034
27  3  -0.2078637301   0.1291926504   0.4152888928   0.3907045446   0.1061260292
27  4  -0.0279883730  -0.0221796244   0.4631264631   0.0937344531  -0.5046576699
27  5  -0.0666322434  -0.5615166109  -0.2853476183  -0.4391853129   0.3082728860
27  6  -0.3679618940   0.0268561360   0.0057298375  -0.0025273439  -0.0355264279
27  7  -0.0287504731   0.0559892811  -0.0287154582   0.0539300296  -0.0180986707
27  8  -0.0267779923   0.0516908539  -0.0116411801   0.0165429718   0.0142483018
27  9  -0.0071445390  -0.1525677388
28  1  -0.0495767975  -0.0374021663  -0.1208391493  -0.1165747746   0.2541140007
28  2   0.0524959278  -0.0321929718  -0.0610628742  -0.0242393229   0.0134355967
28  3  -0.0281860640  -0.0072987786   0.0826768586  -0.0956272053   0.0443279836
28  4  -0.1739612818   0.3483198078  -0.0220108059   0.0717942903   0.0785794433
28  5  -0.2520434710   0.0253784321  -0.0407926898  -0.1217483950  -0.0557025169
28  6   0.0083110319  -0.2008993177   0.0687321928  -0.0317122436  -0.0894290712
28  7  -0.0737230401  -0.0206183590   0.0410768156   0.1538719314   0.0151258623
28  8   0.1338961061   0.1169377381   0.4726242427  -0.7557771620  -0.3228137393
28  9   0.1675808904  -0.1524163952
29  1   0.1076160261  -0.0625489944   0.0666949934  -0.3086660014   0.1126017245
29  2   0.0441589641  -0.0076707187  -0.2874589479   0.2523726514  -0.2037294578
29  3   0.1894918803   0.0591302999   0.0575581357  -0.0806860898   0.0557430611
29  4  -0.1413001678  -0.1704037910  -0.0024710241   0.0511002064   0.0313672936
29  5   0.4355008835   0.0169419631  -0.0324565099  -0.0818571561  -0.0846658122
29  6  -0.0237876330  -0.4411583650  -0.1601780894  -0.3233388064  -0.6004034982
29  7   0.4848666146  -0.4393733675   0.2197988091   0.3703089685   0.4599597674
29  8  -0.2517571725   0.3272194743  -0.0663244801   0.1063762700   0.0418078681
29  9  -0.0209917176   0.0243787938
30  1   0.2980932878   0.3364882473  -0.3701808090  -0.0919069355  -0.2202427526
30  2  -0.3222811703   0.2268411344   0.2092961113   0.1866838664  -0.0333162795
30  3   0.0399306730   0.0357248492  -0.4808727895   0.4888606978   0.2368350364
30  4  -0.1917533847  -0.0511768885   0.1116406250  -0.4388918583  -0.4410326483
30  5  -0.0317646018  -0.1663433704   0.2346133064   0.6958830226  -0.2049182897
30  6   0.2589364561  -0.0772283419  -0.0135691528  -0.0415572227  -0.0762668551
30  7   0.0427744455  -0.0456731526   0.0388302111   0.0581792539   0.0461546940
30  8   0.0015353964   0.0511801199   0.0723656074  -0.1156342939  -0.0498756532
30  9   0.0259671689  -0.0226568173
31  1   0.0089811368   0.0781478480  -0.1039892082  -0.2416110473   0.3670214451
31  2   0.0100560326   0.0527122403  -0.1874153974   0.0411947127  -0.2063280987
31  3   0.1528148888   0.1723891682  -0.0001965084   0.0213285372  -0.0197907467
31  4   0.1037218583  -0.3673690746  -0.1093668814   0.1237658059   0.0059509306
31  5   0.0549729846  -0.0981530546  -0.0427724624   0.0743187904   0.0829156993
31  6  -0.0081599703  -0.1054060327  -0.5005427488   0.6037110696   0.1251004477
31  7  -0.0276252861  -0.1686464598   0.5177315976   0.5603454119  -0.0283923436
31  8   0.4275803384  -0.0474012478  -0.1830321452   0.0509929964  -0.2840860222
31  9   0.1634233081  -0.0141309797
32  1   0.0397846023  -0.1080035888   0.0500676135  -0.2359271440   0.0068124872
32  2  -0.0075276143   0.0363414053  -0.1749204974   0.1334918533  -0.1323506080
32  3  -0.0361531384  -0.1635495146   0.0026613186  -0.0076339300   0.2791110300
32  4   0.2123635422  -0.0128377772  -0.0600171002   0.0663577876  -0.0008925389
32  5  -0.1204185321  -0.0686950330  -0.0364978517   0.0102695044  -0.2778470056
32  6   0.2161451920   0.1617028153  -0.2102580156   0.2464977264   0.0358779609
32  7   0.0191993238  -0.0660322816   0.2038250502   0.2255456726   0.1307512991
32  8   0.1634668442   0.1558082162   0.4457898451  -0.1121791092   0.6939631602
32  9  -0.3926739702   0.0359843739
33  1   0.4025901151   0.1537850212  -0.3528313207   0.0021729230  -0.1287441301
33  2   0.0456759493  -0.2458572211   0.1421596574   0.4596301880   0.4544960833
33  3   0.2898123031  -0.0924820578   0.0049047132  -0.1572185511  -0.0293037953
33  4   0.0189885057  -0.0522882114   0.6463424948  -0.6690639564  -0.0610096216
33  5  -0.0180175979   0.5406134547   0.2145813154  -0.4053102572   0.0492643652
33  6  -0.0560236207  -0.0055122465  -0.1101163583   0.1352661602   0.0268705572
33  7  -0.0033702569  -0.0377047458   0.1080580396   0.1249608490   0.0079263601
33  8   0.0904792601   0.0047572560   0.0125517418  -0.0021827279   0.0196898787
33  9  -0.0106222593   0.0008597044
34  1   0.0028606989   0.1306649985  -0.1475598825  -0.2479450540   0.3024813082
34  2  -0.0494333050   0.0884202799  -0.1174646977   0.1000379241  -0.1262079250
34  3   0.1720817275   0.0772316421  -0.0773546103  -0.1245824457   0.0935218775
34  4  -0.2001068468   0.1604813334  -0.0234067709   0.0911528852  -0.0775352036
34  5  -0.1063353326   0.0138629015   0.1259866097  -0.0446199537   0.1287579368
34  6  -0.0098479808   0.4142323997  -0.2237909193  -0.4585804058   0.2369985058
34  7  -0.3637706996  -0.2963750379   0.2247655811   0.3770517809  -0.3082120461
34  8  -0.0383112128  -0.3235071781  -0.4189661035  -0.3497701245   0.0731874031
34  9  -0.2476607797   0.0124809776
35  1  -0.0514330473  -0.1751133934   0.0042461942  -0.1155990133  -0.1747546307
35  2  -0.0650324862   0.0611986893   0.0237035103   0.0122579150   0.0887837016
35  3  -0.2438389900  -0.1674459160  -0.0407069334  -0.0190905765  -0.2334486028
35  4  -0.1853670485   0.1923399951  -0.0179133818   0.0459629085  -0.0477354161
35  5   0.4783411730   0.0123806061   0.0700993700  -0.0176726206  -0.0034162434
35  6  -0.0762655386  -0.1333020418   0.2547327661   0.3590582557  -0.1478889321
35  7   0.4699870388   0.2611202744  -0.1843962295  -0.1676337033   0.3156605850
35  8   0.2471911274   0.1782417723  -0.5342145817  -0.4454263158   0.0847912766
35  9  -0.3170363587   0.0153557596
36  1   0.3526654437  -0.2336693102  -0.1288221634   0.1566502542   0.0939273030
36  2   0.3563827867  -0.4602686491  -0.1132508567   0.0595582499   0.0682851054
36  3  -0.0482472151   0.1827819335   0.4453948884   0.5001775475   0.2431958632
36  4  -0.1800666700  -0.0509068335   0.1418329242  -0.4776846946   0.4437816450
36  5   0.0659237470  -0.0614411768  -0.6851460192   0.2741989672   0.0152841112
36  6  -0.0072657777   0.0690266611  -0.0125143771  -0.0479664539   0.0249609616
36  7  -0.0272836665  -0.0266579607   0.0238084065   0.0509942287  -0.0229382687
36  8   0.0211959706  -0.0448566054  -0.1269187666  -0.1058147351   0.0213516297
36  9  -0.0752325711   0.0036889163
37  1  -0.0611708612   0.0659229800  -0.2058619870  -0.1297271253   0.1287184121
37  2  -0.0639969732   0.0460588355   0.0688702891   0.0001162014   0.1377664971
37  3  -0.0845883022  -0.0282880179   0.0732276636  -0.0191044098  -0.2880482018
37  4   0.2326594011  -0.1779044202  -0.0858100545  -0.0230892719  -0.1036122049
37  5   0.1177195634   0.0781295807  -0.1081532899  -0.0140447194  -0.3775639377
37  6   0.1858143563  -0.0519262516   0.0243223710  -0.0508252801   0.0604625996
37  7   0.0838257238   0.0961556887  -0.0274075468   0.1498841896   0.0007000178
37  8  -0.0865821292  -0.1528479180   0.2073399774   0.1911991101  -0.5342537731
37  9  -0.7627882394  -0.0089135600
38  1  -0.0728510225  -0.1955273251  -0.0247698928  -0.0698282022  -0.2479730110
38  2  -0.0691952235   0.0332015893   0.1027131221  -0.0091396554   0.1969807686
38  3  -0.3796900633  -0.3662710230   0.0440704593  -0.0068646021  -0.0060061256
38  4   0.2268021958   0.2135334464  -0.0516564158  -0.0188676938  -0.0648133177
38  5   0.1023154985   0.0408023682  -0.0726958323  -0.0129357314  -0.2262954838
38  6   0.0512352830  -0.5324012051  -0.5223167844  -0.3061215492   0.4245174544
38  7   0.3378835198   0.4655085908  -0.3502341193   0.1840002756   0.4390412169
38  8   0.2671152757  -0.2925400314  -0.0318944128  -0.0287360602   0.0840857440
38  9   0.1239497814   0.0016564057
39  1   0.2004763296  -0.4319894194   0.0731515249   0.2147165226   0.2212561740
39  2   0.2964031339  -0.2012802921  -0.2014430981  -0.3063897424  -0.2691838593
39  3  -0.2447459177   0.0157905799  -0.4275407157   0.3820047748   0.0828540723
39  4  -0.0134337682  -0.0458180442   0.4828712837   0.0834098486   0.5371272070
39  5   0.0945700923  -0.5190224981   0.5201177564  -0.1153106379  -0.1099210372
39  6   0.0741095739  -0.0685738571  -0.0546304461  -0.0398126778   0.0551247845
39  7   0.0470421014   0.0636634086  -0.0490802966   0.0463909003   0.0481086568
39  8   0.0127694765  -0.0604005082   0.0335005443   0.0309134359  -0.0860789706
39  9  -0.1225010359  -0.0011695389
40  1  -0.1686977758  -0.0519672840  -0.2978319533   0.0715484238  -0.1555909000
40  2  -0.0793781678  -0.0656246972  -0.3259300531  -0.1298811330  -0.0441963814
40  3   0.1820830124  -0.1806046991   0.0052849886   0.0133516127  -0.0339345345
40  4  -0.0072806196  -0.0024507955  -0.0006493125  -0.0003737256   0.0027395089
40  5  -0.0237210302   0.0031674390   0.0056441517   0.0106590416  -0.1315017413
40  6  -0.4696367878   0.0121613380  -0.0083216117   0.0004935925  -0.0082534057
40  7  -0.0194670314   0.0070659214   0.0002932248   0.0021312825   0.0023870207
40  8  -0.0009561018  -0.0031783284   0.0000700493  -0.0000431547  -0.0000593132
40  9   0.0000363051   0.0003567636
41  1   0.0300424408  -0.1116782253   0.0588682955  -0.2362157177   0.0103632464
41  2  -0.0206746056  -0.1512179122   0.5274503914  -0.1526934274  -0.1511060701
41  3   0.2137341651  -0.3093922962   0.0158033054   0.0165473744  -0.0474731137
41  4  -0.0199078588  -0.0108977186  -0.0011336954  -0.0002502060   0.0034418428
41  5  -0.0140628977   0.0032179827   0.0030410828   0.0050631254  -0.0352352579
41  6  -0.1285269386   0.0037879044  -0.0025346299   0.0001276262  -0.0024231441
41  7  -0.0047736819   0.0014741600   0.0004696452   0.0001018608   0.0012044634
41  8  -0.0007895023  -0.0015140128   0.0000281395  -0.0000298658  -0.0000404661
41  9   0.0000317586   0.0001171636
42  1   0.0000000000   0.0000000000   0.0000000000   0.0000000000   0.0000000000
42  2  -0.4930126167  -0.2501510161  -0.1989390935  -0.1662787288   0.0113501025
42  3   0.0792181691  -0.1495640079   0.0027829928   0.0079366352  -0.0147345733
42  4  -0.0197031257  -0.0096480001   0.0012154577   0.0019715296  -0.0026824414
42  5   0.0111714563  -0.0029203596  -0.0056386092  -0.0104469191   0.1135938232
42  6   0.4136959790  -0.0110080733   0.0068558993  -0.0007986980   0.0078726946
42  7   0.0186167942  -0.0072201198   0.0002716809  -0.0030796306  -0.0023082923
42  8   0.0027831320   0.0026763865  -0.0000419431   0.0000217041   0.0000234573
42  9  -0.0000334712  -0.0001722009
$end
