$coord
    2.30474001334302     -0.00000001820947     -1.75155912808575  c
    2.28048976977195      0.00000002687184      0.88502172110614  c
    0.00000003304992      0.00000000523357      2.18324051452364  c
   -2.28048967433803      0.00000000353753      0.88502167807923  c
   -2.30474009737008     -0.00000001332978     -1.75155920014146  c
   -0.00000000024735     -0.00000010117301     -2.92422707948955  c
    4.06694802111758      0.00000001412373     -2.79332108816612  h
    4.05111832947386      0.00000006247123      1.91541951586467  h
   -0.00000005150314     -0.00000006624072      4.22986432053718  h
   -4.05111823563355      0.00000001120946      1.91541954134226  h
   -4.06694810766418      0.00000007550564     -2.79332117351545  h
$user-defined bonds
$redundant
     number_of_atoms            11
     degrees_of_freedom         27
     internal_coordinates       33
     frozen_coordinates          0
# definitions of redundant internals
   1 k  0.7071067811865 tors   5    6    1    2 val=  90.00000
        0.7071067811865 tors   5    6    1    7
   2 k  0.5000000000000 tors   3    2    1    6 val=  90.00000
        0.5000000000000 tors   3    2    1    7
        0.5000000000000 tors   8    2    1    6
        0.5000000000000 tors   8    2    1    7
   3 k  0.5000000000000 tors   4    3    2    1 val=  90.00000
        0.5000000000000 tors   4    3    2    8
        0.5000000000000 tors   9    3    2    1
        0.5000000000000 tors   9    3    2    8
   4 k  0.5000000000000 tors   5    4    3    2 val=  90.00000
        0.5000000000000 tors   5    4    3    9
        0.5000000000000 tors  10    4    3    2
        0.5000000000000 tors  10    4    3    9
   5 k  0.5000000000000 tors   6    5    4    3 val=  90.00000
        0.5000000000000 tors   6    5    4   10
        0.5000000000000 tors  11    5    4    3
        0.5000000000000 tors  11    5    4   10
   6 k  0.7071067811865 tors   1    6    5    4 val=  90.00000
        0.7071067811865 tors   1    6    5   11
   7 k  1.0000000000000 stre   1    6           val=   2.58592
   8 k  1.0000000000000 stre   1    2           val=   2.63669
   9 k  1.0000000000000 stre   1    7           val=   2.04711
  10 k -0.0317966988388 bend   2    6    1      val=   0.76553
        0.7224687475095 bend   7    6    1
       -0.6906720486707 bend   7    2    1
  11 k -0.8158772190775 bend   2    6    1      val=   2.64738
        0.3804018605878 bend   7    6    1
        0.4354753584897 bend   7    2    1
  12 k  1.0000000000000 outp   7    2    6    1 val=   0.00000
  13 k  1.0000000000000 stre   2    3           val=   2.62412
  14 k  1.0000000000000 stre   2    8           val=   2.04862
  15 k -0.0099380483652 bend   1    3    2      val=   0.23732
        0.7120234254814 bend   8    3    2
       -0.7020853771162 bend   8    1    2
  16 k  0.8164360978432 bend   1    3    2      val=   0.13650
       -0.3996114465733 bend   8    3    2
       -0.4168246512698 bend   8    1    2
  17 k  1.0000000000000 outp   3    8    1    2 val=  -0.00000
  18 k  1.0000000000000 stre   3    4           val=   2.62412
  19 k  1.0000000000000 stre   3    9           val=   2.04662
  20 k  0.7071067811865 bend   9    2    3      val=   0.00000
       -0.7071067811865 bend   9    4    3
  21 k -0.8164965809277 bend   4    2    3      val=  -0.52253
        0.4082482904639 bend   9    2    3
        0.4082482904639 bend   9    4    3
  22 k  1.0000000000000 outp   2    9    4    3 val=   0.00000
  23 k  1.0000000000000 stre   4    5           val=   2.63669
  24 k  1.0000000000000 stre   4   10           val=   2.04862
  25 k -0.0099380483652 bend   5    3    4      val=   0.23732
        0.7120234254814 bend  10    3    4
       -0.7020853771162 bend  10    5    4
  26 k  0.8164360978432 bend   5    3    4      val=   0.13650
       -0.3996114465733 bend  10    3    4
       -0.4168246512698 bend  10    5    4
  27 k  1.0000000000000 outp   3   10    5    4 val=   0.00000
  28 k  1.0000000000000 stre   5    6           val=   2.58592
  29 k  1.0000000000000 stre   5   11           val=   2.04711
  30 k -0.0317966988388 bend   4    6    5      val=   0.76553
        0.7224687475095 bend  11    6    5
       -0.6906720486707 bend  11    4    5
  31 k -0.8158772190775 bend   4    6    5      val=   2.64738
        0.3804018605878 bend  11    6    5
        0.4354753584897 bend  11    4    5
  32 k  1.0000000000000 outp  11    4    6    5 val=   0.00000
  33 k  1.0000000000000 bend   5    1    6      val= 126.06538
        27 non zero eigenvalues  of BmBt
           1           7.972945088    0    0
         0.000000000         0.000000000         0.000000000         0.000000000
         0.000000000         0.000000000         0.271846957        -0.006666073
        -0.176403885        -0.126661770         0.228396576         0.000000000
        -0.379282230         0.239065664         0.117060178         0.265219807
         0.000000000         0.379282230         0.000000000         0.288708264
         0.000000000         0.000000000         0.006666073        -0.239065664
        -0.117060178        -0.265219807         0.000000000        -0.271846957
         0.176403885         0.126661770        -0.228396576         0.000000000
         0.000000000
           2           7.755801869    0    0
         0.000000000         0.000000000         0.000000000         0.000000000
         0.000000000         0.000000000         0.102600594        -0.387308353
         0.123663877        -0.166947374        -0.099996823         0.000000000
         0.230801838         0.134557648        -0.256183609         0.163763301
         0.000000000         0.230801838        -0.312050196         0.000000000
         0.348432084         0.000000000        -0.387308353         0.134557648
        -0.256183609         0.163763301         0.000000000         0.102600594
         0.123663877        -0.166947374        -0.099996823         0.000000000
        -0.161789877
           3           5.899622415    0    0
         0.484270409        -0.108739792         0.116901141        -0.116901141
         0.108739792        -0.484270409         0.000000000         0.000000000
         0.000000000         0.000000000         0.000000000         0.365205941
         0.000000000         0.000000000         0.000000000         0.000000000
         0.281596820         0.000000000         0.000000000         0.000000000
         0.000000000         0.233751162         0.000000000         0.000000000
         0.000000000         0.000000000        -0.281596820         0.000000000
         0.000000000         0.000000000         0.000000000        -0.365205941
         0.000000000
           4           5.575605551    0    0
         0.000000000         0.000000000         0.000000000         0.000000000
         0.000000000         0.000000000        -0.284191071         0.478632381
        -0.107803476         0.215942214         0.040919744         0.000000000
        -0.264666713        -0.125908858         0.199567859        -0.065266895
         0.000000000         0.264666713         0.000000000         0.021485673
         0.000000000         0.000000000        -0.478632381         0.125908858
        -0.199567859         0.065266895         0.000000000         0.284191071
         0.107803476        -0.215942214        -0.040919744         0.000000000
         0.000000000
           5           5.239189150    0    0
         0.000000000         0.000000000         0.000000000         0.000000000
         0.000000000         0.000000000        -0.230476176         0.035355317
         0.287017978         0.203219107        -0.244240844         0.000000000
         0.221916303        -0.330372480        -0.174839267        -0.256906487
         0.000000000         0.221916303        -0.083468448         0.000000000
        -0.080406013         0.000000000         0.035355317        -0.330372480
        -0.174839267        -0.256906487         0.000000000        -0.230476176
         0.287017978         0.203219107        -0.244240844         0.000000000
        -0.035248584
           6           4.861015660    0    0
         0.000000000         0.000000000         0.000000000         0.000000000
         0.000000000         0.000000000         0.381378645         0.157462984
        -0.348226711         0.020619531         0.172911623         0.000000000
         0.254382041        -0.233164742         0.103400539        -0.068335217
         0.000000000        -0.254382041         0.000000000        -0.295746202
         0.000000000         0.000000000        -0.157462984         0.233164742
        -0.103400539         0.068335217         0.000000000        -0.381378645
         0.348226711        -0.020619531        -0.172911623         0.000000000
         0.000000000
           7           4.095685293    0    0
         0.000000000         0.000000000         0.000000000         0.000000000
         0.000000000         0.000000000         0.067089349        -0.233076927
         0.304754981        -0.204105301        -0.162519540         0.000000000
        -0.212764646         0.077613166         0.081357687        -0.130472157
         0.000000000        -0.212764646         0.537616460         0.000000000
        -0.236243590         0.000000000        -0.233076927         0.077613166
         0.081357687        -0.130472157         0.000000000         0.067089349
         0.304754981        -0.204105301        -0.162519540         0.000000000
        -0.256402383
           8           2.696266332    0    0
         0.000000000         0.000000000         0.000000000         0.000000000
         0.000000000         0.000000000         0.370108182        -0.033655258
        -0.272264527        -0.231152383        -0.064303775         0.000000000
         0.156776760        -0.418174156         0.023620843        -0.074709501
         0.000000000         0.156776760         0.033577634         0.000000000
        -0.171230253         0.000000000        -0.033655258        -0.418174156
         0.023620843        -0.074709501         0.000000000         0.370108182
        -0.272264527        -0.231152383        -0.064303775         0.000000000
        -0.136976094
           9           1.986942705    0    0
         0.063342179        -0.227107709         0.130670157         0.130670157
        -0.227107709         0.063342179         0.000000000         0.000000000
         0.000000000         0.000000000         0.000000000        -0.430995290
         0.000000000         0.000000000         0.000000000         0.000000000
        -0.491506080         0.000000000         0.000000000         0.000000000
         0.000000000         0.000000000         0.000000000         0.000000000
         0.000000000         0.000000000        -0.491506080         0.000000000
         0.000000000         0.000000000         0.000000000        -0.430995290
         0.000000000
          10           1.939327827    0    0
        -0.243212912        -0.040919218        -0.181759311         0.181759311
         0.040919218         0.243212912         0.000000000         0.000000000
         0.000000000         0.000000000         0.000000000        -0.140245244
         0.000000000         0.000000000         0.000000000         0.000000000
         0.363992959         0.000000000         0.000000000         0.000000000
         0.000000000         0.712708982         0.000000000         0.000000000
         0.000000000         0.000000000        -0.363992959         0.000000000
         0.000000000         0.000000000         0.000000000         0.140245244
         0.000000000
          11           1.663273411    0    0
         0.000000000         0.000000000         0.000000000         0.000000000
         0.000000000         0.000000000        -0.277072814         0.004156796
        -0.340773869         0.124054238         0.106539411         0.000000000
         0.248428187         0.432232839        -0.098837148         0.110513033
         0.000000000        -0.248428187         0.000000000        -0.140162359
         0.000000000         0.000000000        -0.004156796        -0.432232839
         0.098837148        -0.110513033         0.000000000         0.277072814
         0.340773869        -0.124054238        -0.106539411         0.000000000
         0.000000000
          12           1.225802971    0    0
         0.000000000         0.000000000         0.000000000         0.000000000
         0.000000000         0.000000000        -0.081975781        -0.202804701
        -0.279350274         0.173882797         0.078059638         0.000000000
         0.165723374         0.063087457        -0.301010924        -0.050280593
         0.000000000         0.165723374         0.618193274         0.000000000
        -0.005223726         0.000000000        -0.202804701         0.063087457
        -0.301010924        -0.050280593         0.000000000        -0.081975781
        -0.279350274         0.173882797         0.078059638         0.000000000
         0.210285665
          13           1.002044881    0    0
         0.219813282        -0.519449288        -0.130652624         0.130652624
         0.519449288        -0.219813282         0.000000000         0.000000000
         0.000000000         0.000000000         0.000000000        -0.255857400
         0.000000000         0.000000000         0.000000000         0.000000000
        -0.278797032         0.000000000         0.000000000         0.000000000
         0.000000000         0.207815572         0.000000000         0.000000000
         0.000000000         0.000000000         0.278797032         0.000000000
         0.000000000         0.000000000         0.000000000         0.255857400
         0.000000000
          14           0.902360683    0    0
         0.000000000         0.000000000         0.000000000         0.000000000
         0.000000000         0.000000000        -0.103592024        -0.130888621
        -0.344711836         0.052390855        -0.058970388         0.000000000
        -0.055741844        -0.319349877        -0.349982885         0.048577864
         0.000000000         0.055741844         0.000000000         0.484043339
         0.000000000         0.000000000         0.130888621         0.319349877
         0.349982885        -0.048577864         0.000000000         0.103592024
         0.344711836        -0.052390855         0.058970388         0.000000000
         0.000000000
          15           0.788282367    0    0
         0.294312111        -0.008461400        -0.405243869        -0.405243869
        -0.008461400         0.294312111         0.000000000         0.000000000
         0.000000000         0.000000000         0.000000000        -0.406061821
         0.000000000         0.000000000         0.000000000         0.000000000
         0.290172345         0.000000000         0.000000000         0.000000000
         0.000000000         0.000000000         0.000000000         0.000000000
         0.000000000         0.000000000         0.290172345         0.000000000
         0.000000000         0.000000000         0.000000000        -0.406061821
         0.000000000
          16           0.467705952    0    0
         0.000000000         0.000000000         0.000000000         0.000000000
         0.000000000         0.000000000         0.274477328         0.121643609
         0.199307970         0.505931719         0.075349801         0.000000000
         0.026835295         0.137048320        -0.259831104        -0.046458850
         0.000000000        -0.026835295         0.000000000         0.196590248
         0.000000000         0.000000000        -0.121643609        -0.137048320
         0.259831104         0.046458850         0.000000000        -0.274477328
        -0.199307970        -0.505931719        -0.075349801         0.000000000
         0.000000000
          17           0.227255515    0    0
         0.185541567         0.226319640        -0.628644121         0.628644121
        -0.226319640        -0.185541567         0.000000000         0.000000000
         0.000000000         0.000000000         0.000000000         0.102878429
         0.000000000         0.000000000         0.000000000         0.000000000
        -0.088890745         0.000000000         0.000000000         0.000000000
         0.000000000        -0.036736394         0.000000000         0.000000000
         0.000000000         0.000000000         0.088890745         0.000000000
         0.000000000         0.000000000         0.000000000        -0.102878429
         0.000000000
          18           0.221679675    0    0
         0.000000000         0.000000000         0.000000000         0.000000000
         0.000000000         0.000000000         0.118798265         0.228226975
        -0.208516001         0.106062122        -0.359944782         0.000000000
         0.074091827         0.354037816        -0.083312508        -0.163957774
         0.000000000         0.074091827        -0.062186435         0.000000000
        -0.098680455         0.000000000         0.228226975         0.354037816
        -0.083312508        -0.163957774         0.000000000         0.118798265
        -0.208516001         0.106062122        -0.359944782         0.000000000
        -0.395102736
          19           0.092581925    0    0
         0.000000000         0.000000000         0.000000000         0.000000000
         0.000000000         0.000000000        -0.289777933        -0.342925306
        -0.289054838        -0.064706981        -0.070679711         0.000000000
        -0.224163590        -0.003637453         0.046680117        -0.213373543
         0.000000000        -0.224163590        -0.386267036         0.000000000
        -0.256580261         0.000000000        -0.342925306        -0.003637453
         0.046680117        -0.213373543         0.000000000        -0.289777933
        -0.289054838        -0.064706981        -0.070679711         0.000000000
         0.020395770
          20           0.070264362    0    0
         0.241756960        -0.559347969         0.233690584         0.233690584
        -0.559347969         0.241756960         0.000000000         0.000000000
         0.000000000         0.000000000         0.000000000         0.126036251
         0.000000000         0.000000000         0.000000000         0.000000000
         0.241219810         0.000000000         0.000000000         0.000000000
         0.000000000         0.000000000         0.000000000         0.000000000
         0.000000000         0.000000000         0.241219810         0.000000000
         0.000000000         0.000000000         0.000000000         0.126036251
         0.000000000
          21           0.063044886    0    0
        -0.237179894        -0.041775222         0.031182950        -0.031182950
         0.041775222         0.237179894         0.000000000         0.000000000
         0.000000000         0.000000000         0.000000000         0.453620025
         0.000000000         0.000000000         0.000000000         0.000000000
        -0.383670850         0.000000000         0.000000000         0.000000000
         0.000000000         0.419651532         0.000000000         0.000000000
         0.000000000         0.000000000         0.383670850         0.000000000
         0.000000000         0.000000000         0.000000000        -0.453620025
         0.000000000
          22           0.043938892    0    0
         0.000000000         0.000000000         0.000000000         0.000000000
         0.000000000         0.000000000        -0.152504068         0.016519964
        -0.146485807         0.103999604        -0.194423788         0.000000000
        -0.286999431        -0.244765645        -0.044619100         0.270623389
         0.000000000        -0.286999431         0.171488501         0.000000000
         0.437440602         0.000000000         0.016519964        -0.244765645
        -0.044619100         0.270623389         0.000000000        -0.152504068
        -0.146485807         0.103999604        -0.194423788         0.000000000
        -0.396249696
          23           0.035425327    0    0
         0.000000000         0.000000000         0.000000000         0.000000000
         0.000000000         0.000000000         0.105730181        -0.118463545
        -0.184123688         0.112789335        -0.347469054         0.000000000
         0.044852012         0.167742938         0.325953755        -0.316526744
         0.000000000        -0.044852012         0.000000000         0.376418334
         0.000000000         0.000000000         0.118463545        -0.167742938
        -0.325953755         0.316526744         0.000000000        -0.105730181
         0.184123688        -0.112789335         0.347469054         0.000000000
         0.000000000
          24           0.033903674    0    0
         0.000000000         0.000000000         0.000000000         0.000000000
         0.000000000         0.000000000        -0.116994117        -0.165941216
         0.125615148         0.194741402         0.221173346         0.000000000
         0.256959145        -0.170331921         0.351462131         0.284634250
         0.000000000        -0.256959145         0.000000000         0.336367685
         0.000000000         0.000000000         0.165941216         0.170331921
        -0.351462131        -0.284634250         0.000000000         0.116994117
        -0.125615148        -0.194741402        -0.221173346         0.000000000
         0.000000000
          25           0.030350166    0    0
         0.000000000         0.000000000         0.000000000         0.000000000
         0.000000000         0.000000000        -0.096545701         0.262700240
         0.016902381        -0.367316492         0.076462265         0.000000000
        -0.196364575        -0.011813150        -0.483347664        -0.028737756
         0.000000000        -0.196364575        -0.038039708         0.000000000
        -0.102034956         0.000000000         0.262700240        -0.011813150
        -0.483347664        -0.028737756         0.000000000        -0.096545701
         0.016902381        -0.367316492         0.076462265         0.000000000
         0.055415562
          26           0.027500874    0    0
         0.000000000         0.000000000         0.000000000         0.000000000
         0.000000000         0.000000000        -0.005061717         0.336826408
         0.107892507        -0.334419434         0.130815518         0.000000000
         0.270812138         0.088804847        -0.078784916        -0.133613066
         0.000000000        -0.270812138         0.000000000         0.530372454
         0.000000000         0.000000000        -0.336826408        -0.088804847
         0.078784916         0.133613066         0.000000000         0.005061717
        -0.107892507         0.334419434        -0.130815518         0.000000000
         0.000000000
          27           0.026332820    0    0
         0.000000000         0.000000000         0.000000000         0.000000000
         0.000000000         0.000000000         0.338015575        -0.114807693
         0.092262534         0.379507407         0.119628332         0.000000000
        -0.287046810        -0.049689350        -0.247479342         0.033863350
         0.000000000        -0.287046810        -0.198522423         0.000000000
        -0.271312729         0.000000000        -0.114807693        -0.049689350
        -0.247479342         0.033863350         0.000000000         0.338015575
         0.092262534         0.379507407         0.119628332         0.000000000
        -0.062401135
$end
