$coord
    0.95306299931475      0.27545263558756      4.00021059810379  c
    2.87995037807454      0.32840382484662      2.22401420310852  c
    2.30798673926962      0.38499188432898     -0.33471340086099  c
   -0.20054056796400      0.36245119636089     -1.06909481429335  c
   -2.14932087974250      0.32894536716360      0.68466937577849  c
   -1.55870339643248      0.27570256414681      3.23393446209100  c
   -0.89476721024645      0.58178397212918     -4.38070421985718  s
   -2.36760954407246     -2.19788070032874     -4.43409926428214  o
   -3.35697054958670     -2.24081329326656     -5.96386380381689  h
    1.53924467293985      0.35348273389373     -5.70680727120994  o
   -4.10116000957352      0.31804252598055      0.06633985156160  h
   -3.05729113744397      0.23207305475898      4.62702192570511  h
    1.40662417742701      0.23927026705174      5.99591840070893  h
    4.83497954922732      0.32903908752409      2.82931434988574  h
    3.76451458983636      0.42905506879524     -1.77214039262277  h
$user-defined bonds
$redundant
     number_of_atoms            15
     degrees_of_freedom         39
     internal_coordinates       39
     frozen_coordinates          0
# definitions of redundant internals
   1 k  1.0000000000000 tors   9    8    7    4 val= 162.89597
   2 k  1.0000000000000 stre   8    9           val=   1.82232
   3 k  1.0000000000000 bend   7    9    8      val= 106.81101
   4 k  1.0000000000000 stre   7   10           val=   2.78120
   5 k  0.9048562231611 bend   8   10    7      val= 108.29087
        0.4257172951697 bend   4   10    7
   6 k -0.4257172951697 bend   8   10    7      val=  37.36799
        0.9048562231611 bend   4   10    7
   7 k  1.0000000000000 stre   5   11           val=   2.04747
   8 k  0.7071071218392 bend   6   11    5      val=   0.08451
       -0.7071064405338 bend   4   11    5
   9 k  1.0000000000000 outp  11    4    6    5 val=   0.73345
  10 k  1.0000000000000 stre   6   12           val=   2.04655
  11 k -0.7071067807863 bend   5   12    6      val=   0.11774
        0.7071067815867 bend   1   12    6
  12 k  1.0000000000000 outp  12    1    5    6 val=  -0.06274
  13 k  1.0000000000000 stre   1   13           val=   2.04692
  14 k  0.7071067839604 bend   2   13    1      val=   0.05640
       -0.7071067784127 bend   6   13    1
  15 k  1.0000000000000 outp  13    6    2    1 val=  -0.15713
  16 k  1.0000000000000 stre   2   14           val=   2.04659
  17 k  0.7071067830669 bend   1   14    2      val=   0.16263
       -0.7071067793062 bend   3   14    2
  18 k  1.0000000000000 outp  14    3    1    2 val=   0.09287
  19 k  1.0000000000000 stre   3   15           val=   2.04685
  20 k -0.7071055960484 bend   4   15    3      val=   1.48620
        0.7071079663227 bend   2   15    3
  21 k  1.0000000000000 outp  15    2    4    3 val=   0.47947
  22 k  0.7071067811865 tors   8    7    4    3 val=  27.70690
        0.7071067811865 tors   8    7    4    5
  23 k  1.0000000000000 stre   7    8           val=   3.14621
  24 k  1.0000000000000 bend   4    8    7      val=  93.16849
  25 k  1.0000000000000 stre   4    7           val=   3.39070
  26 k -0.7070541323896 bend   3    7    4      val=   1.04482
        0.7071594260637 bend   5    7    4
  27 k  1.0000000000000 outp   7    5    3    4 val=   3.45202
  28 k  1.0000000000000 stre   1    2           val=   2.62118
  29 k  1.0000000000000 stre   2    3           val=   2.62249
  30 k  1.0000000000000 stre   3    4           val=   2.61391
  31 k  1.0000000000000 stre   4    5           val=   2.62194
  32 k  1.0000000000000 stre   5    6           val=   2.61733
  33 k  1.0000000000000 stre   6    1           val=   2.62605
  34 k -0.2886751345948 bend   1    3    2      val=   0.77299
       -0.2886751345948 bend   2    4    3
        0.5773502691896 bend   3    5    4
       -0.2886751345948 bend   4    6    5
       -0.2886751345948 bend   5    1    6
        0.5773502691896 bend   6    2    1
  35 k  0.5000000000000 bend   1    3    2      val=   0.03296
       -0.5000000000000 bend   2    4    3
        0.5000000000000 bend   4    6    5
       -0.5000000000000 bend   5    1    6
  36 k -0.4082482904639 bend   1    3    2      val=  -0.59731
        0.4082482904639 bend   2    4    3
       -0.4082482904639 bend   3    5    4
        0.4082482904639 bend   4    6    5
       -0.4082482904639 bend   5    1    6
        0.4082482904639 bend   6    2    1
  37 k -0.2886751345948 tors   2    3    4    5 val=  -0.05645
       -0.2886751345948 tors   3    4    5    6
        0.5773502691896 tors   4    5    6    1
       -0.2886751345948 tors   5    6    1    2
       -0.2886751345948 tors   6    1    2    3
        0.5773502691896 tors   1    2    3    4
  38 k  0.5000000000000 tors   2    3    4    5 val=   0.52827
       -0.5000000000000 tors   3    4    5    6
        0.5000000000000 tors   5    6    1    2
       -0.5000000000000 tors   6    1    2    3
  39 k -0.4082482904639 tors   2    3    4    5 val=  -0.55965
        0.4082482904639 tors   3    4    5    6
       -0.4082482904639 tors   4    5    6    1
        0.4082482904639 tors   5    6    1    2
       -0.4082482904639 tors   6    1    2    3
        0.4082482904639 tors   1    2    3    4
        39 non zero eigenvalues  of BmBt
           1          11.028057587    1    0
         1
           2           5.169162263    2    0
         2
           3           5.018043881    3    0
         3
           4           4.385911107    4    0
         4
           5           4.327824868    5    0
         5
           6           3.554747692    6    0
         6
           7           3.516395906    7    0
         7
           8           3.427755517    8    0
         8
           9           3.221967978    9    0
         9
          10           2.721056391   10    0
        10
          11           2.601156260   11    0
        11
          12           2.210353279   12    0
        12
          13           2.134528451   13    0
        13
          14           1.941141088   14    0
        14
          15           1.921246379   15    0
        15
          16           1.803539257   16    0
        16
          17           1.631538128   17    0
        17
          18           1.452175764   18    0
        18
          19           1.114168095   19    0
        19
          20           0.945535980   20    0
        20
          21           0.849647165   21    0
        21
          22           0.722421530   22    0
        22
          23           0.536763198   23    0
        23
          24           0.468042434   24    0
        24
          25           0.390537545   25    0
        25
          26           0.366229233   26    0
        26
          27           0.359610439   27    0
        27
          28           0.350992221   28    0
        28
          29           0.296778393   29    0
        29
          30           0.284138718   30    0
        30
          31           0.279061278   31    0
        31
          32           0.260190905   32    0
        32
          33           0.167964415   33    0
        33
          34           0.135651270   34    0
        34
          35           0.111265104   35    0
        35
          36           0.076531675   36    0
        36
          37           0.068703233   37    0
        37
          38           0.041218778   38    0
        38
          39           0.023183092   39    0
        39
$end
