$dipgrad          cartesian dipole gradients
  0.11113991324018D+00  0.10985702489406D-01  0.15666375310187D+00
  -.10848497323935D-01  -.54248239642940D-01  -.15576095275950D-01
  -.12433933322013D-02  -.15480185251162D-01  0.53293217705534D-01
  0.16834368558572D+00  0.13730110886153D-01  0.11553994948950D+00
  -.56658237199673D-01  -.10635249608654D+00  0.44114447210631D-02
  0.69602999146788D-01  -.16883761292741D-01  -.16809749808841D+00
  -.12967101360253D-01  0.12252204011361D-01  0.12543805275762D+00
  -.43962354287958D-01  -.81836712833329D-01  0.53270776135376D-01
  -.17332524291755D+00  -.12353786996179D-01  -.17223442424395D+00
  -.92756972832201D-01  0.18390289423031D-01  -.27906043589388D-01
  0.44536791776446D-01  -.95675000780372D-01  0.22737481641391D+00
  -.12220462950515D-01  0.35245409279223D-02  -.30029927338084D+00
  0.71885168057650D-01  -.38510032567213D-02  -.75341383657219D-01
  0.57352688675296D-01  -.26188746079834D-01  -.25302025735611D-01
  0.13514241027912D+00  -.12805222930575D-02  -.20406188836973D-01
  0.69192025783686D-01  0.15803115836763D-01  0.37067747195214D-01
  0.33555078960197D-01  -.44189361631197D-01  -.78677732692281D-01
  -.12409763033477D+00  -.94762847358377D-02  0.16591092493456D-01
  0.10396430959643D+01  0.38502711656298D+00  -.56600395407343D+00
  0.43695871727490D+00  0.10171674699710D+01  0.18059262119164D+00
  -.70470893885245D-01  -.86479883322677D-01  0.15478435667228D+01
  -.80391816993401D+00  -.36224879936667D+00  -.20693392289853D+00
  -.55038484103556D+00  -.10284763600117D+01  -.38524003272820D+00
  0.13978928297867D-01  -.47899444167214D-01  -.41301974689175D+00
  0.30940592837951D+00  0.36271870486104D-01  0.77186777847765D-02
  0.24451051648771D-01  0.27977403605133D+00  0.45306921100325D-01
  0.19631858217665D-01  0.86017279035137D-01  0.24004849315714D+00
  -.93716802084721D+00  -.13128269744657D+00  0.41238036404196D+00
  0.72044029041222D-01  -.52250438071255D+00  -.40770352669766D-01
  0.15643207140885D+00  0.83381334127500D-01  -.90715458565355D+00
  -.18383428418016D-01  0.39126015447810D-02  -.27765312990803D-01
  0.14750516121806D-02  0.13037556491665D+00  0.33197114107153D-02
  -.47421034836996D-01  0.76426762676013D-02  0.86394970082253D-01
  0.15981642193677D-02  -.10527458138213D-02  0.84097827038080D-01
  0.79545004921564D-03  0.14285906062339D+00  -.32644324973503D-02
  0.71638589987908D-01  0.53860841841358D-03  -.14139156514905D-01
  0.79530854083580D-01  0.15397687017367D-02  -.17605878724785D-01
  -.77917161694047D-03  0.13703426907704D+00  0.67695910143014D-02
  -.35767750424488D-01  0.25593078994410D-02  -.74914529742683D-01
  -.52365522907821D-01  -.70009751471378D-03  -.43474984037570D-01
  -.91140486452468D-02  0.13184880188246D+00  0.57329500772285D-02
  -.51534198136491D-01  -.16497912029740D-02  0.21191419765374D-01
  0.66820381107817D-01  0.12225634562123D-02  0.26125108562478D-01
  0.57829107106612D-03  0.12041209537887D+00  0.22051839534633D-01
  0.49653749480198D-01  0.78399125857846D-02  0.10490264355021D+00
$end
