$energy      SCF               SCFKIN            SCFPOT
     1 -780.4409641120      777.2268823774     -1557.667846489
     2 -780.4409756258      777.2264080189     -1557.667383645
     3 -780.4409778148      777.2273625679     -1557.668340383
     4 -780.4409865039      777.2266738673     -1557.667660371
     5 -780.4409883711      777.2269065564     -1557.667894927
     6 -780.4409908144      777.2262740422     -1557.667264857
     7 -780.4409904407      777.2264590705     -1557.667449511
     8 -780.4409901756      777.2257756552     -1557.666765831
     9 -780.4409914523      777.2267591884     -1557.667750641
    10 -780.4409914347      777.2267866506     -1557.667778085
    11 -780.4409909413      777.2270719986     -1557.668062940
    12 -780.4409912729      777.2270597548     -1557.668051028
    13 -780.4409896732      777.2272189999     -1557.668208673
    14 -780.4409913734      777.2268631931     -1557.667854566
    15 -780.4409916612      777.2264427357     -1557.667434397
    16 -780.4409915617      777.2261020140     -1557.667093576
    17 -780.4409916851      777.2264819665     -1557.667473652
    18 -780.4409916980      777.2265720419     -1557.667563740
    19 -780.4409917580      777.2266222262     -1557.667613984
    20 -781.0346893287      777.5999965819     -1558.634685911
$end
