$grad          cartesian gradients
  cycle =      1    SCF energy =     -780.4409641120   |dE/dxyz| =  0.000325
    0.95168441086470      0.28947675280302      4.00250892445564      c
    2.88739608433105      0.37343898564065      2.23740834030767      c
    2.32948316743378      0.40992638473225     -0.32481784402241      c
   -0.17427696904357      0.34473763616177     -1.07517839159400      c
   -2.13207613949631      0.28131219104589      0.66826687593416      c
   -1.55482452124554      0.24020535642245      3.22069936560795      c
   -0.83544187622512      0.56579590946060     -4.39334775243745      s
   -2.48138747981750     -2.11495408689668     -4.42464199514326      o
   -3.46696979805390     -2.10807283815640     -5.95737542892276      h
    1.58909961795337      0.17508803949980     -5.69860861550526      o
   -4.07918758585929      0.23237546516346      0.03860256955213      h
   -3.06086311675406      0.16599581118403      4.60437762709428      h
    1.39373406115725      0.26549631714932      6.00098596169966      h
    4.83860918126546      0.41299435510899      2.85350346819252      h
    3.79502077451706      0.46618390965348     -1.75238310521887      h
  0.14532885153962D-04  0.74899128482547D-05  0.25491729104488D-04
  -.13819022260719D-04  0.19817060213090D-04  -.10080674615942D-04
  0.57640336502907D-04  -.22719115161163D-04  -.50545279455250D-04
  -.51413930907351D-04  -.31081756844742D-04  0.32067601870356D-04
  0.32437383556516D-04  -.13162286299773D-06  0.68250173664630D-04
  -.16255334898352D-04  -.67916936133727D-04  -.20719603259778D-04
  0.18976102299284D-03  0.59662126979276D-04  0.33088579876051D-05
  -.11636744012478D-03  0.31388472415017D-04  0.54950351596528D-04
  -.12590740354756D-04  0.19443258062690D-04  -.48954408611968D-04
  -.39580576274290D-04  -.21252296435570D-04  -.22537039304993D-04
  -.39398397779777D-05  0.36624881014385D-04  -.16302460163486D-04
  -.13621923389273D-05  -.73019689073250D-04  -.24782841693494D-04
  -.10815121786245D-04  0.21227268833024D-04  0.84908059672095D-05
  -.12798156817873D-04  0.94418029871896D-04  -.10740885334037D-04
  -.46553403114880D-04  -.19185751050088D-05  0.24569060224355D-05
  cycle =      2    SCF energy =     -780.4409756258   |dE/dxyz| =  0.001597
    0.95452295850845      0.27815710482869      4.00035543182158      c
    2.87825962262403      0.32738628090996      2.22099793544814      c
    2.30184024398819      0.38881270241139     -0.33662786857908      c
   -0.20806180894095      0.36081837555842     -1.06868459113324      c
   -2.15372930137405      0.32660018720715      0.68916049587812      c
   -1.55825376401806      0.28208172899554      3.23742788683329      c
   -0.89053577798549      0.57786330344789     -4.38279897150128      s
   -2.36210565395741     -2.20187991102064     -4.44254905721724      o
   -3.35492276961020     -2.23774402461603     -5.97011535614199      h
    1.55086573468734      0.35853093721899     -5.69667881773494      o
   -4.10586093392559      0.29948122822785      0.07393418263238      h
   -3.05506362076643      0.25219164276051      4.63278527915174      h
    1.41103686506803      0.23742769192482      5.99529194979351      h
    4.83450319810591      0.31270945499344      2.82214415318158      h
    3.75750481862360      0.43756348612465     -1.77464265243254      h
  0.66867115852798D-04  0.58125201027048D-04  -.34034645537417D-05
  0.15812830461925D-04  0.26853158705675D-03  0.57911579796510D-04
  0.91058496838770D-04  0.77013120722058D-04  -.26770592729553D-03
  -.80426515209719D-03  -.76930790562812D-04  -.23027368183826D-03
  -.20352484200004D-03  0.29181956021168D-03  0.40819372041767D-03
  0.87204286946196D-04  -.20179011630844D-03  -.31128646510226D-04
  0.41629267742849D-03  -.66223466573234D-03  -.16917150845330D-03
  -.14877578369799D-03  0.34139669089939D-04  0.44234727837988D-04
  0.99386005116830D-05  0.89973250838704D-04  0.43132839888216D-04
  0.14595851465060D-03  0.40191402634038D-03  0.99621807688521D-04
  0.18769627510951D-03  -.33858581647289D-03  0.38280394532908D-04
  0.26935025994046D-05  0.36447890581023D-03  0.91438606419914D-05
  0.30167577700468D-04  -.12710227441561D-03  -.13025261262012D-04
  -.15651950540096D-05  -.37572011401132D-03  -.44202268435600D-04
  0.55692408926777D-04  0.11397526443524D-03  0.62906773233173D-04
  cycle =      3    SCF energy =     -780.4409778148   |dE/dxyz| =  0.001215
    0.95323663226183      0.27836473178627      4.00036644941687      c
    2.88101888867954      0.34298460951571      2.22578637278683      c
    2.31069650349681      0.39290168453479     -0.33347694123222      c
   -0.19740877399077      0.36117150615674     -1.07116061859800      c
   -2.14704835123294      0.32272207028804      0.68193932409577      c
   -1.55760562969442      0.26377772040647      3.23129012163531      c
   -0.87573781732455      0.57458948443819     -4.38647472634505      s
   -2.39696616427719     -2.17861448409951     -4.43179209429562      o
   -3.38586791744385     -2.20741872643328     -5.96206399614253      h
    1.56082554184170      0.30212053406839     -5.69935024356242      o
   -4.09814127225058      0.31467119809965      0.06233267024261      h
   -3.05728746545407      0.19678990028789      4.62227885678065      h
    1.40503445442366      0.24399694271715      5.99649569420445      h
    4.83559331105452      0.36058622038678      2.83231348188716      h
    3.76965787093768      0.43135679681937     -1.76848435087378      h
  -.13747851612678D-05  0.67761493644597D-04  0.40416237601093D-05
  0.20024075067404D-04  -.19019484618887D-03  0.43657248548712D-04
  0.50126204552470D-04  0.29104963974702D-03  -.11888854488840D-03
  -.47732375744136D-03  -.80896090921490D-04  -.16336853760457D-03
  -.82209645121623D-04  -.49670849359806D-04  0.27739217482114D-03
  0.64989991583886D-04  0.71912865639012D-04  -.35397141525007D-04
  0.41786469055438D-03  -.29969857518353D-03  -.12110108612351D-03
  -.20246197515927D-03  0.73426839811930D-04  0.67838883595073D-04
  0.29291641661100D-05  0.55493847162080D-04  0.18429119290619D-04
  0.19981364371091D-04  0.28596575980089D-04  0.42774968767034D-04
  0.98319994489060D-04  0.39137064946881D-03  -.26103970834912D-04
  -.14062858347819D-04  -.54894354134802D-03  -.49336995306959D-04
  -.19398082473532D-04  0.95741300133095D-04  -.25970030845812D-05
  -.19709338019425D-05  0.30339698614235D-03  0.95846899410557D-05
  0.47910919080962D-04  -.24561900729025D-03  0.68441314466483D-04
  cycle =      4    SCF energy =     -780.4409865039   |dE/dxyz| =  0.000756
    0.95467763153000      0.27980946094408      4.00159685225999      c
    2.87977472584043      0.32977433957247      2.22346116922567      c
    2.30534225182167      0.37902113335786     -0.33490143107912      c
   -0.20401701327019      0.35532143494630     -1.06780397716124      c
   -2.15074624118195      0.32125097983449      0.68825768130154      c
   -1.55757758353249      0.27611569191544      3.23700939213903      c
   -0.89198581415048      0.58380645695995     -4.38031796764658      s
   -2.37532303146289     -2.18978388944726     -4.44166180364773      o
   -3.35323122015224     -2.22936823871554     -5.97879545525706      h
    1.54467396596805      0.35107246610193     -5.70059601572762      o
   -4.10300066941166      0.30294110846991      0.07163623300577      h
   -3.05531679141472      0.23598930356979      4.63113908168285      h
    1.40974917213964      0.24954821736741      5.99706023539803      h
    4.83543099280425      0.33868924357444      2.82668001604773      h
    3.76154943549993      0.41581248052139     -1.77276401054123      h
  0.32896579005737D-04  -.11597181004269D-03  0.19806066767103D-04
  0.10465554992400D-04  -.10368112172549D-03  0.11945862437024D-04
  0.54626652943313D-04  -.18657617665285D-05  -.17527613805202D-03
  -.40747912607042D-03  -.11910990482811D-06  -.44615296792117D-04
  0.74754613526906D-04  -.10845130141235D-03  0.21653861551840D-03
  0.43702536994150D-04  0.19107053618628D-03  -.47285183713441D-04
  0.98463742190802D-05  -.33943465872710D-04  -.21223019454197D-03
  -.40565194915132D-04  0.25292773177199D-04  0.66132192805490D-04
  0.86193519488020D-04  0.31669136250967D-04  0.92181505451094D-05
  0.29096567612186D-04  0.15473264823207D-03  0.14531609010504D-03
  0.20991206724830D-04  -.17964789363789D-03  0.52630279088195D-05
  -.85421666382590D-05  0.17269462921846D-03  0.11248845460221D-04
  0.16624238034391D-04  -.17063143233964D-04  0.44788593456246D-06
  -.21867862947111D-05  0.13320706021192D-03  -.28774605194237D-04
  0.22019643269866D-04  -.21971559850727D-03  0.29154871469039D-04
  cycle =      5    SCF energy =     -780.4409883711   |dE/dxyz| =  0.000572
    0.95342752573521      0.27565604193234      4.00039432425940      c
    2.88051940555031      0.33365079017605      2.22467637790898      c
    2.30895243058142      0.39210529282357     -0.33413117120590      c
   -0.19943890358279      0.36204435320307     -1.07012835774440      c
   -2.14822115855901      0.32309082005256      0.68359256106668      c
   -1.55793693002671      0.27108379036423      3.23289036136014      c
   -0.88388776644466      0.57771251198120     -4.38420505883443      s
   -2.38668564232492     -2.18567835146024     -4.43179894512476      o
   -3.36995579608872     -2.22335327028650     -5.96556756920056      h
    1.55176971444475      0.32100172191699     -5.70190852378399      o
   -4.09974179541960      0.30695305091486      0.06469510554300      h
   -3.05722389627221      0.22452925858141      4.62514747397532      h
    1.40623370303256      0.23934180189706      5.99626947840842      h
    4.83552275683127      0.33756348002014      2.83006482679841      h
    3.76666616357048      0.44429889685591     -1.76999088342629      h
  -.34255144552020D-05  0.20938925994626D-04  0.20096314747420D-04
  0.15068668435703D-04  -.81343841612180D-04  0.13431834868349D-04
  0.23767649464546D-04  0.21241424705720D-04  -.79191267211787D-04
  -.32267627350624D-03  0.11428754499221D-04  -.58561012101777D-04
  0.58258360672525D-04  -.22885887680846D-04  0.15800816610945D-03
  0.46881958359890D-04  -.43323956287589D-04  -.40102560693089D-04
  0.20531332803131D-03  -.19599527485070D-03  -.12019962601606D-03
  -.10760176410329D-03  0.40062765698679D-04  0.29274796273349D-04
  0.19303185571751D-04  0.24412407448438D-04  0.76412449052654D-05
  -.16631640178844D-04  -.26856461312175D-04  0.68604547228901D-04
  0.12540831892283D-04  0.37100875209417D-04  -.19373189852789D-04
  -.25298523448569D-04  -.70902518752858D-05  -.13067013252654D-04
  -.15411119063807D-04  0.18764768032753D-05  0.64250952132028D-05
  0.87739575413970D-05  -.47127186982687D-04  0.51562359826285D-07
  0.30660593296594D-04  0.21485590426695D-03  0.41142888306922D-04
  cycle =      6    SCF energy =     -780.4409908144   |dE/dxyz| =  0.000503
    0.95390201586815      0.27660268273477      4.00052466648032      c
    2.87903787583635      0.32583951678449      2.22233988686727      c
    2.30458568586909      0.38254444073977     -0.33584463093190      c
   -0.20474170404088      0.36146260776906     -1.06834405720472      c
   -2.15152940127429      0.32904971897958      0.68756863214198      c
   -1.55845724572971      0.27777136245200      3.23625500445254      c
   -0.89601752051102      0.58245553334346     -4.38074172091863      s
   -2.36267779510153     -2.20021014827209     -4.43777558767755      o
   -3.34886255969231     -2.24421690297421     -5.96955530852896      h
    1.54053646789889      0.36151575409257     -5.70329574261578      o
   -4.10396254291803      0.31820799345637      0.07103059604738      h
   -3.05609697689860      0.23650731050115      4.63044553922997      h
    1.40909412414927      0.24325290039864      5.99590692386508      h
    4.83475984146900      0.32328253396537      2.82539563231948      h
    3.76042954610298      0.42593488500173     -1.77390983352648      h
  0.21377754899632D-04  0.15007512952275D-04  0.28241191750711D-04
  0.28995972511936D-06  -.15492928745947D-04  -.34170881124673D-05
  0.21634600575027D-04  -.12140024945317D-04  -.14172868164097D-03
  -.33852998378237D-03  -.47557667428144D-04  -.51065629396163D-05
  0.85830490381689D-04  0.27109951434845D-05  0.16334700186960D-03
  0.32312358627884D-04  0.43021129758902D-05  -.25643916882423D-04
  0.51378175323080D-04  -.12436933956650D-03  -.14972305978578D-03
  0.29317565534370D-04  -.13851883211125D-04  0.48395690873448D-04
  0.54250969254710D-05  0.22006712395495D-04  0.56349337118622D-05
  0.23210107876537D-04  0.11109016591382D-03  0.72765883915693D-04
  -.76303616669549D-05  -.86257998353767D-06  0.65545803473732D-06
  -.82338643192514D-05  0.12708576218157D-04  0.73078519395864D-05
  0.10796980604244D-04  0.70966060588477D-04  0.41960625578596D-05
  0.56044327605420D-05  -.85066268227546D-04  -.26173577969968D-04
  0.19136506464346D-04  -.21197533655426D-04  0.26298159043314D-04
  cycle =      7    SCF energy =     -780.4409904407   |dE/dxyz| =  0.000426
    0.95349633008780      0.27656083543969      4.00049463920523      c
    2.87998277091282      0.33132311638995      2.22396679904786      c
    2.30752613570037      0.38684038235660     -0.33468988773702      c
   -0.20117232849298      0.36115114901234     -1.06933370364184      c
   -2.14936341724085      0.32528292480949      0.68501986554548      c
   -1.55823159112788      0.27395922662654      3.23415714719893      c
   -0.88943020396826      0.58041400066084     -4.38243322250860      s
   -2.37525483337521     -2.19214448169122     -4.43497722447745      o
   -3.36250905138797     -2.23131501022982     -5.96618781704391      h
    1.54623638318636      0.34062486335371     -5.70334643002211      o
   -4.10120708332229      0.31086668683940      0.06688358007168      h
   -3.05693375179688      0.22980588483829      4.62710947646734      h
    1.40712869495234      0.24044659843236      5.99618076589467      h
    4.83519115579153      0.33452701672711      2.82867755594406      h
    3.76454060110848      0.43165699540739     -1.77152154394432      h
  -.10636792051599D-04  -.15381497751044D-04  0.16162567584743D-04
  0.87471704202091D-05  0.35448001672544D-04  0.11324368416221D-04
  -.58907469306924D-05  0.43487145899079D-04  -.61399614950108D-04
  -.25622911572132D-03  -.23463210633068D-04  -.34321692749639D-04
  0.48411251116098D-04  -.53607770325370D-04  0.96987516429614D-04
  0.35914940963444D-04  -.11940090858586D-04  -.19171657267059D-04
  0.14431459210940D-03  -.24758374266298D-04  -.17180466315558D-03
  -.66251734981648D-04  0.23061407883773D-04  0.64652120495445D-04
  0.70950374541079D-05  0.54381261218039D-04  0.14055356417408D-04
  0.15962704889461D-04  -.90442246835298D-04  0.65026945673452D-04
  0.56474429408482D-05  -.35828075671263D-04  -.99301268521312D-05
  -.25263292892319D-04  -.15544469683104D-05  -.16708186453052D-04
  -.21158033518986D-04  -.45722798299872D-04  0.33007704378640D-05
  0.13538798171897D-04  0.73037891617278D-04  0.12469886532029D-04
  0.44765660261792D-04  0.54429479213747D-05  0.39856168177588D-04
  cycle =      8    SCF energy =     -780.4409901756   |dE/dxyz| =  0.000581
    0.95333489559454      0.27460554848322      4.00020467805315      c
    2.87977999839273      0.33014825097722      2.22362717168602      c
    2.30723564815606      0.38730839152844     -0.33496283864461      c
   -0.20149072179815      0.36325351072401     -1.06927114188898      c
   -2.14966404023219      0.32846859207834      0.68506616800001      c
   -1.55848664349126      0.27519625041420      3.23416109336527      c
   -0.89176619560162      0.58050033641800     -4.38209398976733      s
   -2.37161978875000     -2.19535393996340     -4.43337495963073      o
   -3.35818548753973     -2.23799304866492     -5.96495809969109      h
    1.54341245206049      0.34511578946011     -5.70471851720307      o
   -4.10158182328264      0.31646245096308      0.06701771611745      h
   -3.05708654247700      0.23251602550039      4.62725712298965      h
    1.40712324854460      0.23442830834327      5.99577314075998      h
    4.83498778343826      0.33302733991108      2.82831325840206      h
    3.76400702801328      0.43231638279963     -1.77204080254778      h
  0.68057739710525D-06  -.16516437365249D-03  0.72273848834570D-05
  0.13502856602843D-04  0.28823200719896D-04  -.60819706710902D-05
  -.14925845727376D-04  -.37743239571730D-04  -.75230061160614D-04
  -.16409670268835D-03  0.10280593486378D-03  0.37488914662820D-04
  0.50560775338937D-04  0.22716201143802D-04  0.30332300530400D-04
  0.16536721640925D-04  0.63236438990033D-04  0.26663601246923D-04
  -.12154667511055D-03  -.20367259406129D-03  -.90143837987000D-04
  0.47664875489462D-04  -.13314431747347D-04  0.53693231494734D-04
  0.24150189580130D-04  -.84746824656756D-05  0.35373475841816D-05
  0.47258494593194D-04  0.10927635082725D-03  0.89796577888990D-05
  -.21674795851467D-04  0.92201528405889D-04  0.17699216764644D-04
  -.47379697085681D-05  0.18448440159961D-03  0.18845616055474D-04
  0.12073592224771D-04  -.34003660404214D-03  -.12491145544580D-04
  0.24090644148433D-04  0.88832060343352D-04  -.59854855618546D-05
  0.32568166794533D-04  0.42037617010715D-05  -.46061301783862D-05
  cycle =      9    SCF energy =     -780.4409914523   |dE/dxyz| =  0.000243
    0.95342937335649      0.27655065145254      4.00050350041633      c
    2.87982536130944      0.32877984894703      2.22375349731091      c
    2.30717708210205      0.38460446661560     -0.33482780142673      c
   -0.20158887370020      0.36204645168653     -1.06875547248525      c
   -2.14972738000249      0.32797571501180      0.68559158706073      c
   -1.55846747932691      0.27566426623597      3.23469286593199      c
   -0.89388038807079      0.58216590054753     -4.38096379372406      s
   -2.36955956597513     -2.19594425531440     -4.43493602402314      o
   -3.35529612612650     -2.23931772544849     -5.96705488076468      h
    1.54059297819616      0.35167661345333     -5.70576058237721      o
   -4.10168238255591      0.31581914656433      0.06761826993414      h
   -3.05690880396318      0.23156929886647      4.62789956578666      h
    1.40734539541964      0.24142987909248      5.99613426428055      h
    4.83505176772278      0.32936863731398      2.82833054450045      h
    3.76368885264192      0.42761129394796     -1.77222554042071      h
  0.32700912662165D-05  0.53120947511198D-04  0.19875469448039D-05
  0.14382275473679D-04  -.23842803685892D-04  -.10580396421211D-05
  0.16786539074332D-04  -.16571748052474D-04  -.67874668452816D-04
  -.14765022806085D-03  0.14073403886705D-04  0.61568837804060D-04
  0.59826137251306D-04  -.10979950236245D-04  0.54280444310884D-04
  0.29764634303930D-05  -.58221025673877D-05  -.44115255164456D-05
  0.63107002176821D-04  -.34363529390902D-04  -.25415243008808D-04
  -.80739036221189D-05  -.26338073393362D-05  0.20694973747126D-04
  -.72472646424071D-05  -.15538513926217D-04  -.18294647447847D-04
  -.22444583862580D-04  0.18350153956098D-04  -.11126758035829D-04
  -.67728107246978D-05  -.81152952392527D-05  -.31518547385367D-05
  -.73697962186259D-05  -.34470530611341D-04  -.54490079604008D-05
  -.50747627802217D-05  0.66809563733283D-04  -.38205546788461D-05
  -.65632117811631D-05  -.39521511091101D-04  -.17523071567549D-04
  -.37983876093328D-05  -.35658240999492D-04  0.27762516376928D-04
  cycle =     10    SCF energy =     -780.4409914347   |dE/dxyz| =  0.000326
    0.95331106282415      0.27585305856669      4.00042631209424      c
    2.87988877137467      0.32846152886388      2.22388396337084      c
    2.30751609136291      0.38509970246258     -0.33473996620071      c
   -0.20114113374093      0.36178645856262     -1.06890089396553      c
   -2.14950368267895      0.32750265189296      0.68520135093789      c
   -1.55852185117217      0.27590914258483      3.23439362959633      c
   -0.89376705293355      0.58192781582373     -4.38100273965953      s
   -2.36933074371270     -2.19626781913825     -4.43472734051215      o
   -3.35671616043336     -2.23903927917103     -5.96579057840143      h
    1.54056728828856      0.35122420871403     -5.70601858096633      o
   -4.10139048995778      0.31448322156033      0.06700250341402      h
   -3.05709597991275      0.23404994083633      4.62752449407529      h
    1.40705185141724      0.23978603148578      5.99608709471712      h
    4.83504425152484      0.32899097699992      2.82869428595127      h
    3.76408758877720      0.43023254892827     -1.77203353445134      h
  -.16331740436470D-04  -.82791309020863D-04  -.10572390905850D-04
  0.17354498039523D-04  -.88691951897202D-05  0.13320554005158D-04
  0.12969508352612D-04  0.72225065577136D-05  -.30269250316906D-04
  -.78910775879848D-04  -.49332644434852D-04  0.42782602974967D-04
  0.47870807772021D-04  -.63904097921230D-04  0.17432401333117D-04
  0.49726867032973D-05  0.30600363392697D-04  -.12465336421741D-04
  0.59009639620022D-04  -.16990848372700D-05  -.19486800661994D-04
  0.26714977768627D-04  -.10697754984967D-04  0.10664374617164D-04
  -.40546274916231D-04  -.58030403837783D-05  0.15463885247868D-05
  -.29336934137092D-04  -.32000015494527D-04  -.12305262591994D-04
  -.28686679988121D-05  -.87269010372509D-04  -.14652543137927D-04
  -.19485057298652D-04  0.18681319157596D-03  -.15870653633843D-04
  -.24861013017463D-04  -.78293184680944D-04  -.17525621189840D-05
  -.12082799226931D-04  -.15362283290576D-04  0.42989033559593D-05
  0.86657753461949D-06  0.13635698798353D-03  0.35665298774079D-04
  cycle =     11    SCF energy =     -780.4409909413   |dE/dxyz| =  0.000509
    0.95313288457266      0.27505345002702      4.00011384037229      c
    2.87980750126734      0.32954067021308      2.22377953679751      c
    2.30764646800829      0.38618647860792     -0.33488250240502      c
   -0.20092807377407      0.36315090040624     -1.06932152175149      c
   -2.14952294838689      0.32963836522097      0.68466090406530      c
   -1.55864354638688      0.27465399438597      3.23385329868509      c
   -0.89298306028512      0.58088073091956     -4.38159391981726      s
   -2.36920159476213     -2.19699286774540     -4.43343904278466      o
   -3.35849193828760     -2.23949934516284     -5.96323101652713      h
    1.54176387212214      0.34875070209069     -5.70561685078823      o
   -4.10136686733059      0.32057416840053      0.06639481340516      h
   -3.05723740381719      0.22831992178048      4.62682363046136      h
    1.40677310450071      0.23801800691203      5.99579352228852      h
    4.83490768499392      0.33156579142094      2.82880588138718      h
    3.76434372859279      0.43015922149549     -1.77214057338863      h
  0.30628064262572D-06  -.28592500229241D-04  -.10583082160398D-04
  -.11932413370275D-04  0.67713919225221D-04  0.13242631309751D-04
  -.12193945234884D-04  0.32540215119892D-04  -.27085573902852D-04
  -.70846234946131D-04  -.34886904396902D-04  -.23401832923042D-04
  -.17222939487027D-04  0.11410448687366D-03  0.13976560766515D-04
  0.14764848708104D-04  -.80454968629851D-04  0.25371074130476D-06
  0.10582685536775D-03  -.64367069255056D-04  -.81048263698591D-04
  0.18732171483737D-04  0.50879724362574D-05  0.34792831752561D-04
  -.55135918434868D-04  -.74282856703523D-05  0.18875716262912D-04
  -.16705320675214D-04  -.66930049323233D-04  0.44595898617938D-04
  -.21708493349593D-05  0.25866800613517D-03  -.71847533411606D-05
  -.14036752800095D-04  -.31177264416860D-03  -.15420998734861D-04
  -.14774296045239D-04  -.48028992499879D-04  0.64129952822567D-05
  0.37542127173662D-06  0.14055157610757D-03  0.14102763245205D-04
  0.19542121895366D-04  -.50595959540850D-04  0.27529751295052D-04
  cycle =     12    SCF energy =     -780.4409912729   |dE/dxyz| =  0.000312
    0.95332470946632      0.27604843485321      4.00042260619087      c
    2.87988314003180      0.32910277830144      2.22389347293561      c
    2.30752297846900      0.38477590261502     -0.33474430610656      c
   -0.20111181391612      0.36199266355868     -1.06890740388032      c
   -2.14955172524068      0.32810132066854      0.68519038900837      c
   -1.55852141363710      0.27558466802874      3.23439432297309      c
   -0.89394409052103      0.58211521939919     -4.38090823638451      s
   -2.36958933395255     -2.19604352054105     -4.43456185984634      o
   -3.35616991317662     -2.23922012177187     -5.96610078158920      h
    1.54039744571133      0.35127621697536     -5.70591050339739      o
   -4.10143902971618      0.31601350342190      0.06702795029633      h
   -3.05702564116455      0.23203239380538      4.62754905834054      h
    1.40711860792568      0.23978632720357      5.99607619045615      h
    4.83503389998351      0.33068615419801      2.82875416805022      h
    3.76407199076457      0.42774824825656     -1.77217506704690      h
  0.14470758058494D-04  0.40404210892381D-04  -.21332693371789D-05
  -.53192741722441D-05  -.12311288121736D-04  -.87194392297540D-05
  0.15361681894532D-04  -.31358816305810D-04  -.83068149359988D-04
  -.86845485279818D-04  0.15907311641694D-04  0.61181853125980D-04
  0.24974046613835D-04  -.51647007493716D-04  0.46236829878588D-04
  0.34001954385410D-05  0.31594316761696D-04  0.56171845237429D-05
  0.96629356317379D-04  0.50724997372242D-04  0.37869049020145D-04
  -.44668328528452D-04  0.53154220438500D-05  0.13273018804938D-04
  0.15930186474833D-04  -.43151518893003D-04  -.32768986173437D-04
  -.63692733135667D-04  0.30907980808070D-05  -.20101296684061D-04
  -.43203991795249D-05  -.13749561054574D-03  -.74532435987429D-05
  0.10058061861162D-05  0.12853069291580D-03  0.51916169392374D-05
  0.87357424694012D-05  0.28107791604559D-04  -.14264825520804D-05
  -.11630312122257D-04  -.13168681546827D-04  -.24752666292205D-04
  -.18778581964529D-04  -.89499922002440D-04  0.19399802801301D-04
  cycle =     13    SCF energy =     -780.4409896732   |dE/dxyz| =  0.000736
    0.95292767338640      0.27489505589784      3.99998318645497      c
    2.87981742866257      0.32713336138838      2.22376760762047      c
    2.30781666283339      0.38692429570016     -0.33487371000114      c
   -0.20069597836298      0.36386415080018     -1.06944011564041      c
   -2.14940596570126      0.32954874572419      0.68432764910549      c
   -1.55880267489782      0.27563858189325      3.23359485308908      c
   -0.89413614231046      0.58100601258982     -4.38152079074030      s
   -2.36658101856908     -2.19889540046851     -4.43303326499229      o
   -3.35833789009424     -2.24165155477568     -5.96120534972376      h
    1.54037443058080      0.35181299475446     -5.70656068371961      o
   -4.10122481733303      0.31911086574371      0.06592086226181      h
   -3.05749853399665      0.23117786665729      4.62650814017356      h
    1.40638437444086      0.24001842250487      5.99573112559075      h
    4.83490046857160      0.32401119834131      2.82888723507943      h
    3.76446179381728      0.43540559222141     -1.77208674455810      h
  -.23945058109653D-04  0.92569108016985D-04  -.90127856244848D-05
  0.11039974876503D-04  -.20538505596113D-03  0.24056911247960D-04
  0.32488468209024D-04  0.62810301181049D-04  -.31806032868564D-04
  -.45469234872808D-04  -.47425025767378D-04  0.24000458456186D-05
  0.43993578415780D-04  -.10784773764705D-04  0.36144036682728D-04
  0.67916905246435D-05  -.23698380572035D-04  -.31444563993510D-04
  0.10534749614077D-03  -.12197071928988D-03  0.27199407499623D-05
  0.12792737336120D-03  -.32255493140454D-04  -.29833828811832D-05
  -.12264675848961D-03  -.49360167247769D-04  0.28277272209110D-04
  -.87952951526304D-04  0.30560325621209D-04  -.14939742090547D-04
  -.15587358150881D-05  0.81198383291570D-04  -.37346799342197D-04
  -.31517653470203D-04  -.77192656956160D-04  -.28940095513796D-04
  -.41174883024908D-04  0.19244300110305D-03  0.10665371992680D-04
  -.15005915342314D-04  -.39974211292629D-03  0.12791195681094D-04
  -.11510273862925D-04  0.43156205942865D-03  0.47952239283333D-04
  cycle =     14    SCF energy =     -780.4409913734   |dE/dxyz| =  0.000225
    0.95316075445887      0.27557118093607      4.00026858767356      c
    2.87989066583532      0.32881749275916      2.22392911057203      c
    2.30772642913636      0.38521958105440     -0.33473966860996      c
   -0.20083118942936      0.36224902465395     -1.06915803154105      c
   -2.14944261113526      0.32848396518748      0.68477098160285      c
   -1.55862241244067      0.27541912248239      3.23402616679755      c
   -0.89387496002106      0.58157353123630     -4.38116455564987      s
   -2.36828893673071     -2.19723495592795     -4.43441436493785      o
   -3.35800651352688     -2.23932579821728     -5.96392301533632      h
    1.54066653124886      0.35154465883485     -5.70599979373521      o
   -4.10129411739632      0.31733670121486      0.06650585292084      h
   -3.05721241047451      0.23154584386256      4.62707564660124      h
    1.40678799309227      0.23940609242114      5.99595975201357      h
    4.83499621603502      0.32996419045993      2.82898196496502      h
    3.76434437237545      0.42942955801483     -1.77211863333645      h
  0.11686663643040D-04  -.25277601872459D-04  0.10175605282825D-05
  -.65560873272474D-05  0.52082181916213D-04  -.10145504045767D-05
  0.73791959249725D-05  -.22400462182659D-04  -.47594097173143D-04
  -.72730855782410D-04  -.38374678876352D-04  0.32070906890169D-04
  0.97346579865931D-05  0.76587519399762D-05  0.35677756278218D-04
  0.45790238951682D-05  -.14175277166850D-04  0.36298382279920D-05
  0.10267109758999D-03  0.48881432957781D-04  -.17781006372175D-04
  -.31890451271721D-04  -.16435203883169D-04  0.92252579388941D-05
  -.15339879782861D-04  -.20643491119188D-04  -.11883316659578D-05
  -.40365471083881D-04  -.34163711322144D-04  0.64374706827408D-05
  -.26549454771319D-05  -.49570167906243D-05  -.10729735768600D-04
  -.24974790320265D-05  0.10085507263224D-05  -.32812783690161D-05
  0.17157795451084D-06  -.23327172354329D-04  -.17171463069232D-05
  -.91186919171093D-05  0.94634503780805D-04  -.10633708471319D-04
  -.91046201140532D-05  -.80231448605778D-04  0.14153878756362D-04
  cycle =     15    SCF energy =     -780.4409916612   |dE/dxyz| =  0.000131
    0.95313185885049      0.27544239980725      4.00021028737531      c
    2.87990187466680      0.32872028115929      2.22391980552890      c
    2.30775694950556      0.38557659011131     -0.33474063388691      c
   -0.20077791788352      0.36283385856556     -1.06921969773117      c
   -2.14944823070291      0.32891889857079      0.68466886545287      c
   -1.55864542049260      0.27553833864488      3.23394206899272      c
   -0.89419619392161      0.58161192413632     -4.38116682950909      s
   -2.36829095172021     -2.19734790417389     -4.43393581413941      o
   -3.35738278089369     -2.24003698401613     -5.96380476547758      h
    1.54034384208372      0.35155746619702     -5.70605300242903      o
   -4.10130128618897      0.31772676711845      0.06643383254726      h
   -3.05721436368415      0.23137608066063      4.62700548315032      h
    1.40674809727379      0.23901818751090      5.99590116726519      h
    4.83500807012478      0.32937541580147      2.82902200780157      h
    3.76436626400990      0.42968886887884     -1.77218277494101      h
  0.26046996346452D-05  -.31070478220818D-05  -.16866759224854D-05
  -.54909446731699D-05  0.27340444858082D-06  -.59881393177363D-08
  -.27669236070338D-04  0.11445311153768D-04  0.36939372713540D-04
  0.43028221146102D-05  0.17490848612134D-04  -.10665276274135D-04
  -.17208497505194D-04  0.46365060691889D-05  -.20296246703300D-04
  0.78447341129717D-05  0.71239666901701D-05  0.19362567087455D-04
  -.64598562296680D-04  -.18257752820716D-05  -.51802338703055D-04
  -.23079580914853D-04  -.87319722048562D-05  0.61196465050983D-05
  0.19696498790855D-04  -.27991799493865D-05  0.23045740384031D-04
  0.25486740494074D-04  -.45595754401884D-04  0.20272116442399D-04
  -.17244337731648D-05  0.10972478547977D-05  0.78753238749174D-05
  0.13117463802947D-05  -.24563876184103D-04  -.14079095732589D-05
  0.11809572930677D-06  -.57127582803185D-05  0.10825719076735D-06
  0.83434351134670D-05  -.10581852717489D-04  -.14991464439840D-05
  0.16069654940054D-04  -.14931614998603D-04  -.17968601950025D-04
  cycle =     16    SCF energy =     -780.4409915617   |dE/dxyz| =  0.000256
    0.95299112753222      0.27554165960024      4.00019540404286      c
    2.87996360040402      0.32842291078004      2.22409494088400      c
    2.30807751956655      0.38482083091375     -0.33463946017592      c
   -0.20037981803031      0.36203740646001     -1.06927032150114      c
   -2.14925887170393      0.32862433295377      0.68440756736029      c
   -1.55872765776598      0.27559029097621      3.23374622845608      c
   -0.89463850617003      0.58149563489823     -4.38094384280749      s
   -2.36648903373403     -2.19863066925626     -4.43469367154317      o
   -3.35898001702849     -2.23982384189304     -5.96240771956873      h
    1.53974370699311      0.35394392876971     -5.70659906840926      o
   -4.10107606167763      0.31815516958436      0.06604794474887      h
   -3.05737649736225      0.23183059001690      4.62674232417212      h
    1.40644917550606      0.23954923573765      5.99593090949096      h
    4.83499453623180      0.32935167440527      2.82946294030650      h
    3.76470660826627      0.42909103502585     -1.77207417545603      h
  -.18779537538371D-04  0.20442957883726D-04  -.77924289443310D-05
  0.19887194431245D-05  -.19821074625170D-04  0.10677035518825D-04
  -.19790559067978D-04  -.22308266759807D-04  0.57949624962084D-04
  0.70299956446362D-04  -.84522680102950D-04  -.18340171973996D-04
  -.27643480946526D-04  -.16667169288942D-04  -.43510896231780D-04
  0.32601964203849D-05  -.24275073136071D-05  0.10818533557888D-04
  -.12424079641704D-03  -.28715876594809D-04  0.12370224656166D-04
  0.88628780742006D-04  -.64178977904561D-04  -.52759332351826D-04
  -.54832710469022D-04  0.27950308146396D-04  0.60479035324579D-04
  0.26289903392041D-04  0.35029935444131D-04  -.10414464165720D-04
  0.40713943769699D-05  0.39888621231277D-04  0.92214669122903D-07
  -.57612653017181D-05  -.12645734407402D-05  -.10298749102189D-04
  -.14729104286682D-04  0.32006909416765D-04  0.41515535342818D-06
  0.53434080962145D-05  0.20844823270250D-06  0.15796466292906D-04
  0.13716114457329D-04  0.68760636816600D-05  -.17911224987843D-04
  cycle =     17    SCF energy =     -780.4409916851   |dE/dxyz| =  0.000164
    0.95314246926574      0.27545668731267      4.00028718758033      c
    2.87993725059382      0.32844244305098      2.22399478408093      c
    2.30784832751115      0.38502863752831     -0.33468793532905      c
   -0.20068254250446      0.36213907156203     -1.06908405331848      c
   -2.14937727938336      0.32865691718960      0.68477992408193      c
   -1.55864073407214      0.27552972896807      3.23404424551776      c
   -0.89446610361964      0.58158122288312     -4.38086195283515      s
   -2.36818279420526     -2.19758619989484     -4.43433387487710      o
   -3.35707210484859     -2.24025362954742     -5.96438144672536      h
    1.53978203783529      0.35241259768922     -5.70641918948842      o
   -4.10123590669481      0.31812649742933      0.06652487140391      h
   -3.05721282488712      0.23188704805896      4.62713251099996      h
    1.40676442747678      0.23946838672487      5.99598491875666      h
    4.83501214873567      0.32932520868919      2.82914751578818      h
    3.76438343982432      0.42978557132859     -1.77212750563616      h
  0.15152885458392D-04  0.25311938953720D-05  0.12571375027193D-04
  -.12952512549624D-04  -.15700680825625D-04  -.17964409362747D-04
  -.13899813982476D-04  -.78207318986445D-05  -.20522259180922D-06
  -.25249315704912D-04  -.47095203925762D-04  0.11982216799211D-04
  -.33805057579883D-05  -.13604615182516D-04  0.19038264622129D-04
  0.39008402445972D-05  -.10628319492112D-04  0.13535540517751D-04
  0.20285220465155D-04  0.22651746633073D-04  -.26447476081159D-04
  -.80030299866252D-04  0.20868611450453D-04  0.33686409767864D-04
  0.38269232415011D-04  -.23602832819325D-04  -.18107793428701D-04
  -.79582678580437D-06  -.74756220438843D-04  0.46571600087475D-05
  -.53379194353553D-05  0.17919006178924D-04  0.69164892358975D-05
  0.70741121773743D-05  -.29493463310215D-05  0.40030557575399D-05
  0.15505521804515D-04  0.15067433427884D-04  -.14133339609756D-07
  -.35582562945002D-05  -.63569085846926D-05  -.24903193235337D-04
  -.84581339860890D-05  0.47193525627542D-04  -.10743356924636D-04
  cycle =     18    SCF energy =     -780.4409916980   |dE/dxyz| =  0.000079
    0.95308590609785      0.27547993904860      4.00023644447400      c
    2.87993232841479      0.32852047774386      2.22399501314686      c
    2.30792334520595      0.38519908610828     -0.33470960040038      c
   -0.20060102395467      0.36256960644945     -1.06912480511109      c
   -2.14933439538485      0.32883144022249      0.68468114181437      c
   -1.55868030057697      0.27558259644720      3.23394633912333      c
   -0.89442176494514      0.58168870618022     -4.38089770474170      s
   -2.36795251767157     -2.19760022589249     -4.43409590814627      o
   -3.35736486132336     -2.24029720695380     -5.96382339042116      h
    1.53974965816685      0.35261820788859     -5.70659219374999      o
   -4.10117038859965      0.31767459513125      0.06635048243069      h
   -3.05728825767269      0.23181689399823      4.62699725784380      h
    1.40665681306718      0.23934494225719      5.99594239845411      h
    4.83498301716125      0.32919443244884      2.82920971794918      h
    3.76448225304241      0.42937669789476     -1.77211519266581      h
  -.20927285531158D-05  0.17090272191878D-05  0.62969745506791D-05
  -.17105324889855D-05  0.23190136730911D-05  -.58894114471908D-05
  -.86355672834770D-06  0.33437779677348D-05  0.46425516373461D-05
  -.69155887918448D-05  0.37621189866499D-04  0.11639000616626D-04
  0.34358759464226D-05  0.52048141421235D-05  0.14477282892056D-04
  -.31828918878318D-06  -.51724042855472D-05  0.71232292064849D-06
  0.13613616978603D-04  -.75184943195694D-05  -.14516246245933D-04
  -.15369245638830D-04  -.46260821431332D-05  0.12632051822337D-04
  -.14781822466503D-04  -.14800674827620D-04  0.18618576427265D-05
  -.46447290920071D-05  -.35880839532432D-04  -.57221161426924D-05
  -.25123030749086D-05  -.25794958670167D-04  -.50310876467119D-05
  -.45766885845566D-05  -.10744206476732D-04  -.53583770482923D-05
  -.28518321526505D-05  0.66698939412690D-05  0.56013184401849D-06
  -.58259835609142D-05  -.95975829089712D-05  -.81328911756273D-05
  -.79596442597030D-05  -.19127991988610D-04  -.11052817283641D-06
$end
