$hessian (projected)
 1  1   0.6800421064   0.0035059684   0.0134055240  -0.2485491753  -0.0027495507
 1  2   0.0747141790   0.0567170844  -0.0007906003   0.0589927516  -0.0665507961
 1  3  -0.0001031436   0.0168914790   0.0092674450   0.0016215980  -0.0869349543
 1  4  -0.3237793313  -0.0013879926  -0.0248758732  -0.0041192567  -0.0000985519
 1  5  -0.0018124582  -0.0003519567  -0.0002650793  -0.0002916794   0.0001342674
 1  6  -0.0000496282  -0.0003567046   0.0009223097   0.0000537690   0.0009048095
 1  7   0.0017386637  -0.0000084414  -0.0005018945  -0.0163647463   0.0002367166
 1  8  -0.0086756129  -0.0729546699   0.0009673681  -0.0608319365  -0.0168854328
 1  9  -0.0007217464   0.0216823875   0.0007334886  -0.0002106856  -0.0023100171
 2  1   0.0035059684   0.1391406233  -0.0125772621  -0.0042394631  -0.0636282577
 2  2   0.0038208361  -0.0001300296   0.0061688064   0.0018363111  -0.0006135423
 2  3  -0.0061289075   0.0000501391   0.0011595495   0.0064617589  -0.0005571599
 2  4   0.0001055615  -0.0638475287   0.0017056085   0.0001937944  -0.0009541368
 2  5   0.0003983369  -0.0001571976  -0.0001914970  -0.0002068628  -0.0000351375
 2  6  -0.0001106940  -0.0000094681  -0.0000834338   0.0000436002  -0.0000495881
 2  7  -0.0000966115   0.0076178248   0.0002448973  -0.0006631947   0.0038791372
 2  8  -0.0001734849   0.0009568715  -0.0398508243   0.0052927431   0.0000649856
 2  9   0.0040471606   0.0000594022   0.0000318794   0.0073529345   0.0001655515
 3  1   0.0134055240  -0.0125772621   0.7455966467   0.1421513399   0.0044058566
 3  2  -0.2288482983   0.0110757586   0.0009905170  -0.0480802047   0.0151004180
 3  3   0.0006936876  -0.0042893718  -0.0381558756  -0.0002170000  -0.0016575885
 3  4  -0.0926376683   0.0010651793  -0.1468714406   0.0007077697   0.0002797946
 3  5   0.0009962995  -0.0001110973  -0.0003988737  -0.0003219210   0.0000752848
 3  6  -0.0000283882   0.0000961894  -0.0002752401  -0.0002477729  -0.0004648106
 3  7  -0.0011302273   0.0004888510  -0.0057217659   0.0225718195  -0.0000179598
 3  8   0.0100762722  -0.0608173237   0.0052357916  -0.3264807871  -0.0095192256
 3  9  -0.0001421325   0.0104471686  -0.0024412567   0.0004697115  -0.0044763879
 4  1  -0.2485491753  -0.0042394631   0.1421513399   0.7431027477   0.0036445546
 4  2   0.0199913740  -0.1365285247   0.0017967517  -0.0809362170   0.0041453640
 4  3   0.0006354418  -0.0373335407  -0.0060655592  -0.0002188882   0.0197471775
 4  4  -0.0519366570  -0.0004470567   0.0037557102  -0.0068496876   0.0003468911
 4  5  -0.0005733042  -0.0001530751   0.0002261440  -0.0006743137   0.0001417012
 4  6  -0.0001996178   0.0001984036   0.0033775029  -0.0005231280   0.0013995434
 4  7   0.0006139645  -0.0000699336   0.0004861419  -0.0046867320  -0.0000282141
 4  8  -0.0025026120   0.0094902768   0.0000595066  -0.0076982386  -0.3163476908
 4  9  -0.0002862777  -0.0796754490   0.0102455445  -0.0006967106   0.0216639848
 5  1  -0.0027495507  -0.0636282577   0.0044058566   0.0036445546   0.1362476298
 5  2  -0.0124868282  -0.0001500613  -0.0636512808   0.0062486866   0.0018715256
 5  3   0.0065884453  -0.0000541814  -0.0008464937  -0.0047728841   0.0019075189
 5  4  -0.0016042450   0.0064766029  -0.0015119836  -0.0025407426   0.0063969992
 5  5  -0.0036170840   0.0015485078  -0.0001264147   0.0024954245   0.0001634988
 5  6   0.0006601531   0.0001423738   0.0009875968  -0.0001911876   0.0013841033
 5  7   0.0000147200  -0.0011790411  -0.0000076428  -0.0000387011   0.0068713125
 5  8   0.0001092527  -0.0004154807   0.0046556391   0.0003454338  -0.0002605463
 5  9  -0.0386818253   0.0004415697   0.0003754176   0.0043341093   0.0001975000
 6  1   0.0747141790   0.0038208361  -0.2288482983   0.0199913740  -0.0124868282
 6  2   0.6804869635  -0.0122446303   0.0071702569  -0.3345778920  -0.0864057859
 6  3   0.0003472140  -0.0030441084   0.0212603755   0.0015048401  -0.0642577266
 6  4   0.0508657883  -0.0008719099   0.0612965052  -0.0024469720  -0.0003951825
 6  5   0.0021507238  -0.0005694914  -0.0007514755  -0.0005552630  -0.0000261168
 6  6  -0.0000885525  -0.0005138608   0.0006310338   0.0003518708   0.0005708374
 6  7   0.0004718388   0.0000049885  -0.0011208834  -0.0030865675   0.0001922776
 6  8   0.0006372740   0.0234632984   0.0006975256  -0.0157563996  -0.0794284042
 6  9   0.0005063860  -0.0830063381  -0.0071899197  -0.0000022472  -0.0134615338
 7  1   0.0567170844  -0.0001300296   0.0110757586  -0.1365285247  -0.0001500613
 7  2  -0.0122446303   0.7046586759   0.0068124866  -0.0382951268  -0.3265212395
 7  3  -0.0040963776  -0.0758584370  -0.0517333257  -0.0023527997   0.0479765698
 7  4  -0.0326289753   0.0009843581  -0.0365402393   0.0009416251   0.0004432765
 7  5  -0.0176730518   0.0015466053   0.0015745121   0.0024099103   0.0003705127
 7  6   0.0002757273   0.0006521852  -0.0049756911   0.0007021950   0.0008221941
 7  7  -0.0016078085  -0.0002681621   0.0034410356  -0.0003392917   0.0001481036
 7  8  -0.0010402036  -0.0029947304  -0.0001267649   0.0039745963  -0.0024694468
 7  9   0.0007433268  -0.0302629211  -0.2044354701  -0.0045597907   0.1415623600
 8  1  -0.0007906003   0.0061688064   0.0009905170   0.0017967517  -0.0636512808
 8  2   0.0071702569   0.0068124866   0.1375120123  -0.0144883106  -0.0035319398
 8  3  -0.0598851277   0.0009097860   0.0006209750   0.0070831127  -0.0012769580
 8  4   0.0004439146  -0.0054595587   0.0006510499   0.0009661563   0.0019119173
 8  5   0.0031310563  -0.0004547029  -0.0007753857  -0.0019575473  -0.0002129837
 8  6  -0.0004318172  -0.0004700618  -0.0003346708   0.0002497734  -0.0007501482
 8  7  -0.0002534798   0.0068516329   0.0001642472   0.0000456818  -0.0009839399
 8  8   0.0000116547  -0.0001502314   0.0072779158   0.0002078348  -0.0000310892
 8  9   0.0041243830   0.0000606127  -0.0049262681  -0.0399924437   0.0056460103
 9  1   0.0589927516   0.0018363111  -0.0480802047  -0.0809362170   0.0062486866
 9  2  -0.3345778920  -0.0382951268  -0.0144883106   0.7155488312  -0.0278406390
 9  3   0.0006363403  -0.1286525914   0.0028564491  -0.0009231097   0.0583529199
 9  4  -0.0346279497   0.0005783749  -0.0376746987  -0.0282504011   0.0039061033
 9  5  -0.0208577424  -0.0018298731  -0.0005794229  -0.0018461545   0.0009309631
 9  6  -0.0008412828   0.0006919436   0.0005084567  -0.0018674181   0.0014510545
 9  7   0.0041348704   0.0001354111  -0.0030102057  -0.0011359839  -0.0000289789
 9  8  -0.0004331620   0.0037186616   0.0001030676  -0.0012360715   0.0002221394
 9  9  -0.0000031935  -0.0049875543   0.1415518987   0.0052874215  -0.1946884720
10  1  -0.0665507961  -0.0006135423   0.0151004180   0.0041453640   0.0018715256
10  2  -0.0864057859  -0.3265212395  -0.0035319398  -0.0278406390   0.6952694344
10  3   0.0085475942  -0.0382925226  -0.2473450320  -0.0013901643   0.0837357991
10  4   0.0523124944  -0.0007357499   0.0599687540  -0.0719508147   0.0074138753
10  5  -0.0446137976  -0.0071923726  -0.0017727451  -0.0123799366   0.0017785318
10  6  -0.0030403511  -0.0012863613   0.0004944933  -0.0059142956   0.0380087234
10  7  -0.0176081806  -0.0005370901   0.0202156020   0.0012066748  -0.0001067070
10  8  -0.0023164236  -0.0015691733  -0.0000322843   0.0005586305   0.0016716902
10  9  -0.0000349512  -0.0013276183  -0.0181410741  -0.0001231744  -0.0031248420
11  1  -0.0001031436  -0.0061289075   0.0006936876   0.0006354418   0.0065884453
11  2   0.0003472140  -0.0040963776  -0.0598851277   0.0006363403   0.0085475942
11  3   0.1369707443  -0.0098621724  -0.0019642966  -0.0612312190   0.0037881734
11  4  -0.0000865909   0.0080574430   0.0014624373   0.0246055395  -0.0513532223
11  5   0.0409891508  -0.0161613707   0.0041957047  -0.0286270008  -0.0021703751
11  6  -0.0062810975  -0.0015641849  -0.0086111153   0.0086279994  -0.0086433633
11  7  -0.0002698011   0.0025556742   0.0000274397  -0.0000130378   0.0073385865
11  8   0.0004398046  -0.0000195204  -0.0005422924  -0.0000314246   0.0000124284
11  9   0.0070339070   0.0003916720  -0.0003053748   0.0040533621  -0.0000477738
12  1   0.0168914790   0.0000501391  -0.0042893718  -0.0373335407  -0.0000541814
12  2  -0.0030441084  -0.0758584370   0.0009097860  -0.1286525914  -0.0382925226
12  3  -0.0098621724   0.5249086291   0.1327976544   0.0035387073  -0.2027918535
12  4   0.0083221851   0.0014683147  -0.0523559385  -0.0125981342   0.0026564284
12  5  -0.1228698470  -0.0056976647  -0.0025869309  -0.0063287192  -0.0014891308
12  6  -0.0003973122  -0.0007263303   0.0032982511   0.0032106510  -0.0166909058
12  7  -0.0072513396  -0.0004489704   0.0109512276  -0.0019009151   0.0001975590
12  8  -0.0052370445   0.0005692193   0.0000370242   0.0007641068  -0.0013620132
12  9   0.0002362680  -0.0056012862   0.0199049090   0.0010446897   0.0119640332
13  1   0.0092674450   0.0011595495  -0.0381558756  -0.0060655592  -0.0008464937
13  2   0.0212603755  -0.0517333257   0.0006209750   0.0028564491  -0.2473450320
13  3  -0.0019642966   0.1327976544   0.7366118925   0.0039109620   0.0277424348
13  4  -0.1374291845   0.0014750498  -0.0843474961   0.0110584159   0.0015393399
13  5   0.0051900604  -0.0030551744  -0.0025503756  -0.0000763460   0.0002257526
13  6  -0.0001826318  -0.0005279358   0.0035230241   0.0002093777  -0.0071109408
13  7  -0.3139551498  -0.0026407692  -0.0793485310   0.0086906040  -0.0007136280
13  8   0.0238488700  -0.0055530135  -0.0000320667  -0.0017715635   0.0005140599
13  9  -0.0001363606   0.0006310446  -0.0047547549   0.0001513683  -0.0029882001
14  1   0.0016215980   0.0064617589  -0.0002170000  -0.0002188882  -0.0047728841
14  2   0.0015048401  -0.0023527997   0.0070831127  -0.0009231097  -0.0013901643
14  3  -0.0612312190   0.0035387073   0.0039109620   0.1352072030  -0.0108214561
14  4   0.0000146114  -0.0625707965   0.0061704223  -0.0007851261  -0.0011559364
14  5   0.0000498709  -0.0001544915   0.0007741103  -0.0006011808  -0.0001352167
14  6   0.0001706348  -0.0001144292   0.0004892515   0.0017721223   0.0002033792
14  7  -0.0011152134  -0.0378032921   0.0003658986   0.0001741397   0.0039895981
14  8   0.0006683115  -0.0000099763   0.0068405282   0.0000813191   0.0000093300
14  9  -0.0011355442   0.0000082426  -0.0000580164   0.0063706041   0.0000861843
15  1  -0.0869349543  -0.0005571599  -0.0016575885   0.0197471775   0.0019075189
15  2  -0.0642577266   0.0479765698  -0.0012769580   0.0583529199   0.0837357991
15  3   0.0037881734  -0.2027918535   0.0277424348  -0.0108214561   0.6792951547
15  4  -0.0149501118   0.0062225242  -0.3391873097   0.0110013020  -0.0000969539
15  5  -0.0226141447  -0.0000794691  -0.0009255743  -0.0010114435   0.0003330795
15  6   0.0000993270   0.0005389526   0.0027867303   0.0009958258  -0.0063469152
15  7  -0.0805246897   0.0005445590  -0.0839627587  -0.0069462138   0.0002694079
15  8  -0.0160162474  -0.0015339362   0.0001124385   0.0014178157   0.0006063250
15  9   0.0001010324  -0.0012455352  -0.0029600431  -0.0003627049  -0.0005133197
16  1  -0.3237793313   0.0001055615  -0.0926376683  -0.0519366570  -0.0016042450
16  2   0.0508657883  -0.0326289753   0.0004439146  -0.0346279497   0.0523124944
16  3  -0.0000865909   0.0083221851  -0.1374291845   0.0000146114  -0.0149501118
16  4   0.7112473087   0.0052310120  -0.0368742158  -0.0015466785  -0.0004277199
16  5   0.0045283119   0.0008356738   0.0002272257  -0.0006490067  -0.0002570102
16  6   0.0000114416   0.0000708580  -0.0012458458  -0.0003561818   0.0021962715
16  7  -0.0022597518   0.0009758809  -0.0304485134  -0.2101267895  -0.0046439213
16  8   0.1407302394  -0.0015903867   0.0000097987   0.0008732294  -0.0014426877
16  9  -0.0001312618   0.0035510208  -0.0001521787   0.0002304741  -0.0009504387
17  1  -0.0013879926  -0.0638475287   0.0010651793  -0.0004470567   0.0064766029
17  2  -0.0008719099   0.0009843581  -0.0054595587   0.0005783749  -0.0007357499
17  3   0.0080574430   0.0014683147   0.0014750498  -0.0625707965   0.0062225242
17  4   0.0052310120   0.1353890833  -0.0134472522  -0.0028956456   0.0055795506
17  5  -0.0013796050   0.0010778472   0.0000371908   0.0011815686   0.0003551947
17  6   0.0003814649  -0.0000616841   0.0007051148  -0.0007377248   0.0006135313
17  7  -0.0002046877   0.0043964885  -0.0002266303  -0.0045698642  -0.0383069636
17  8   0.0044637240   0.0005475173   0.0044595177   0.0001900559  -0.0001507191
17  9   0.0073233106   0.0002193824   0.0000156219  -0.0011780799  -0.0000155738
18  1  -0.0248758732   0.0017056085  -0.1468714406   0.0037557102  -0.0015119836
18  2   0.0612965052  -0.0365402393   0.0006510499  -0.0376746987   0.0599687540
18  3   0.0014624373  -0.0523559385  -0.0843474961   0.0061704223  -0.3391873097
18  4  -0.0368742158  -0.0134472522   0.7120313942   0.0064404438   0.0001801649
18  5   0.0047799374  -0.0003993758  -0.0005194564   0.0002932992  -0.0002312904
18  6  -0.0000388415   0.0002843932  -0.0008911893   0.0002316043  -0.0021681331
18  7   0.0004391465   0.0000807115  -0.0036136190   0.1407404541   0.0045547923
18  8  -0.1890887053  -0.0303600833   0.0000391121  -0.0048193614   0.0041339660
18  9   0.0002394930  -0.0024567335  -0.0009587114   0.0002021375  -0.0004495892
19  1  -0.0041192567   0.0001937944   0.0007077697  -0.0068496876  -0.0025407426
19  2  -0.0024469720   0.0009416251   0.0009661563  -0.0282504011  -0.0719508147
19  3   0.0246055395  -0.0125981342   0.0110584159  -0.0007851261   0.0110013020
19  4  -0.0015466785  -0.0028956456   0.0064404438   0.5867402772  -0.0204576675
19  5  -0.1411805890  -0.0593545321  -0.0517989838  -0.0147712807  -0.0104362226
19  6  -0.0203603238  -0.0006076055  -0.4394858660   0.0691923621   0.1839145372
19  7  -0.0012841473   0.0016017787   0.0013762216   0.0002596430   0.0001797754
19  8   0.0009324260  -0.0002438096   0.0004149819   0.0001441388  -0.0001742908
19  9   0.0000008480  -0.0016600775  -0.0035546551   0.0016832532  -0.0030017791
20  1  -0.0000985519  -0.0009541368   0.0002797946   0.0003468911   0.0063969992
20  2  -0.0003951825   0.0004432765   0.0019119173   0.0039061033   0.0074138753
20  3  -0.0513532223   0.0026564284   0.0015393399  -0.0011559364  -0.0000969539
20  4  -0.0004277199   0.0055795506   0.0001801649  -0.0204576675   0.3002361608
20  5   0.0066803398  -0.0379458342  -0.1859562521  -0.0015741353  -0.0019835584
20  6  -0.0026004308   0.0042815305   0.0518993816  -0.0674771287  -0.0157365146
20  7  -0.0005024360  -0.0017990585  -0.0001185697   0.0000061684   0.0006529832
20  8   0.0001840200  -0.0000576544  -0.0009772355   0.0000446914   0.0000989159
20  9   0.0002577128   0.0003105266  -0.0002744264  -0.0027619227  -0.0006022435
21  1  -0.0018124582   0.0003983369   0.0009962995  -0.0005733042  -0.0036170840
21  2   0.0021507238  -0.0176730518   0.0031310563  -0.0208577424  -0.0446137976
21  3   0.0409891508  -0.1228698470   0.0051900604   0.0000498709  -0.0226141447
21  4   0.0045283119  -0.0013796050   0.0047799374  -0.1411805890   0.0066803398
21  5   0.3617970027  -0.0040294357   0.0106609900  -0.0497129121  -0.0122186836
21  6  -0.0278490405   0.0007642602   0.2093815015  -0.0303881218  -0.1565708231
21  7  -0.0007922074   0.0002014339   0.0007698665  -0.0002937337   0.0000641734
21  8   0.0006865739   0.0001705998   0.0001720058   0.0000172834   0.0005185700
21  9  -0.0002886489   0.0001621025   0.0033982178   0.0011751424   0.0005014195
22  1  -0.0003519567  -0.0001571976  -0.0001110973  -0.0001530751   0.0015485078
22  2  -0.0005694914   0.0015466053  -0.0004547029  -0.0018298731  -0.0071923726
22  3  -0.0161613707  -0.0056976647  -0.0030551744  -0.0001544915  -0.0000794691
22  4   0.0008356738   0.0010778472  -0.0003993758  -0.0593545321  -0.0379458342
22  5  -0.0040294357   0.2331437570   0.0835775056   0.2461888768  -0.1566689722
22  6  -0.0002141020  -0.2375658874  -0.0101591912  -0.0291736474   0.0043358871
22  7   0.0009579112  -0.0009239571  -0.0002815137  -0.0000017677  -0.0000688254
22  8  -0.0003197438   0.0001042446  -0.0002019579  -0.0000727291  -0.0000982740
22  9   0.0001265105  -0.0002967942   0.0004471241  -0.0008742847   0.0007283112
23  1  -0.0002650793  -0.0001914970  -0.0003988737   0.0002261440  -0.0001264147
23  2  -0.0007514755   0.0015745121  -0.0007753857  -0.0005794229  -0.0017727451
23  3   0.0041957047  -0.0025869309  -0.0025503756   0.0007741103  -0.0009255743
23  4   0.0002272257   0.0000371908  -0.0005194564  -0.0517989838  -0.1859562521
23  5   0.0106609900   0.0835775056   0.1975091520   0.0005324821  -0.0182387442
23  6  -0.0303755559  -0.0093831146  -0.0115500275   0.0156387692   0.0042136399
23  7   0.0002352957  -0.0006165631  -0.0002459643   0.0000188310  -0.0000107862
23  8  -0.0003651680   0.0000299421  -0.0001027822  -0.0000963907  -0.0001230327
23  9   0.0000413784  -0.0002490857   0.0004095319  -0.0000410685   0.0006943449
24  1  -0.0002916794  -0.0002068628  -0.0003219210  -0.0006743137   0.0024954245
24  2  -0.0005552630   0.0024099103  -0.0019575473  -0.0018461545  -0.0123799366
24  3  -0.0286270008  -0.0063287192  -0.0000763460  -0.0006011808  -0.0010114435
24  4  -0.0006490067   0.0011815686   0.0002932992  -0.0147712807  -0.0015741353
24  5  -0.0497129121   0.2461888768   0.0005324821   0.4216796984  -0.2246847623
24  6   0.0207396752  -0.3677146322   0.0059939346   0.0096287861   0.0063332120
24  7  -0.0006698276  -0.0004799315  -0.0002889674   0.0000565056   0.0000137264
24  8  -0.0000707261  -0.0000665809  -0.0002390400  -0.0000505759  -0.0000812825
24  9   0.0002623573  -0.0002665716  -0.0003042107  -0.0011683217  -0.0001383232
25  1   0.0001342674  -0.0000351375   0.0000752848   0.0001417012   0.0001634988
25  2  -0.0000261168   0.0003705127  -0.0002129837   0.0009309631   0.0017785318
25  3  -0.0021703751  -0.0014891308   0.0002257526  -0.0001352167   0.0003330795
25  4  -0.0002570102   0.0003551947  -0.0002312904  -0.0104362226  -0.0019835584
25  5  -0.0122186836  -0.1566689722  -0.0182387442  -0.2246847623   0.1654250370
25  6   0.0228292630   0.2357937117  -0.0006730733  -0.0003030529   0.0014993080
25  7   0.0000909816  -0.0001577310  -0.0000764847  -0.0000045562   0.0000194645
25  8   0.0000513340  -0.0000052146  -0.0000501247   0.0000203431   0.0000208425
25  9   0.0000044482   0.0000708445  -0.0001425778  -0.0000849449  -0.0000484001
26  1  -0.0000496282  -0.0001106940  -0.0000283882  -0.0001996178   0.0006601531
26  2  -0.0000885525   0.0002757273  -0.0004318172  -0.0008412828  -0.0030403511
26  3  -0.0062810975  -0.0003973122  -0.0001826318   0.0001706348   0.0000993270
26  4   0.0000114416   0.0003814649  -0.0000388415  -0.0203603238  -0.0026004308
26  5  -0.0278490405  -0.0002141020  -0.0303755559   0.0207396752   0.0228292630
26  6   0.0405465611   0.0070868558   0.0007754289  -0.0014839969   0.0015192545
26  7   0.0001616020  -0.0001717997  -0.0001217264  -0.0000003157   0.0000145069
26  8   0.0000018836   0.0000177324  -0.0000749387   0.0000121374   0.0000005719
26  9   0.0000677874  -0.0000634844  -0.0000247967  -0.0003107773  -0.0000305050
27  1  -0.0003567046  -0.0000094681   0.0000961894   0.0001984036   0.0001423738
27  2  -0.0005138608   0.0006521852  -0.0004700618   0.0006919436  -0.0012863613
27  3  -0.0015641849  -0.0007263303  -0.0005279358  -0.0001144292   0.0005389526
27  4   0.0000708580  -0.0000616841   0.0002843932  -0.0006076055   0.0042815305
27  5   0.0007642602  -0.2375658874  -0.0093831146  -0.3677146322   0.2357937117
27  6   0.0070868558   0.3682881295   0.0035341655  -0.0000434480  -0.0016405383
27  7   0.0000760303   0.0001129584  -0.0000800893   0.0000053320  -0.0000184314
27  8   0.0000429554   0.0000070083   0.0000092526   0.0000236728   0.0000296733
27  9   0.0000625917   0.0000355739  -0.0000228734  -0.0000307408  -0.0000906197
28  1   0.0009223097  -0.0000834338  -0.0002752401   0.0033775029   0.0009875968
28  2   0.0006310338  -0.0049756911  -0.0003346708   0.0005084567   0.0004944933
28  3  -0.0086111153   0.0032982511   0.0035230241   0.0004892515   0.0027867303
28  4  -0.0012458458   0.0007051148  -0.0008911893  -0.4394858660   0.0518993816
28  5   0.2093815015  -0.0101591912  -0.0115500275   0.0059939346  -0.0006730733
28  6   0.0007754289   0.0035341655   0.4444074753  -0.0334111378  -0.2267376312
28  7   0.0000928965  -0.0001204634  -0.0008666135   0.0001061757  -0.0001062244
28  8   0.0005182274   0.0002916293  -0.0001344953  -0.0001272671   0.0001857254
28  9   0.0000392039   0.0007455890   0.0031384352  -0.0005444093   0.0015000513
29  1   0.0000537690   0.0000436002  -0.0002477729  -0.0005231280  -0.0001911876
29  2   0.0003518708   0.0007021950   0.0002497734  -0.0018674181  -0.0059142956
29  3   0.0086279994   0.0032106510   0.0002093777   0.0017721223   0.0009958258
29  4  -0.0003561818  -0.0007377248   0.0002316043   0.0691923621  -0.0674771287
29  5  -0.0303881218  -0.0291736474   0.0156387692   0.0096287861  -0.0003030529
29  6  -0.0014839969  -0.0000434480  -0.0334111378   0.0448406391   0.0181009399
29  7  -0.0001184619   0.0000091985   0.0002853791   0.0000167891  -0.0003835414
29  8   0.0000363440  -0.0000221248  -0.0000489284  -0.0000105289  -0.0000498107
29  9   0.0001294194  -0.0001563982  -0.0003026520  -0.0009890134  -0.0001277132
30  1   0.0009048095  -0.0000495881  -0.0004648106   0.0013995434   0.0013841033
30  2   0.0005708374   0.0008221941  -0.0007501482   0.0014510545   0.0380087234
30  3  -0.0086433633  -0.0166909058  -0.0071109408   0.0002033792  -0.0063469152
30  4   0.0021962715   0.0006135313  -0.0021681331   0.1839145372  -0.0157365146
30  5  -0.1565708231   0.0043358871   0.0042136399   0.0063332120   0.0014993080
30  6   0.0015192545  -0.0016405383  -0.2267376312   0.0181009399   0.1782798786
30  7   0.0001576364  -0.0001395818   0.0002199126  -0.0002482847   0.0000378545
30  8  -0.0009498854  -0.0000119258  -0.0001627077  -0.0001724765  -0.0001412133
30  9  -0.0000101024   0.0000230137   0.0010110853  -0.0005806965  -0.0018734207
31  1   0.0017386637  -0.0000966115  -0.0011302273   0.0006139645   0.0000147200
31  2   0.0004718388  -0.0016078085  -0.0002534798   0.0041348704  -0.0176081806
31  3  -0.0002698011  -0.0072513396  -0.3139551498  -0.0011152134  -0.0805246897
31  4  -0.0022597518  -0.0002046877   0.0004391465  -0.0012841473  -0.0005024360
31  5  -0.0007922074   0.0009579112   0.0002352957  -0.0006698276   0.0000909816
31  6   0.0001616020   0.0000760303   0.0000928965  -0.0001184619   0.0001576364
31  7   0.3335285217   0.0020519221   0.0859167779   0.0007556130   0.0000959497
31  8  -0.0001679266  -0.0002197003   0.0000147674   0.0001356563  -0.0000624955
31  9   0.0000354537  -0.0000579649  -0.0007813183  -0.0000490193  -0.0007377733
32  1  -0.0000084414   0.0076178248   0.0004888510  -0.0000699336  -0.0011790411
32  2   0.0000049885  -0.0002681621   0.0068516329   0.0001354111  -0.0005370901
32  3   0.0025556742  -0.0004489704  -0.0026407692  -0.0378032921   0.0005445590
32  4   0.0009758809   0.0043964885   0.0000807115   0.0016017787  -0.0017990585
32  5   0.0002014339  -0.0009239571  -0.0006165631  -0.0004799315  -0.0001577310
32  6  -0.0001717997   0.0001129584  -0.0001204634   0.0000091985  -0.0001395818
32  7   0.0020519221   0.0250290363  -0.0003057006   0.0000237768  -0.0041071837
32  8  -0.0001274971   0.0000728660  -0.0000480764   0.0000180163   0.0000105136
32  9  -0.0011902724  -0.0000327172  -0.0000101902   0.0004554320  -0.0000525312
33  1  -0.0005018945   0.0002448973  -0.0057217659   0.0004861419  -0.0000076428
33  2  -0.0011208834   0.0034410356   0.0001642472  -0.0030102057   0.0202156020
33  3   0.0000274397   0.0109512276  -0.0793485310   0.0003658986  -0.0839627587
33  4  -0.0304485134  -0.0002266303  -0.0036136190   0.0013762216  -0.0001185697
33  5   0.0007698665  -0.0002815137  -0.0002459643  -0.0002889674  -0.0000764847
33  6  -0.0001217264  -0.0000800893  -0.0008666135   0.0002853791   0.0002199126
33  7   0.0859167779  -0.0003057006   0.0843841292   0.0004916134  -0.0000477004
33  8   0.0011722631  -0.0014650827   0.0000049898  -0.0002977886  -0.0000627847
33  9  -0.0000106708   0.0000967687   0.0011240258  -0.0000082464   0.0005019104
34  1  -0.0163647463  -0.0006631947   0.0225718195  -0.0046867320  -0.0000387011
34  2  -0.0030865675  -0.0003392917   0.0000456818  -0.0011359839   0.0012066748
34  3  -0.0000130378  -0.0019009151   0.0086906040   0.0001741397  -0.0069462138
34  4  -0.2101267895  -0.0045698642   0.1407404541   0.0002596430   0.0000061684
34  5  -0.0002937337  -0.0000017677   0.0000188310   0.0000565056  -0.0000045562
34  6  -0.0000003157   0.0000053320   0.0001061757   0.0000167891  -0.0002482847
34  7   0.0007556130   0.0000237768   0.0004916134   0.2202690053   0.0049739863
34  8  -0.1511400775   0.0011071915   0.0000504236  -0.0002942438  -0.0008925630
34  9  -0.0000332382   0.0011183263   0.0000215391   0.0000085552   0.0000619692
35  1   0.0002367166   0.0038791372  -0.0000179598  -0.0000282141   0.0068713125
35  2   0.0001922776   0.0001481036  -0.0009839399  -0.0000289789  -0.0001067070
35  3   0.0073385865   0.0001975590  -0.0007136280   0.0039895981   0.0002694079
35  4  -0.0046439213  -0.0383069636   0.0045547923   0.0001797754   0.0006529832
35  5   0.0000641734  -0.0000688254  -0.0000107862   0.0000137264   0.0000194645
35  6   0.0000145069  -0.0000184314  -0.0001062244  -0.0003835414   0.0000378545
35  7   0.0000959497  -0.0041071837  -0.0000477004   0.0049739863   0.0255104198
35  8  -0.0051192134  -0.0000015915  -0.0034652731  -0.0000875704   0.0000068397
35  9   0.0000254977  -0.0000016446   0.0000082757  -0.0010243540  -0.0000082923
36  1  -0.0086756129  -0.0001734849   0.0100762722  -0.0025026120   0.0001092527
36  2   0.0006372740  -0.0010402036   0.0000116547  -0.0004331620  -0.0023164236
36  3   0.0004398046  -0.0052370445   0.0238488700   0.0006683115  -0.0160162474
36  4   0.1407302394   0.0044637240  -0.1890887053   0.0009324260   0.0001840200
36  5   0.0006865739  -0.0003197438  -0.0003651680  -0.0000707261   0.0000513340
36  6   0.0000018836   0.0000429554   0.0005182274   0.0000363440  -0.0009498854
36  7  -0.0001679266  -0.0001274971   0.0011722631  -0.1511400775  -0.0051192134
36  8   0.1981824811   0.0005370602  -0.0001025770   0.0007139625  -0.0005317154
36  9  -0.0000070095   0.0003258607   0.0000761583  -0.0000200452  -0.0000418720
37  1  -0.0729546699   0.0009568715  -0.0608173237   0.0094902768  -0.0004154807
37  2   0.0234632984  -0.0029947304  -0.0001502314   0.0037186616  -0.0015691733
37  3  -0.0000195204   0.0005692193  -0.0055530135  -0.0000099763  -0.0015339362
37  4  -0.0015903867   0.0005475173  -0.0303600833  -0.0002438096  -0.0000576544
37  5   0.0001705998   0.0001042446   0.0000299421  -0.0000665809  -0.0000052146
37  6   0.0000177324   0.0000070083   0.0002916293  -0.0000221248  -0.0000119258
37  7  -0.0002197003   0.0000728660  -0.0014650827   0.0011071915  -0.0000015915
37  8   0.0005370602   0.0728329730  -0.0009463210   0.0654113593   0.0009335015
37  9   0.0000590632  -0.0006410198   0.0003708815  -0.0000610919   0.0010187454
38  1   0.0009673681  -0.0398508243   0.0052357916   0.0000595066   0.0046556391
38  2   0.0006975256  -0.0001267649   0.0072779158   0.0001030676  -0.0000322843
38  3  -0.0005422924   0.0000370242  -0.0000320667   0.0068405282   0.0001124385
38  4   0.0000097987   0.0044595177   0.0000391121   0.0004149819  -0.0009772355
38  5   0.0001720058  -0.0002019579  -0.0001027822  -0.0002390400  -0.0000501247
38  6  -0.0000749387   0.0000092526  -0.0001344953  -0.0000489284  -0.0001627077
38  7   0.0000147674  -0.0000480764   0.0000049898   0.0000504236  -0.0034652731
38  8  -0.0001025770  -0.0009463210   0.0256213824  -0.0059039236   0.0000313316
38  9  -0.0036909081  -0.0001029341  -0.0000241631  -0.0000537242   0.0000999748
39  1  -0.0608319365   0.0052927431  -0.3264807871  -0.0076982386   0.0003454338
39  2  -0.0157563996   0.0039745963   0.0002078348  -0.0012360715   0.0005586305
39  3  -0.0000314246   0.0007641068  -0.0017715635   0.0000813191   0.0014178157
39  4   0.0008732294   0.0001900559  -0.0048193614   0.0001441388   0.0000446914
39  5   0.0000172834  -0.0000727291  -0.0000963907  -0.0000505759   0.0000203431
39  6   0.0000121374   0.0000236728  -0.0001272671  -0.0000105289  -0.0001724765
39  7   0.0001356563   0.0000180163  -0.0002977886  -0.0002942438  -0.0000875704
39  8   0.0007139625   0.0654113593  -0.0059039236   0.3456391699   0.0001781937
39  9  -0.0001032296   0.0008939264  -0.0005001687   0.0000408361  -0.0006564769
40  1  -0.0168854328   0.0000649856  -0.0095192256  -0.3163476908  -0.0002605463
40  2  -0.0794284042  -0.0024694468  -0.0000310892   0.0002221394   0.0016716902
40  3   0.0000124284  -0.0013620132   0.0005140599   0.0000093300   0.0006063250
40  4  -0.0014426877  -0.0001507191   0.0041339660  -0.0001742908   0.0000989159
40  5   0.0005185700  -0.0000982740  -0.0001230327  -0.0000812825   0.0000208425
40  6   0.0000005719   0.0000296733   0.0001857254  -0.0000498107  -0.0001412133
40  7  -0.0000624955   0.0000105136  -0.0000627847  -0.0008925630   0.0000068397
40  8  -0.0005317154   0.0009335015   0.0000313316   0.0001781937   0.3343991776
40  9   0.0003137442   0.0856408156   0.0006478843   0.0000665371  -0.0002030441
41  1  -0.0007217464   0.0040471606  -0.0001421325  -0.0002862777  -0.0386818253
41  2   0.0005063860   0.0007433268   0.0041243830  -0.0000031935  -0.0000349512
41  3   0.0070339070   0.0002362680  -0.0001363606  -0.0011355442   0.0001010324
41  4  -0.0001312618   0.0073233106   0.0002394930   0.0000008480   0.0002577128
41  5  -0.0002886489   0.0001265105   0.0000413784   0.0002623573   0.0000044482
41  6   0.0000677874   0.0000625917   0.0000392039   0.0001294194  -0.0000101024
41  7   0.0000354537  -0.0011902724  -0.0000106708  -0.0000332382   0.0000254977
41  8  -0.0000070095   0.0000590632  -0.0036909081  -0.0001032296   0.0003137442
41  9   0.0256124540  -0.0007944439   0.0000212374  -0.0039644609  -0.0000486972
42  1   0.0216823875   0.0000594022   0.0104471686  -0.0796754490   0.0004415697
42  2  -0.0830063381  -0.0302629211   0.0000606127  -0.0049875543  -0.0013276183
42  3   0.0003916720  -0.0056012862   0.0006310446   0.0000082426  -0.0012455352
42  4   0.0035510208   0.0002193824  -0.0024567335  -0.0016600775   0.0003105266
42  5   0.0001621025  -0.0002967942  -0.0002490857  -0.0002665716   0.0000708445
42  6  -0.0000634844   0.0000355739   0.0007455890  -0.0001563982   0.0000230137
42  7  -0.0000579649  -0.0000327172   0.0000967687   0.0011183263  -0.0000016446
42  8   0.0003258607  -0.0006410198  -0.0001029341   0.0008939264   0.0856408156
42  9  -0.0007944439   0.0842953059   0.0004818165  -0.0000907001   0.0012842985
43  1   0.0007334886   0.0000318794  -0.0024412567   0.0102455445   0.0003754176
43  2  -0.0071899197  -0.2044354701  -0.0049262681   0.1415518987  -0.0181410741
43  3  -0.0003053748   0.0199049090  -0.0047547549  -0.0000580164  -0.0029600431
43  4  -0.0001521787   0.0000156219  -0.0009587114  -0.0035546551  -0.0002744264
43  5   0.0033982178   0.0004471241   0.0004095319  -0.0003042107  -0.0001425778
43  6  -0.0000247967  -0.0000228734   0.0031384352  -0.0003026520   0.0010110853
43  7  -0.0007813183  -0.0000101902   0.0011240258   0.0000215391   0.0000082757
43  8   0.0000761583   0.0003708815  -0.0000241631  -0.0005001687   0.0006478843
43  9   0.0000212374   0.0004818165   0.2163571316   0.0050639236  -0.1531709276
44  1  -0.0002106856   0.0073529345   0.0004697115  -0.0006967106   0.0043341093
44  2  -0.0000022472  -0.0045597907  -0.0399924437   0.0052874215  -0.0001231744
44  3   0.0040533621   0.0010446897   0.0001513683   0.0063706041  -0.0003627049
44  4   0.0002304741  -0.0011780799   0.0002021375   0.0016832532  -0.0027619227
44  5   0.0011751424  -0.0008742847  -0.0000410685  -0.0011683217  -0.0000849449
44  6  -0.0003107773  -0.0000307408  -0.0005444093  -0.0009890134  -0.0005806965
44  7  -0.0000490193   0.0004554320  -0.0000082464   0.0000085552  -0.0010243540
44  8  -0.0000200452  -0.0000610919  -0.0000537242   0.0000408361   0.0000665371
44  9  -0.0039644609  -0.0000907001   0.0050639236   0.0277494027  -0.0059562358
45  1  -0.0023100171   0.0001655515  -0.0044763879   0.0216639848   0.0001975000
45  2  -0.0134615338   0.1415623600   0.0056460103  -0.1946884720  -0.0031248420
45  3  -0.0000477738   0.0119640332  -0.0029882001   0.0000861843  -0.0005133197
45  4  -0.0009504387  -0.0000155738  -0.0004495892  -0.0030017791  -0.0006022435
45  5   0.0005014195   0.0007283112   0.0006943449  -0.0001383232  -0.0000484001
45  6  -0.0000305050  -0.0000906197   0.0015000513  -0.0001277132  -0.0018734207
45  7  -0.0007377733  -0.0000525312   0.0005019104   0.0000619692  -0.0000082923
45  8  -0.0000418720   0.0010187454   0.0000999748  -0.0006564769  -0.0002030441
45  9  -0.0000486972   0.0012842985  -0.1531709276  -0.0059562358   0.2021383534
$end
