$coord
    0.22971085188094     -0.27904680327623     -0.02239857057504  c
   -0.18953582015423     -1.46999023558423     -2.32033592230598  c
   -0.41276122435550     -4.08301678296179     -2.43033711003670  c
   -0.21295736883550     -5.51547327736252     -0.23759487844840  c
    0.19012273001023     -4.31869965031217      2.06592722390526  c
    0.41179592664559     -1.70553722278359      2.17029531421813  c
   -0.39058099894128     -0.29998041663343     -3.99234134467267  h
   -0.76221809958412     -5.01092427661859     -4.22703930551962  h
   -0.38969114769028     -7.55658912092660     -0.32076341636919  h
    0.31234183853581     -5.43106223866772      3.78608432937894  h
    0.67205801144073     -0.71833684945804      3.94859640813491  h
    0.70092151714750      3.18478402898452      0.09660731631533  s
   -0.93206157705867      4.04270379895143     -2.07476425121712  o
   -0.36351903902077      3.80291465437231      2.66613997919249  o
$user-defined bonds
$redundant
     number_of_atoms            14
     degrees_of_freedom         36
     internal_coordinates       36
     frozen_coordinates          0
# definitions of redundant internals
   1 k  1.0000000000000 stre   2    7           val=   2.05060
   2 k  0.7071293058044 bend   3    7    2      val=   1.80083
       -0.7070842558512 bend   1    7    2
   3 k  1.0000000000000 outp   7    1    3    2 val=  -1.59619
   4 k  1.0000000000000 stre   3    8           val=   2.05214
   5 k -0.7071067660210 bend   2    8    3      val=  -0.13456
        0.7071067963521 bend   4    8    3
   6 k  1.0000000000000 outp   8    4    2    3 val=   0.51947
   7 k  1.0000000000000 stre   4    9           val=   2.05044
   8 k  0.7071069441467 bend   3    9    4      val=   0.00465
       -0.7071066182263 bend   5    9    4
   9 k  1.0000000000000 outp   9    5    3    4 val=   0.53340
  10 k  1.0000000000000 stre   5   10           val=   2.05213
  11 k -0.7071065087487 bend   6   10    5      val=  -0.13571
        0.7071070536243 bend   4   10    5
  12 k  1.0000000000000 outp  10    4    6    5 val=  -0.53301
  13 k  1.0000000000000 stre   6   11           val=   2.05053
  14 k -0.7071027831059 bend   5   11    6      val=  -1.73266
        0.7071107792446 bend   1   11    6
  15 k  1.0000000000000 outp  11    1    5    6 val=   1.59466
  16 k  0.5000000000000 tors  13   12    1    2 val=  89.20576
        0.5000000000000 tors  13   12    1    6
        0.5000000000000 tors  14   12    1    2
        0.5000000000000 tors  14   12    1    6
  17 k  1.0000000000000 stre  12   13           val=   2.84913
  18 k  1.0000000000000 stre  12   14           val=   2.84914
  19 k  0.9834247777596 bend  14   13   12      val= 111.42122
        0.1234759489771 bend   1   13   12
        0.1327757376656 bend   1   14   12
  20 k -0.1810670558550 bend  14   13   12      val=  76.44592
        0.7071926636808 bend   1   13   12
        0.6834422124218 bend   1   14   12
  21 k -0.0095093518421 bend  14   13   12      val=   0.78391
       -0.6961553177705 bend   1   13   12
        0.7178282146637 bend   1   14   12
  22 k  1.0000000000000 stre   1   12           val=   3.49776
  23 k  0.7071133302292 bend   2   12    1      val=   0.00944
       -0.7071002320833 bend   6   12    1
  24 k  1.0000000000000 outp  12    6    2    1 val=   2.59053
  25 k  1.0000000000000 stre   1    2           val=   2.62195
  26 k  1.0000000000000 stre   2    3           val=   2.62485
  27 k  1.0000000000000 stre   3    4           val=   2.62678
  28 k  1.0000000000000 stre   4    5           val=   2.62697
  29 k  1.0000000000000 stre   5    6           val=   2.62462
  30 k  1.0000000000000 stre   6    1           val=   2.62220
  31 k -0.2886751345948 bend   1    3    2      val=  -0.19555
       -0.2886751345948 bend   2    4    3
        0.5773502691896 bend   3    5    4
       -0.2886751345948 bend   4    6    5
       -0.2886751345948 bend   5    1    6
        0.5773502691896 bend   6    2    1
  32 k  0.5000000000000 bend   1    3    2      val=  -0.00034
       -0.5000000000000 bend   2    4    3
        0.5000000000000 bend   4    6    5
       -0.5000000000000 bend   5    1    6
  33 k -0.4082482904639 bend   1    3    2      val=  -0.00592
        0.4082482904639 bend   2    4    3
       -0.4082482904639 bend   3    5    4
        0.4082482904639 bend   4    6    5
       -0.4082482904639 bend   5    1    6
        0.4082482904639 bend   6    2    1
  34 k -0.2886751345948 tors   2    3    4    5 val=  -0.01469
       -0.2886751345948 tors   3    4    5    6
        0.5773502691896 tors   4    5    6    1
       -0.2886751345948 tors   5    6    1    2
       -0.2886751345948 tors   6    1    2    3
        0.5773502691896 tors   1    2    3    4
  35 k  0.5000000000000 tors   2    3    4    5 val=   0.44165
       -0.5000000000000 tors   3    4    5    6
        0.5000000000000 tors   5    6    1    2
       -0.5000000000000 tors   6    1    2    3
  36 k -0.4082482904639 tors   2    3    4    5 val=  -0.07771
        0.4082482904639 tors   3    4    5    6
       -0.4082482904639 tors   4    5    6    1
        0.4082482904639 tors   5    6    1    2
       -0.4082482904639 tors   6    1    2    3
        0.4082482904639 tors   1    2    3    4
        36 non zero eigenvalues  of BmBt
           1          10.366559287    1    0
         1
           2           4.923092556    2    0
         2
           3           4.752861768    3    0
         3
           4           4.271891485    4    0
         4
           5           4.222797929    5    0
         5
           6           3.480670355    6    0
         6
           7           3.427621662    7    0
         7
           8           3.345113664    8    0
         8
           9           3.123530742    9    0
         9
          10           2.682404337   10    0
        10
          11           2.636194396   11    0
        11
          12           1.989121163   12    0
        12
          13           1.857703339   13    0
        13
          14           1.798763410   14    0
        14
          15           1.708359273   15    0
        15
          16           1.535590324   16    0
        16
          17           1.367083032   17    0
        17
          18           1.064884709   18    0
        18
          19           0.844961970   19    0
        19
          20           0.585569528   20    0
        20
          21           0.430159312   21    0
        21
          22           0.407650475   22    0
        22
          23           0.373125389   23    0
        23
          24           0.358023557   24    0
        24
          25           0.333501351   25    0
        25
          26           0.316299221   26    0
        26
          27           0.288094496   27    0
        27
          28           0.281237664   28    0
        28
          29           0.252720574   29    0
        29
          30           0.248450388   30    0
        30
          31           0.146850041   31    0
        31
          32           0.126418242   32    0
        32
          33           0.099998399   33    0
        33
          34           0.095865456   34    0
        34
          35           0.047546043   35    0
        35
          36           0.031163896   36    0
        36
$end
