$dipgrad          cartesian dipole gradients
  -.12693985682910D+00  -.13546212995971D+00  -.19896952076287D-01
  0.39842243804381D-01  -.22234699474874D+00  -.35948594667316D-02
  -.11363727108581D-01  0.19457998474570D-01  -.22605796881404D+00
  -.63948653429008D-01  -.23570212092095D-01  0.10876414329042D+00
  -.24870694042343D-01  -.23304238659380D+00  -.13312774138783D+00
  0.13716512513715D-01  -.50586278181232D-01  0.56757647171768D-01
  -.99892286073845D-01  0.90323955517845D-01  0.12552419227409D+00
  0.30972454977609D-01  0.56657567988644D-01  0.52404426214495D-01
  0.43459978011136D-01  -.25931565852127D-01  0.13252983140689D+00
  -.12987310853863D+00  0.64611965411772D-01  0.27644749339096D-01
  0.17122005845799D-01  -.53344875047747D-01  -.75724986451512D-02
  0.25114849521465D-01  -.10488932109433D-01  0.47273732783430D-01
  -.12402203064251D+00  0.10552539888190D+00  -.45839303465398D-01
  0.15699227479612D-01  0.65581640041533D-01  -.67095252484015D-01
  0.28577449778873D-01  -.12723247982382D-02  0.15208198591010D+00
  -.86019849390879D-01  -.10926126049126D-02  -.68821145549546D-01
  0.59673246686896D-02  -.24391260750022D+00  0.10216109880726D+00
  0.27323104990346D-01  0.22301802277258D-01  0.98315816203048D-01
  0.10506187706090D+00  -.25630637400421D-01  -.13762289734022D-01
  -.21980931976560D-02  0.11135784241323D+00  0.72650725176366D-01
  -.15952499531132D-01  0.20228257695809D-01  -.23007279079672D-01
  0.12335682398293D+00  -.36036042761144D-01  -.40674018595843D-01
  -.25535143626822D-01  -.39624611986234D-01  -.10788526448661D+00
  -.47068821071280D-01  -.12862564676517D+00  -.12683166849485D+00
  0.13798447111646D+00  -.27954452464322D-01  -.10826966617606D-01
  -.26088839690181D-01  -.18685581291826D+00  -.98459680293254D-02
  -.10737245602803D-01  -.90390162279909D-02  0.68976505081946D-01
  0.12870422978161D+00  -.82948620284741D-04  -.27382767665958D-01
  0.35303079182391D-02  -.64740238791112D-01  0.11807457994784D+00
  -.20413392244345D-01  0.14121452198116D+00  -.10578204508826D+00
  0.10325498146325D+00  -.26868897441452D-01  -.24938366820424D-01
  -.19701580915449D-01  0.11656711105518D+00  -.55595347276911D-01
  -.21351271154501D-01  0.61332164493780D-03  -.30039720283813D-01
  0.54523967001099D+00  -.72193644955598D+00  0.77170868330019D-01
  -.10642835164359D+00  0.12284744798868D+01  -.17001387072890D-02
  0.10759024713845D+00  0.65135164842191D-01  0.14998939364575D+01
  -.82423174700588D+00  0.44589811260766D+00  -.37866219088200D+00
  0.78645386696323D-01  -.80509379573824D+00  0.19362921608758D+00
  -.28431540515422D+00  0.49195026791195D+00  -.11683538374077D+01
  -.68867452150661D+00  0.29227495048120D+00  0.29170004817346D+00
  0.13043751725317D-01  -.72967731806158D+00  -.15250297574986D+00
  0.16542021991291D+00  -.53495757089388D+00  -.13757569358467D+01
$dipgrad          cartesian dipole gradients
  -.12369167594263D+00  -.13557087850815D+00  -.20285960821864D-01
  0.39076786891416D-01  -.22147451613576D+00  -.35613515708669D-02
  -.11780907429724D-01  0.19557047009373D-01  -.22560657549984D+00
  -.66202055357368D-01  -.23385448216607D-01  0.11120407522567D+00
  -.24216691902170D-01  -.23388177519396D+00  -.13369019176926D+00
  0.13985798232232D-01  -.50610777172611D-01  0.56713219130986D-01
  -.99717191674993D-01  0.90781405290103D-01  0.12785919404492D+00
  0.30458709901457D-01  0.56743912340056D-01  0.52496924939515D-01
  0.43469118692949D-01  -.25474544191936D-01  0.13246089984893D+00
  -.13013607703030D+00  0.64751668589174D-01  0.27584873270213D-01
  0.17443948531569D-01  -.52696214735230D-01  -.75277222517771D-02
  0.25009488198098D-01  -.10441250041495D-01  0.46335031405768D-01
  -.12454434450301D+00  0.10586894284514D+00  -.47949230825019D-01
  0.15108800579553D-01  0.65733428476121D-01  -.67078180785901D-01
  0.28565695663307D-01  -.18155358131331D-02  0.15252942612875D+00
  -.88771943024654D-01  -.91905321077142D-03  -.70486787998617D-01
  0.67397593304187D-02  -.24483059290386D+00  0.10251774480479D+00
  0.27828508810717D-01  0.22160012902623D-01  0.98935018198738D-01
  0.10520700974106D+00  -.25570828938736D-01  -.13414765233231D-01
  -.22659519681932D-02  0.11153265627263D+00  0.72713412143093D-01
  -.15768494505853D-01  0.19793338204080D-01  -.23084389142157D-01
  0.12345082588368D+00  -.35973814912482D-01  -.40417537089743D-01
  -.25524627778902D-01  -.39485032621606D-01  -.10791071042567D+00
  -.47130246159272D-01  -.12874134261514D+00  -.12676120250203D+00
  0.13778469157753D+00  -.28235069083038D-01  -.10789562282189D-01
  -.26090346628474D-01  -.18677397182752D+00  -.98595105978750D-02
  -.10690000965444D-01  -.90002216739965D-02  0.69176197287762D-01
  0.12871999711189D+00  -.58599728976379D-05  -.27600512285093D-01
  0.35452588925487D-02  -.64632535267551D-01  0.11810648354102D+00
  -.20336898404292D-01  0.14131376898680D+00  -.10563744453573D+00
  0.10330916628050D+00  -.26694330280440D-01  -.25287844291549D-01
  -.19776645667562D-01  0.11677228745559D+00  -.55627939899130D-01
  -.21533692268358D-01  0.10261302148629D-02  -.29945667564350D-01
  0.54656117523238D+00  -.72296911689627D+00  0.77067013180297D-01
  -.10593423069538D+00  0.12283219400495D+01  -.17123096533602D-02
  0.10773373060133D+00  0.65375788662669D-01  0.15009597926173D+01
  -.82327378450161D+00  0.44578640890549D+00  -.37590680694996D+00
  0.78443198860458D-01  -.80535378215570D+00  0.19340601133068D+00
  -.28371027532770D+00  0.49189878597577D+00  -.11698381555898D+01
  -.68869579379265D+00  0.29213597438944D+00  0.28842385205619D+00
  0.12992031653182D-01  -.72997580375246D+00  -.15227265980527D+00
  0.16435817486198D+00  -.53504120044778D+00  -.13762361497843D+01
$end
