$energy      SCF               SCFKIN            SCFPOT
     1 -779.8454556330      775.1975478060     -1555.043003439
     2 -779.8452410667      775.1986300898     -1555.043871157
     3 -779.8454684530      775.1974660981     -1555.042934551
     4 -779.8454753475      775.1974746873     -1555.042950035
     5 -779.8455489699      775.1973360645     -1555.042885034
     6 -779.8456129012      775.1967931632     -1555.042406064
     7 -779.8456651173      775.1964480966     -1555.042113214
     8 -779.8457034121      775.1963593667     -1555.042062779
     9 -779.8457316573      775.1974077760     -1555.043139433
    10 -779.8457628026      775.1988363805     -1555.044599183
    11 -779.8458463595      775.2031519719     -1555.048998331
    12 -779.8458703612      775.2026690248     -1555.048539386
    13 -779.8458836303      775.2021457238     -1555.048029354
    14 -779.8458942874      775.2013898607     -1555.047284148
    15 -779.8459050985      775.2001570479     -1555.046062146
    16 -779.8459077612      775.1999824889     -1555.045890250
    17 -779.8459084776      775.2001292951     -1555.046037773
    18 -779.8459084562      775.2003514616     -1555.046259918
    19 -779.8459084505      775.2001980933     -1555.046106544
    20 -779.8459084614      775.2002790545     -1555.046187516
    21 -779.8459084499      775.2002343548     -1555.046142805
    22 -779.8459084581      775.2002565250     -1555.046164983
    23 -779.8459084558      775.2002716273     -1555.046180083
    24 -779.8728637277      775.6710466734     -1555.543910401
    25 -779.8978584214      776.4446503155     -1556.342508737
    26 -779.8974176937      777.0382469801     -1556.935664674
    27 -779.8996988124      776.5795571604     -1556.479255973
    28 -779.8999858288      776.6374415608     -1556.537427390
    29 -779.9000161989      776.6603994398     -1556.560415639
    30 -779.9000214144      776.6659865067     -1556.566007921
    31 -779.9000264091      776.6730712205     -1556.573097630
    32 -779.9000422000      776.6751847607     -1556.575226961
    33 -779.9001653412      776.6792316327     -1556.579396974
    34 -779.9001948660      776.6758640203     -1556.576058886
    35 -779.9002193034      776.6633002676     -1556.563519571
    36 -779.9002230840      776.6604740923     -1556.560697176
    37 -779.9002238374      776.6609640114     -1556.561187849
    38 -779.9002241396      776.6614956889     -1556.561719829
    39 -779.9002241884      776.6620301041     -1556.562254292
    40 -779.9002241977      776.6619977675     -1556.562221965
    41 -779.9002241970      776.6619725524     -1556.562196749
    42 -779.9002241906      776.6619636158     -1556.562187806
    43 -779.9002241667      776.6619666586     -1556.562190825
    44 -779.9002241991      776.6619644186     -1556.562188618
    45 -779.9002241985      776.6619743951     -1556.562198594
    46 -779.8998044134      776.6616294937     -1556.561433907
    47 -779.8998044051      776.6610514881     -1556.560855893
    48 -779.8998044460      776.6608920644     -1556.560696510
$end
