$grad          cartesian gradients
  cycle =      1    SCF energy =     -779.8454556330   |dE/dxyz| =  0.176596
    0.22115203767768     -0.28476123220848      0.18032442599849      c
   -0.45856562655204     -1.34869948092899     -2.23375433638276      c
   -0.71873030967485     -3.96048137017933     -2.45691246708020      c
   -0.20808751148531     -5.51389309271149     -0.25843909453409      c
    0.50640150209138     -4.44286530885494      2.18073483250870      c
    0.67970822471704     -1.83558272996771      2.39076791143944      c
   -0.82650221210992     -0.03327410906806     -3.86434688106210      h
   -1.31664452376411     -4.78939708076984     -4.34992122140891      h
   -0.38148905739970     -7.55197224896274     -0.42775411904914      h
    0.89318725951347     -5.65194979735985      3.91689378773213      h
    1.10957520809924     -1.00094776134286      4.30625382324938      h
    0.65018346808461      3.18252320978798      0.44843483209311      s
    0.76675872208451      3.91367099161939     -2.61661306290204      o
   -2.05332158126155      3.95937561867028      1.89240734139836      o
  -.45210659755490D-03  0.19307194591880D-01  -.70448455641881D-03
  -.35471718790783D-02  -.17306408810012D-01  -.22665081857811D-01
  -.44838952448649D-02  0.18716354549445D-01  -.21915931063478D-01
  -.26434687680547D-02  -.24388786850076D-01  -.51526444878192D-02
  0.10131750383732D-01  0.20173728314607D-01  0.27603172476025D-01
  0.50145925981733D-02  -.22438318865073D-01  0.16789771981498D-01
  -.80600897170180D-02  0.11723691981832D-01  -.22609734486996D-01
  -.94470746532274D-02  -.70823341845977D-02  -.30231487308251D-01
  -.52200367504912D-03  -.89491723576118D-03  -.30349109337387D-03
  0.71073921697229D-02  -.12886997592008D-01  0.29016425772340D-01
  0.40334047830715D-02  0.37866070340487D-02  0.27833526354373D-01
  0.70787344386970D-01  -.26952201117698D-01  0.45011809944562D-01
  0.59941763819191D-02  0.17351335916620D-01  -.84119172180435D-01
  -.73912850158125D-01  0.20891052269081D-01  0.41447320506389D-01
  cycle =      2    SCF energy =     -779.8452410667   |dE/dxyz| =  0.176500
    0.29406969335211     -0.28697850124786      0.16009939810072      c
   -0.42291707299669     -1.34502466542099     -2.24512634940699      c
   -0.71094322694334     -3.95701332018721     -2.45929154532930      c
   -0.23291436160737     -5.50791795730841     -0.25132938523792      c
    0.46507384465644     -4.43548459855009      2.19209167787398      c
    0.69444414883473     -1.83357822985613      2.38417628529124      c
   -0.82688686845855     -0.04116367068479     -3.87564324154864      h
   -1.25106710669168     -4.79370330995620     -4.36581961155833      h
   -0.37079566502294     -7.54803402783877     -0.42781771176847      h
    0.83004575671439     -5.64425410590925      3.93448979790980      h
    1.06497046266876     -1.00638385945808      4.31645560549006      h
    0.67715915642525      3.19367800291257      0.41076580739661      s
    0.60137796304601      3.90848075666342     -2.66261670478692      o
   -1.94799112395666      3.93912309456516      1.99764174957454      o
  0.55091415519488D-02  0.17727990614061D-01  -.13477615655511D-02
  -.33622963608433D-02  -.14696914772990D-01  -.22390526325457D-01
  -.68918475628545D-02  0.19032030293598D-01  -.22174350666067D-01
  -.44685924839287D-02  -.24227500906096D-01  -.42975933828444D-02
  0.83793633498619D-02  0.21367198827583D-01  0.28639483026512D-01
  0.61026146729506D-02  -.23027819625878D-01  0.15123442535812D-01
  -.97885617139746D-02  0.10710174341248D-01  -.22821887106390D-01
  -.71185202338043D-02  -.74038277393644D-02  -.30663004450200D-01
  0.74482257569136D-03  -.87972792044710D-03  -.50389906328455D-03
  0.74153446942593D-02  -.13183475034622D-01  0.29122040857752D-01
  0.19829979767794D-02  0.30361743000187D-02  0.28768774609001D-01
  0.72799847510003D-01  -.25341441261611D-01  0.42150199033742D-01
  0.28988845086775D-03  0.16336945106720D-01  -.84582576080905D-01
  -.71594202427301D-01  0.20550193773167D-01  0.44977658577496D-01
  cycle =      3    SCF energy =     -779.8454684530   |dE/dxyz| =  0.176475
    0.23537484794705     -0.28464267193156      0.17670975096602      c
   -0.44879502295207     -1.34776448822310     -2.23664753875886      c
   -0.71326526699280     -3.95993752448517     -2.45829881597673      c
   -0.20973056923709     -5.51311638858262     -0.25792188890312      c
    0.50014407608167     -4.44180995804492      2.18251507815690      c
    0.68230541287681     -1.83529524460694      2.38946134414494      c
   -0.82371398750812     -0.03557971350351     -3.86789244292556      h
   -1.30612549867432     -4.78988065929761     -4.35241836794232      h
   -0.38246544127087     -7.55129605345686     -0.42675881375950      h
    0.87658279346201     -5.65061536706835      3.92128515577184      h
    1.09950295903757     -1.00105890690533      4.30806046774426      h
    0.65536334042797      3.18473812660398      0.43957298739731      s
    0.72812164385674      3.91285889255942     -2.62838892769319      o
   -2.02967368703409      3.95514556466593      1.91879778377840      o
  0.59235423632220D-03  0.19191263647922D-01  -.53081272912792D-03
  -.34921225766952D-02  -.16603663512870D-01  -.22658547680061D-01
  -.46609533832025D-02  0.18711696086425D-01  -.22052794794228D-01
  -.27946487014479D-02  -.24409305010260D-01  -.50529438605189D-02
  0.10015066971806D-01  0.20316039861306D-01  0.27765557764306D-01
  0.51281447931346D-02  -.22648135449075D-01  0.16457822069882D-01
  -.83722117033084D-02  0.11449279712666D-01  -.22681471841822D-01
  -.92303219868248D-02  -.71390300551299D-02  -.30266925022278D-01
  -.39782007434741D-03  -.89582660620735D-03  -.29176004281417D-03
  0.69656427361571D-02  -.12936963130189D-01  0.29062757578788D-01
  0.36656608530155D-02  0.37132253345935D-02  0.27958123192325D-01
  0.71151202636150D-01  -.26718577936975D-01  0.44219511292809D-01
  0.47527550788182D-02  0.17163567340817D-01  -.84274156786496D-01
  -.73322748878269D-01  0.20806429719446D-01  0.42345640862965D-01
  cycle =      4    SCF energy =     -779.8454753475   |dE/dxyz| =  0.176479
    0.23809177655412     -0.28476512269489      0.17494953269068      c
   -0.44412548068841     -1.34853556744688     -2.23870187785856      c
   -0.71011851380080     -3.96063946708676     -2.45944011708544      c
   -0.20965944726736     -5.51312428913711     -0.25800011299539      c
    0.49781172628245     -4.44105149750737      2.18297237312681      c
    0.68127112088918     -1.83464896476555      2.38899476899962      c
   -0.81732241281587     -0.03652171031112     -3.87050391076503      h
   -1.30308612350227     -4.79082321687810     -4.35345464805754      h
   -0.38454308765810     -7.55123520148681     -0.42545124009555      h
    0.87019482841184     -5.64948091090132      3.92285399988140      h
    1.09632052075297     -0.99908397152951      4.30750765642015      h
    0.65745600106135      3.18531455946400      0.43573034730059      s
    0.70971269933408      3.91332607779490     -2.63270377064073      o
   -2.01837800753271      3.95301489020989      1.93332277107938      o
  0.67486730207933D-03  0.19154033681389D-01  -.47065108454269D-03
  -.34948815980209D-02  -.16619731094240D-01  -.22688244281646D-01
  -.45967116759297D-02  0.18743320964616D-01  -.22062633308754D-01
  -.27431512336193D-02  -.24424949369692D-01  -.50887446350925D-02
  0.10002669833943D-01  0.20345934262497D-01  0.27780666611505D-01
  0.50506498790863D-02  -.22718937614107D-01  0.16449968110688D-01
  -.83378904458026D-02  0.11429593108904D-01  -.22698965615016D-01
  -.92504763757423D-02  -.71384855700469D-02  -.30266458036832D-01
  -.41042983883377D-03  -.89808208003062D-03  -.27241991508384D-03
  0.68827275929737D-02  -.12939589188988D-01  0.29075885169176D-01
  0.36518213312928D-02  0.37704108885075D-02  0.27958476140793D-01
  0.71482268413785D-01  -.26547729765619D-01  0.43709694860239D-01
  0.41725432135705D-02  0.17120448394601D-01  -.84289964018153D-01
  -.73084006394718D-01  0.20723763379118D-01  0.42863390003417D-01
  cycle =      5    SCF energy =     -779.8455489699   |dE/dxyz| =  0.176441
    0.25439447507369     -0.28579389469863      0.15443297178163      c
   -0.39915880443850     -1.35927989180078     -2.26189844331236      c
   -0.67758038258232     -3.97199907257735     -2.47222940887659      c
   -0.21033243647595     -5.51391951395555     -0.25844185329135      c
    0.47623153944039     -4.43123439328547      2.18631167093097      c
    0.66677231702960     -1.82583147268633      2.38239263260257      c
   -0.75474203900587     -0.04686032741260     -3.89799448182836      h
   -1.26722373262825     -4.80651303509399     -4.36557594683638      h
   -0.40722693316058     -7.55126820219884     -0.40975273983205      h
    0.81299158412168     -5.63366170856609      3.93708822111311      h
    1.05768058938108     -0.97756284348044      4.29998914132818      h
    0.67831071238244      3.18637714510989      0.39703964005384      s
    0.52618772763842      3.92476853726136     -2.66551219579480      o
   -1.89267901675535      3.93452428110820      2.08222656396198      o
  0.49000830523394D-03  0.19124107921250D-01  -.19888240538890D-03
  -.31342130911233D-02  -.16994362383379D-01  -.22842569928424D-01
  -.38913594924257D-02  0.18583724146909D-01  -.22107009511759D-01
  -.25877029507795D-02  -.24522046278562D-01  -.54584642160113D-02
  0.10189820472003D-01  0.20642172836364D-01  0.27953710544899D-01
  0.46315585870335D-02  -.23064403960573D-01  0.16578826705129D-01
  -.79386096597901D-02  0.11535776330260D-01  -.22741333122117D-01
  -.93725642793956D-02  -.71529597829010D-02  -.30271519449831D-01
  -.60890319025908D-03  -.87837501814292D-03  -.79697374048476D-04
  0.61944780024089D-02  -.12854545760633D-01  0.29135853364361D-01
  0.34359818419931D-02  0.40906593235701D-02  0.27896391209028D-01
  0.74282214274223D-01  -.25929114375989D-01  0.38252061345996D-01
  -.14239072845815D-02  0.17286565070791D-01  -.84165263446485D-01
  -.70266801528010D-01  0.20132801906816D-01  0.48047896282664D-01
  cycle =      6    SCF energy =     -779.8456129012   |dE/dxyz| =  0.176373
    0.26819169720650     -0.28665264090022      0.13495278596789      c
   -0.35907777031066     -1.36966379825200     -2.28321703565958      c
   -0.64777083507685     -3.98303636942125     -2.48382650604096      c
   -0.21090913659945     -5.51460309414691     -0.25876544222572      c
    0.45579301741880     -4.42151607865331      2.18908894064215      c
    0.65237579149510     -1.81700207681369      2.37563363579631      c
   -0.69994508478955     -0.05756314725209     -3.92329776192694      h
   -1.23242941055545     -4.82214398130057     -4.37684493965738      h
   -0.42628044098324     -7.55108459752605     -0.39580416977030      h
    0.76079539927254     -5.61783332419395      3.94944696497800      h
    1.02008699481389     -0.95686893322223      4.29216029372338      h
    0.69507263668231      3.18735566307537      0.36092885858684      s
    0.35547597054643      3.93492087825550     -2.68430811664719      o
   -1.76775322909988      3.91743710807476      2.21192826423391      o
  0.32792322333741D-03  0.19005270463946D-01  -.81268965933745D-04
  -.27897670549329D-02  -.17347193611209D-01  -.22908596004717D-01
  -.33096745084348D-02  0.18378266062252D-01  -.22081297218350D-01
  -.24924321956353D-02  -.24615367917915D-01  -.58052532510817D-02
  0.10313941990229D-01  0.20970708144814D-01  0.28161603774645D-01
  0.42663604925897D-02  -.23360521307519D-01  0.16653925244498D-01
  -.75412618730816D-02  0.11679242253088D-01  -.22764149403337D-01
  -.94237277154336D-02  -.71832832487523D-02  -.30288231727522D-01
  -.76422305172438D-03  -.86087359809972D-03  0.86207005326487D-04
  0.56016258250448D-02  -.12769358251871D-01  0.29183322911900D-01
  0.32187029237391D-02  0.43341816758233D-02  0.27878941667062D-01
  0.76466351073311D-01  -.25342076414558D-01  0.33032671644793D-01
  -.65607936067240D-02  0.17501891945011D-01  -.83721051947599D-01
  -.67313025520205D-01  0.19609113808321D-01  0.52653176273671D-01
  cycle =      7    SCF energy =     -779.8456651173   |dE/dxyz| =  0.176329
    0.28006838182712     -0.28718452353206      0.11531838409581      c
   -0.32026881366109     -1.38033208056806     -2.30449008455881      c
   -0.61714981319301     -3.99440509235619     -2.49550245672975      c
   -0.21068980759554     -5.51511425751703     -0.25919146310655      c
    0.43510924714772     -4.41111835692532      2.19140488838707      c
    0.63665965729909     -1.80729489489284      2.36838620033568      c
   -0.64954926211951     -0.06969921285360     -3.94855876624296      h
   -1.19563227376301     -4.83867044486069     -4.38823869631336      h
   -0.44377245449796     -7.55051925064087     -0.38248809755797      h
    0.70872397578231     -5.60077629054224      3.96103496953577      h
    0.98000811959753     -0.93476205653541      4.28338607731516      h
    0.70991076102715      3.18783917942038      0.32480618059648      s
    0.18409117605493      3.94355391073279     -2.69201339846837      o
   -1.63388329388523      3.90022897879450      2.33422203471222      o
  0.76159277861976D-04  0.18881314975544D-01  -.31352209386881D-04
  -.23437200592511D-02  -.17709214308381D-01  -.22944438098615D-01
  -.27207361274477D-02  0.18135227235897D-01  -.22026553177415D-01
  -.24252305392157D-02  -.24708590522042D-01  -.61556817840913D-02
  0.10420356914860D-01  0.21310959875061D-01  0.28375435215312D-01
  0.39364308225285D-02  -.23591798831679D-01  0.16732209809875D-01
  -.71965854971907D-02  0.11837559970795D-01  -.22763972238794D-01
  -.94431098992729D-02  -.72293598828144D-02  -.30304304938586D-01
  -.92482871056415D-03  -.83984622117877D-03  0.23946709745096D-03
  0.50244887417285D-02  -.12671035837130D-01  0.29225185090344D-01
  0.29729471455571D-02  0.45476403489295D-02  0.27874118655003D-01
  0.78383990873178D-01  -.24768678332551D-01  0.27699921987828D-01
  -.11715735318222D-01  0.17717106844102D-01  -.82953339123806D-01
  -.64044427623400D-01  0.19088714664667D-01  0.57033303717681D-01
  cycle =      8    SCF energy =     -779.8457034121   |dE/dxyz| =  0.176238
    0.28943661053789     -0.28725831990398      0.09551819708113      c
   -0.28333423142090     -1.39127493660967     -2.32588027290537      c
   -0.58553448846703     -4.00606633792434     -2.50735164837150      c
   -0.20960352056536     -5.51537304186169     -0.25958867479287      c
    0.41386546035255     -4.39992201663835      2.19323493187518      c
    0.61927421717274     -1.79643491481845      2.36057651898500      c
   -0.60420621304289     -0.08394177006035     -3.97442911538235      h
   -1.15631393275417     -4.85632848050178     -4.39979354032852      h
   -0.45915342229491     -7.54956592501511     -0.36997649113707      h
    0.65653714750243     -5.58229075504032      3.97190336177610      h
    0.93747619902167     -0.91058983009995      4.27324457555087      h
    0.72282171883418      3.18747360742994      0.28926323169144      s
    0.01325601918404      3.95070397887043     -2.68824340719369      o
   -1.49089596403975      3.88261434989699      2.44959810515208      o
  -.26736950372452D-03  0.18795525914300D-01  -.22235503525536D-04
  -.18102733452259D-02  -.18079717830667D-01  -.22982991815523D-01
  -.20955450763984D-02  0.17885390161772D-01  -.21978325417482D-01
  -.23846496046338D-02  -.24797300404042D-01  -.64644719303636D-02
  0.10490295234497D-01  0.21624565814143D-01  0.28555519942250D-01
  0.36573805553791D-02  -.23703708170575D-01  0.16854137154982D-01
  -.69273075265985D-02  0.11969755188364D-01  -.22750547178557D-01
  -.94269664640980D-02  -.72964209652550D-02  -.30312650648299D-01
  -.10910212508319D-02  -.81598551636786D-03  0.36778019742054D-03
  0.44609432826521D-02  -.12558350929663D-01  0.29267799311307D-01
  0.26985685635892D-02  0.47466503606942D-02  0.27862063937178D-01
  0.79886605579535D-01  -.24211412309291D-01  0.22289062313133D-01
  -.16794893117633D-01  0.17897833880617D-01  -.81900320302914D-01
  -.60395767324730D-01  0.18543174814872D-01  0.61215179939676D-01
  cycle =      9    SCF energy =     -779.8457316573   |dE/dxyz| =  0.176109
    0.29467758544588     -0.28658904826536      0.07567621516589      c
   -0.25080831990099     -1.40233173553260     -2.34749920814036      c
   -0.55322645114433     -4.01780990118954     -2.51945337971035      c
   -0.20774281232330     -5.51517698761636     -0.25953219813318      c
    0.39140864599143     -4.38778115942623      2.19453794290708      c
    0.59959623954737     -1.78392034834056      2.35203636028722      c
   -0.56785698553102     -0.10186235739381     -4.00192085112292      h
   -1.11260675259575     -4.87579729846234     -4.41175698378635      h
   -0.47063301380368     -7.54826061695067     -0.35898603173055      h
    0.60490478140630     -5.56201077430550      3.98210016005585      h
    0.89282745592096     -0.88311730642165      4.26092547602531      h
    0.73483744892966      3.18514209797049      0.25645436652057      s
   -0.15197892682920      3.95684743410103     -2.67190983830139      o
   -1.33977329509286      3.86441360955648      2.55740374196361      o
  -.69252140174658D-03  0.18846589573161D-01  -.66635089019940D-05
  -.12404084141777D-02  -.18469705472394D-01  -.23068686808188D-01
  -.14283391472247D-02  0.17751587649040D-01  -.22057251542662D-01
  -.23890479641592D-02  -.24871401675936D-01  -.65470407547936D-02
  0.10454265974566D-01  0.21792757197289D-01  0.28578169306108D-01
  0.34795032928239D-02  -.23558293268530D-01  0.17103753163305D-01
  -.68132030281452D-02  0.11967944130254D-01  -.22758478938329D-01
  -.93146804731098D-02  -.74081464499798D-02  -.30318309735747D-01
  -.12547869748552D-02  -.78866956912083D-03  0.42426507563990D-03
  0.39462115209878D-02  -.12422694911267D-01  0.29322535256355D-01
  0.23992027505373D-02  0.49675100530122D-02  0.27790863219237D-01
  0.80953805720434D-01  -.23845702061180D-01  0.17065373597363D-01
  -.21688472302220D-01  0.18054636019378D-01  -.80611019584474D-01
  -.56411529552406D-01  0.17983588767612D-01  0.65082491255417D-01
  cycle =     10    SCF energy =     -779.8457628026   |dE/dxyz| =  0.175992
    0.29343088947746     -0.28558358464354      0.06616213616966      c
   -0.24141978862205     -1.40723163093042     -2.35805867933749      c
   -0.53872387755725     -4.02310545389108     -2.52533522008498      c
   -0.20694237289577     -5.51460337049741     -0.25863413967861      c
    0.37897946090982     -4.38145189979374      2.19497325020777      c
    0.58840676132945     -1.77672275773985      2.34728595937398      c
   -0.56048759457694     -0.11417111676724     -4.01721940720595      h
   -1.08672192983187     -4.88697326359712     -4.41812786343462      h
   -0.47090393480128     -7.54768924394936     -0.35568310024341      h
    0.58189865111187     -5.55096457399164      3.98698977223757      h
    0.87045265532266     -0.86739048022611      4.25328024760378      h
    0.74217404077749      3.18154073884619      0.24483887298697      s
   -0.22128041122841      3.96000242496868     -2.65845281102376      o
   -1.26523694939472      3.85608981993602      2.60605675442952      o
  -.85153847252584D-03  0.19040395265280D-01  0.13379341068820D-04
  -.10650730369554D-02  -.18541106590861D-01  -.23152210031549D-01
  -.11670766163012D-02  0.17868291567976D-01  -.22325367918164D-01
  -.24445891240067D-02  -.24858932646448D-01  -.61831407779408D-02
  0.10240324623166D-01  0.21653300366851D-01  0.28337722089387D-01
  0.35367290923069D-02  -.23214263067307D-01  0.17325279758643D-01
  -.69167369077869D-02  0.11729099608836D-01  -.22829371427814D-01
  -.90794636779081D-02  -.75217155915099D-02  -.30324366594661D-01
  -.12969560426798D-02  -.78370562234209D-03  0.35387678802590D-03
  0.38010605271220D-02  -.12345398225883D-01  0.29398151633865D-01
  0.22254454585039D-02  0.51165978537591D-02  0.27703699183051D-01
  0.81270130423039D-01  -.24041833473245D-01  0.14976108012778D-01
  -.23805713721635D-01  0.18129772202968D-01  -.79965050045464D-01
  -.54446542518740D-01  0.17769498352622D-01  0.66671289987354D-01
  cycle =     11    SCF energy =     -779.8458463595   |dE/dxyz| =  0.175416
    0.28356270865234     -0.28288426021126      0.04218478525048      c
   -0.23660460403985     -1.41765870354927     -2.38261053413460      c
   -0.51310199513805     -4.03565555402257     -2.53739465189010      c
   -0.20696622185606     -5.51339676704528     -0.25401284765876      c
    0.34510000042695     -4.36683769867295      2.19615074977242      c
    0.55717116812131     -1.75969076220386      2.33384814556520      c
   -0.56427061067557     -0.14894776894451     -4.05663923669103      h
   -1.01348127775751     -4.91865668755413     -4.43386862420385      h
   -0.45324077707714     -7.54873012311482     -0.35314459055006      h
    0.53570133758143     -5.52216990271954      3.99966844400238      h
    0.81012478123309     -0.82989622498931      4.23288535128028      h
    0.76347924138629      3.16900763141214      0.22524380614753      s
   -0.35964192493819      3.97446853656837     -2.61615353639675      o
   -1.08420622589857      3.84279389277036      2.71191851150728      o
  -.51506122853695D-03  0.19605959538125D-01  -.53276707524219D-03
  -.10823416310690D-02  -.18067451761603D-01  -.23188644236896D-01
  -.13340606082850D-02  0.18188551558191D-01  -.23230736070815D-01
  -.27263725575681D-02  -.24603582101596D-01  -.43279553973734D-02
  0.91793566849745D-02  0.21052749979665D-01  0.27328622919562D-01
  0.40615901578782D-02  -.22320886858468D-01  0.17790542666293D-01
  -.73260758111716D-02  0.10810740662657D-01  -.23100150372447D-01
  -.78206179970288D-02  -.79365678176490D-02  -.30412394272209D-01
  -.11602312271383D-02  -.81919095084970D-03  -.38572246162688D-04
  0.38457349153557D-02  -.12074798806288D-01  0.29750334351375D-01
  0.15465557311796D-02  0.53956478618910D-02  0.27546110708857D-01
  0.81116548512860D-01  -.25657900358977D-01  0.10910523753171D-01
  -.28149161461805D-01  0.18695822560501D-01  -.78431184999580D-01
  -.49635863479272D-01  0.17730906507257D-01  0.69936270267576D-01
  cycle =     12    SCF energy =     -779.8458703612   |dE/dxyz| =  0.175489
    0.27591464538616     -0.28370921877035      0.05067571061392      c
   -0.26034554128762     -1.41218040123528     -2.37184764085742      c
   -0.53334156745932     -4.03096287781086     -2.53089086330071      c
   -0.20867192071319     -5.51473840108319     -0.25358106859683      c
    0.35202348953718     -4.37380564358175      2.19630991992651      c
    0.56051237577988     -1.76687390751842      2.33782774117046      c
   -0.59254570499201     -0.14154558569929     -4.04386477099224      h
   -1.02654793082380     -4.91230442929799     -4.42986944900866      h
   -0.43452416405277     -7.55195247949789     -0.36309398736152      h
    0.56635970560178     -5.53077362132921      3.99656941590780      h
    0.82145342339668     -0.84569928477843      4.24073446460069      h
    0.76613255817170      3.16766600773637      0.24203844870200      s
   -0.27280728440954      3.97572392662851     -2.63084006442400      o
   -1.14998648411466      3.86290152396115      2.66790791562042      o
  -.91512818315209D-04  0.19479071387086D-01  -.10763997922076D-02
  -.13468762287112D-02  -.17511595156989D-01  -.22847500484218D-01
  -.21872954591416D-02  0.18178986895907D-01  -.23210893888996D-01
  -.28231766852946D-02  -.24436516772859D-01  -.38862632945715D-02
  0.87699667029322D-02  0.20845528637586D-01  0.27132405236142D-01
  0.43115810525413D-02  -.22501834603315D-01  0.17582509255601D-01
  -.75185977832790D-02  0.10743908185284D-01  -.23175304063844D-01
  -.74586598505333D-02  -.79352900167851D-02  -.30462989626427D-01
  -.91272781596463D-03  -.85987023075340D-03  -.21241390040769D-03
  0.44189813092266D-02  -.12034657082581D-01  0.29840870670262D-01
  0.15247719564418D-02  0.52201755534980D-02  0.27735726568631D-01
  0.80820761550656D-01  -.26564689702298D-01  0.13703712007895D-01
  -.25903192496263D-01  0.18869561093194D-01  -.79313521533654D-01
  -.51604023437601D-01  0.18507221794652D-01  0.68190062847124D-01
  cycle =     13    SCF energy =     -779.8458836303   |dE/dxyz| =  0.175398
    0.27036079624513     -0.28402211322516      0.04452103472342      c
   -0.26073962742243     -1.41512658341257     -2.37651556335809      c
   -0.52982145317993     -4.03556582567601     -2.53259004187316      c
   -0.20738237909449     -5.51624208459686     -0.25356481329386      c
    0.34361046221108     -4.37157920534937      2.19699167250339      c
    0.54808481483271     -1.76473550178105      2.33529506415958      c
   -0.59396239331147     -0.14705456631651     -4.05043994291304      h
   -1.01013890481149     -4.92076626542349     -4.43295285342286      h
   -0.42181921924487     -7.55464296206122     -0.36466921220537      h
    0.55896232478729     -5.52395221181212      4.00028188779586      h
    0.79727673387557     -0.84208728649022      4.23917560462747      h
    0.77378915840307      3.16522851165501      0.23355443332934      s
   -0.30712653000482      3.98426908026353     -2.62182199328295      o
   -1.09746818326486      3.86802262194940      2.69081049521068      o
  -.50621993802125D-04  0.19355302528904D-01  -.17180681522575D-02
  -.11070171738978D-02  -.17190055774623D-01  -.22585424446007D-01
  -.25071627287647D-02  0.17829095018479D-01  -.23064307833495D-01
  -.29222476422108D-02  -.24329665083290D-01  -.38077142046238D-02
  0.85021247513912D-02  0.20922553060066D-01  0.27164102455086D-01
  0.44247622841278D-02  -.22597260118855D-01  0.17538441718076D-01
  -.75748710332078D-02  0.10779209365519D-01  -.23170979645011D-01
  -.71184778290600D-02  -.80161661024585D-02  -.30495358549957D-01
  -.77746928267108D-03  -.88523178300237D-03  -.30770964118848D-03
  0.45390560964806D-02  -.11877371523783D-01  0.29963703482172D-01
  0.12233023522994D-02  0.50743633416426D-02  0.27888153394958D-01
  0.80760409658701D-01  -.27266139301529D-01  0.12514705160811D-01
  -.27110932821133D-01  0.19381229590666D-01  -.78910529977250D-01
  -.50280854637283D-01  0.18820136774244D-01  0.68990986238491D-01
  cycle =     14    SCF energy =     -779.8458942874   |dE/dxyz| =  0.175453
    0.26269721362728     -0.28451610694199      0.04455919135903      c
   -0.26446374802115     -1.41615196343531     -2.37595292103075      c
   -0.52982917831362     -4.03738180467189     -2.53262610014783      c
   -0.20406199253815     -5.51788822932977     -0.25507116266577      c
    0.34094386356337     -4.37203290584521      2.19741379963187      c
    0.53894539623427     -1.76494698157119      2.33657197106752      c
   -0.59783961438268     -0.14739230401816     -4.04969401314524      h
   -1.00824985866674     -4.92296786543386     -4.43333854107110      h
   -0.40775953258433     -7.55723546099475     -0.36860284139476      h
    0.55872047798572     -5.52321273276261      4.00120121611520      h
    0.78443298242747     -0.84414342598859      4.24196736038145      h
    0.77902150898864      3.16380993585536      0.22947030068918      s
   -0.31246811943674      3.98826156414747     -2.62144939037956      o
   -1.07646379886287      3.87754388871385      2.69362690259116      o
  -.33443512971942D-03  0.19190325477794D-01  -.19852319939195D-02
  -.88153450615680D-03  -.17141157997886D-01  -.22380503993871D-01
  -.25688440749438D-02  0.17663618813588D-01  -.22852470215827D-01
  -.29120275491679D-02  -.24335813181922D-01  -.41438607394699D-02
  0.84121193212390D-02  0.20977541290224D-01  0.27346267949531D-01
  0.44036383568760D-02  -.22526992068115D-01  0.17564411108953D-01
  -.75810266289633D-02  0.10872257176315D-01  -.23168663188697D-01
  -.71436747856923D-02  -.80345883597595D-02  -.30492113676316D-01
  -.64758137438228D-03  -.89483763611597D-03  -.37248980442541D-03
  0.45832047549024D-02  -.11793232344168D-01  0.30012960759514D-01
  0.11609793776410D-02  0.49309912031690D-02  0.28003046696061D-01
  0.80805147688139D-01  -.27746890945100D-01  0.12266066618784D-01
  -.27492721325714D-01  0.19694175472736D-01  -.78874799271563D-01
  -.49803244118475D-01  0.19144603099859D-01  0.69077379748755D-01
  cycle =     15    SCF energy =     -779.8459050985   |dE/dxyz| =  0.175510
    0.25292597492010     -0.28513237794997      0.04865535495900      c
   -0.27131434740460     -1.41638612812775     -2.37277553054713      c
   -0.53011252301663     -4.03771167680384     -2.53258450912277      c
   -0.19658813919749     -5.51966818291368     -0.25777353717601      c
    0.34105944608818     -4.37391466919648      2.19764402462597      c
    0.52985669855326     -1.76599417282763      2.34034758043118      c
   -0.60438918223089     -0.14548288900657     -4.04528046094828      h
   -1.01355610287892     -4.92214484759347     -4.43279919515237      h
   -0.39011127688890     -7.55979792813912     -0.37364292657005      h
    0.55797868033530     -5.52678371722507      4.00035588600560      h
    0.77514755995729     -0.84729583293406      4.24667198606913      h
    0.78373054751850      3.16263967223618      0.22656365251778      s
   -0.30591362859453      3.98885058136720     -2.62605422540556      o
   -1.06508810714021      3.89056777683759      2.68874767231392      o
  -.69561195916923D-03  0.19031574208547D-01  -.16853220223245D-02
  -.85345989352692D-03  -.17356259610093D-01  -.22363563948515D-01
  -.24229122150347D-02  0.17756099622790D-01  -.22727352839982D-01
  -.26226602314567D-02  -.24453555948187D-01  -.46400000371566D-02
  0.84617477171567D-02  0.20980782149794D-01  0.27592559194956D-01
  0.42708586466609D-02  -.22283372762837D-01  0.17666702232471D-01
  -.75294346002835D-02  0.10955900203134D-01  -.23181974105205D-01
  -.74335667894689D-02  -.80312009634392D-02  -.30473096927522D-01
  -.56718196936673D-03  -.88154653603700D-03  -.38874670681829D-03
  0.44361858757781D-02  -.11819783943568D-01  0.29993406617689D-01
  0.12442426283037D-02  0.48534869822223D-02  0.27990534979254D-01
  0.80751814865144D-01  -.28073658966324D-01  0.12409724993231D-01
  -.27506880930178D-01  0.19856639987724D-01  -.79064489254852D-01
  -.49533141142106D-01  0.19464895582269D-01  0.68871617827346D-01
  cycle =     16    SCF energy =     -779.8459077612   |dE/dxyz| =  0.175432
    0.24635191384366     -0.28522552445515      0.04623754309403      c
   -0.27167505940914     -1.41922459140930     -2.37664634661863      c
   -0.52294927238291     -4.04075604985784     -2.53584806075656      c
   -0.18869071044586     -5.52047595807816     -0.25902557914972      c
    0.33351596155977     -4.37166094166164      2.19805421391649      c
    0.51571528729155     -1.76291120561889      2.34022445189793      c
   -0.60405253260414     -0.14954235819460     -4.05007518791956      h
   -1.00298958352342     -4.92760648134173     -4.43590901709965      h
   -0.37489710830811     -7.56135501073649     -0.37366103790165      h
    0.54245553283762     -5.52470280414776      4.00153857540856      h
    0.75305214385345     -0.83946158564132      4.24496805191763      h
    0.79051884679630      3.16017579877280      0.21610877698929      s
   -0.34390559413248      3.98977845969113     -2.61928773017188      o
   -1.00882422535583      3.89471386040228      2.71139711839412      o
  -.74720084372792D-03  0.19043756985707D-01  -.13610033798876D-02
  -.91178705622807D-03  -.17564751404189D-01  -.22555492936973D-01
  -.23771066724569D-02  0.17879729381507D-01  -.22803745060246D-01
  -.21399631219057D-02  -.24516144472514D-01  -.46770372837344D-02
  0.83202533392754D-02  0.21074526740401D-01  0.27679016526997D-01
  0.40859716986683D-02  -.22205907573575D-01  0.17743624513319D-01
  -.74590832790536D-02  0.10966654509215D-01  -.23176885492541D-01
  -.74865484788794D-02  -.80749239313405D-02  -.30477994058200D-01
  -.53392258052998D-03  -.88529584443697D-03  -.35625769918368D-03
  0.41946077156114D-02  -.11893780848068D-01  0.29957803179410D-01
  0.11677305778356D-02  0.49493556119256D-02  0.27909938656587D-01
  0.80636760453396D-01  -.28277446089708D-01  0.11081404187261D-01
  -.28733466261787D-01  0.19912258506103D-01  -.78690989887477D-01
  -.48016245486326D-01  0.19591968427695D-01  0.69727618734746D-01
  cycle =     17    SCF energy =     -779.8459084776   |dE/dxyz| =  0.175434
    0.24720601623473     -0.28524121866506      0.04808391555981      c
   -0.27349378554656     -1.41824622513959     -2.37502231330444      c
   -0.52506255363885     -4.03954468146820     -2.53513970536120      c
   -0.18850639788969     -5.52028427040399     -0.25900921572152      c
    0.33558344924457     -4.37263013417505      2.19791001694844      c
    0.51828681679109     -1.76392458376361      2.34095887522678      c
   -0.60627997568808     -0.14756592766342     -4.04756771789618      h
   -1.00698661511372     -4.92540660011843     -4.43518802791731      h
   -0.37528076208616     -7.56111922430219     -0.37370795516636      h
    0.54513293002453     -5.52704074741888      4.00041507400572      h
    0.75779325088371     -0.84095463030399      4.24570588295425      h
    0.78943274965263      3.16045692265494      0.21853011760119      s
   -0.33147882903579      3.98776054865170     -2.62258924779673      o
   -1.02272069381196      3.89548637983909      2.70469607286795      o
  -.65256833659255D-03  0.19095909214585D-01  -.12036774844955D-02
  -.10136922336614D-02  -.17586343619802D-01  -.22635358993313D-01
  -.24119159196108D-02  0.17937574364577D-01  -.22840279880773D-01
  -.20720833472618D-02  -.24512665691214D-01  -.46192936020109D-02
  0.83453593121102D-02  0.21063416256003D-01  0.27656258172917D-01
  0.40795749679390D-02  -.22269427060705D-01  0.17695159525394D-01
  -.74624952546497D-02  0.10969958310177D-01  -.23162071718975D-01
  -.75223026410369D-02  -.80463734504306D-02  -.30479855294689D-01
  -.54140443253475D-03  -.88924975858928D-03  -.32658104475480D-03
  0.41833339118083D-02  -.11946875375803D-01  0.29923832598602D-01
  0.12111481747121D-02  0.49870080802950D-02  0.27884854024803D-01
  0.80572472560686D-01  -.28221980152065D-01  0.11444103668178D-01
  -.28326976349609D-01  0.19816417695153D-01  -.78833940971787D-01
  -.48388450401095D-01  0.19602631188212D-01  0.69496851002363D-01
  cycle =     18    SCF energy =     -779.8459084562   |dE/dxyz| =  0.175438
    0.24852292567666     -0.28517875873820      0.04800836161946      c
   -0.27294393317635     -1.41811665082451     -2.37501923310608      c
   -0.52526585888284     -4.03935404900075     -2.53503193980501      c
   -0.18914614092057     -5.52008261605600     -0.25878688236623      c
    0.33586782962329     -4.37258768642460      2.19785201281520      c
    0.51974587413512     -1.76399815742189      2.34072372022808      c
   -0.60607189181859     -0.14719767755626     -4.04728478300968      h
   -1.00737798834165     -4.92489758405427     -4.43514242665939      h
   -0.37672277739281     -7.56087926289811     -0.37301433312029      h
    0.54507205118641     -5.52722344246702      4.00022990773802      h
    0.75951152653115     -0.84076185659608      4.24535613639988      h
    0.78883131269559      3.16060455879191      0.21886038158104      s
   -0.33034212794219      3.98731152167694     -2.62277059639258      o
   -1.02605520135277      3.89410726929216      2.70409544607797      o
  -.60171546176679D-03  0.19142746786587D-01  -.11866391917481D-02
  -.10220141566704D-02  -.17594267694927D-01  -.22664986382713D-01
  -.24143887427639D-02  0.17918278747687D-01  -.22840474963549D-01
  -.20987614860440D-02  -.24492339695021D-01  -.45807166003409D-02
  0.83496162403969D-02  0.21068943529471D-01  0.27637946745669D-01
  0.40948241890367D-02  -.22326000219269D-01  0.17660585629295D-01
  -.74731105382821D-02  0.10976568363097D-01  -.23143946294613D-01
  -.75112765816437D-02  -.80275778532287D-02  -.30480780390030D-01
  -.53926478993473D-03  -.89272011094699D-03  -.30704194794075D-03
  0.41770080322089D-02  -.11960101425686D-01  0.29911866523094D-01
  0.12086676200012D-02  0.50132939846486D-02  0.27885150095345D-01
  0.80580012707731D-01  -.28179632904287D-01  0.11424184607058D-01
  -.28266536352436D-01  0.19788935393922D-01  -.78819980239535D-01
  -.48483060680888D-01  0.19563873097143D-01  0.69504832413394D-01
  cycle =     19    SCF energy =     -779.8459084505   |dE/dxyz| =  0.175439
    0.24738802535868     -0.28523695542741      0.04814627448756      c
   -0.27350611296188     -1.41820478636774     -2.37493397561517      c
   -0.52517969777166     -4.03949123615932     -2.53508610883781      c
   -0.18859029817815     -5.52025806521316     -0.25899747194073      c
    0.33570597816983     -4.37265919905501      2.19789464107638      c
    0.51856703395600     -1.76397358301497      2.34097119624655      c
   -0.60640243336894     -0.14741596765598     -4.04737638250856      h
   -1.00726358474321     -4.92522994753452     -4.43514243876665      h
   -0.37538851050182     -7.56109473878228     -0.37362922434608      h
    0.54525442313745     -5.52715283875529      4.00033890876796      h
    0.75818298592014     -0.84100793228952      4.24571450138148      h
    0.78934706489675      3.16046729768414      0.21864103076920      s
   -0.33071115198543      3.98767725616748     -2.62275459749883      o
   -1.02377812190731      3.89532630412692      2.70428941878509      o
  -.64808110891335D-03  0.19104976777985D-01  -.12015015995503D-02
  -.10130148919945D-02  -.17591450168192D-01  -.22640607248805D-01
  -.24074265886633D-02  0.17930244391998D-01  -.22835070524012D-01
  -.20777028474845D-02  -.24508612013348D-01  -.46195224507337D-02
  0.83461800818827D-02  0.21065303041913D-01  0.27655719843198D-01
  0.40799203879705D-02  -.22278356087067D-01  0.17690336729157D-01
  -.74653041503040D-02  0.10972825403697D-01  -.23157457006119D-01
  -.75235591465963D-02  -.80412810367492D-02  -.30479288087999D-01
  -.53848736957451D-03  -.88984026952366D-03  -.32243913483823D-03
  0.41821409956808D-02  -.11948863485726D-01  0.29920990994881D-01
  0.12111337681073D-02  0.49918898528607D-02  0.27885357410840D-01
  0.80577021019938D-01  -.28220052940220D-01  0.11444466973342D-01
  -.28304655531797D-01  0.19814832105005D-01  -.78833741806086D-01
  -.48418164619441D-01  0.19598384444712D-01  0.69492755910787D-01
  cycle =     20    SCF energy =     -779.8459084614   |dE/dxyz| =  0.175442
    0.24783713125220     -0.28522848066892      0.04835719777905      c
   -0.27362189037441     -1.41802728706533     -2.37466851375018      c
   -0.52564109103673     -4.03928521723864     -2.53490538337353      c
   -0.18887597267934     -5.52018796460567     -0.25893509553402      c
    0.33612797598529     -4.37279277334474      2.19785853496820      c
    0.51938188668563     -1.76415963178143      2.34100659338090      c
   -0.60668563919288     -0.14702040026135     -4.04691102602356      h
   -1.00801425395667     -4.92478317836819     -4.43498598637946      h
   -0.37589256858832     -7.56101022820955     -0.37351356878619      h
    0.54592120886871     -5.52745874470267      4.00015595659432      h
    0.75939243914848     -0.84132061869544      4.24578316041508      h
    0.78902450799407      3.16054652818436      0.21916376116262      s
   -0.32823385972604      3.98740765700599     -2.62327981346054      o
   -1.02709427435953      3.89506594747492      2.70294995500770      o
  -.62691190918240D-03  0.19120040026025D-01  -.11962339009202D-02
  -.10206742315946D-02  -.17590494999554D-01  -.22647553688794D-01
  -.24151579546945D-02  0.17922830920091D-01  -.22831983402105D-01
  -.20918862034118D-02  -.24499888303902D-01  -.46107162882836D-02
  0.83515942461359D-02  0.21064111924900D-01  0.27648899350218D-01
  0.40899405741599D-02  -.22298617305914D-01  0.17676644964318D-01
  -.74712726715171D-02  0.10977597813882D-01  -.23150279373682D-01
  -.75235741500556D-02  -.80316440107729D-02  -.30479245319277D-01
  -.53725904342733D-03  -.89092568294058D-03  -.31614166814903D-03
  0.41873370542095D-02  -.11954638593043D-01  0.29915658181064D-01
  0.12152646923065D-02  0.49968536549094D-02  0.27886301053518D-01
  0.80576306636630D-01  -.28206958897783D-01  0.11503968944353D-01
  -.28219296754806D-01  0.19800842524362D-01  -.78851379724274D-01
  -.48514410287297D-01  0.19590890938169D-01  0.69452060872768D-01
  cycle =     21    SCF energy =     -779.8459084499   |dE/dxyz| =  0.175439
    0.24763775864338     -0.28522896301239      0.04821106772120      c
   -0.27350608719030     -1.41813543749877     -2.37484849016322      c
   -0.52534859367128     -4.03940658595875     -2.53502057525497      c
   -0.18872599934071     -5.52021792970868     -0.25895910405628      c
    0.33587279591509     -4.37269899907845      2.19787747497434      c
    0.51895212633805     -1.76403829119228      2.34096407773347      c
   -0.60647917397663     -0.14726257096255     -4.04720844048713      h
   -1.00754167066622     -4.92504785009360     -4.43508734627939      h
   -0.37567118898256     -7.56104578949209     -0.37353603052631      h
    0.54546176907767     -5.52727031027778      4.00026341956531      h
    0.75871690844163     -0.84109098632576      4.24570589089165      h
    0.78918969268252      3.16050712935360      0.21884535094428      s
   -0.32980256635319      3.98754851316848     -2.62294088032334      o
   -1.02513017089697      3.89513367880236      2.70380935726078      o
  -.64019685710193D-03  0.19114308686409D-01  -.12007336678490D-02
  -.10134225545542D-02  -.17595362562635D-01  -.22646741453514D-01
  -.24071709559539D-02  0.17925500160110D-01  -.22836063499150D-01
  -.20801982977532D-02  -.24504383837013D-01  -.46097643416239D-02
  0.83457779291790D-02  0.21067583019934D-01  0.27652833986945D-01
  0.40804540549457D-02  -.22284810978591D-01  0.17684352326475D-01
  -.74673918401161D-02  0.10973867062832D-01  -.23154966884110D-01
  -.75212742103405D-02  -.80382518334543D-02  -.30479144312789D-01
  -.53754249591037D-03  -.89079611429810D-03  -.31821645001839D-03
  0.41812997870601D-02  -.11951449672887D-01  0.29919360569154D-01
  0.12107941907226D-02  0.49956522411541D-02  0.27884946533608D-01
  0.80576072383710D-01  -.28212704553175D-01  0.11458129419678D-01
  -.28277717626880D-01  0.19808474956617D-01  -.78837198148069D-01
  -.48449483512126D-01  0.19592373421951D-01  0.69483205922729D-01
  cycle =     22    SCF energy =     -779.8459084581   |dE/dxyz| =  0.175440
    0.24774852149431     -0.28522532147410      0.04822857144642      c
   -0.27349043074583     -1.41810966342636     -2.37481816080777      c
   -0.52541074877151     -4.03937625717707     -2.53499361474857      c
   -0.18879623432163     -5.52020143716407     -0.25894157281415      c
    0.33592758368396     -4.37271199544695      2.19787171686307      c
    0.51910773921273     -1.76406361426322      2.34095664905119      c
   -0.60649981999585     -0.14720040230816     -4.04714255829063      h
   -1.00763865043184     -4.92497413048152     -4.43506811978251      h
   -0.37579493914034     -7.56102646463238     -0.37349468566376      h
    0.54554416271262     -5.52730668326120      4.00023762404453      h
    0.75893138806942     -0.84112411028907      4.24570078775641      h
    0.78912865092539      3.16052159430112      0.21891827511686      s
   -0.32947748020269      3.98750222143531     -2.62300617815353      o
   -1.02565414246825      3.89504187191099      2.70362703798283      o
  -.63048070543026D-03  0.19117147158081D-01  -.11965407428329D-02
  -.10179606021115D-02  -.17592040055700D-01  -.22646307285028D-01
  -.24123892040124D-02  0.17925046382022D-01  -.22834501571493D-01
  -.20885879729933D-02  -.24502252678287D-01  -.46106464074201D-02
  0.83495193551246D-02  0.21064869018054D-01  0.27650057131387D-01
  0.40878023894895D-02  -.22293571554020D-01  0.17680387290163D-01
  -.74694898198693D-02  0.10975981407281D-01  -.23152488865124D-01
  -.75221281340903D-02  -.80345299113379D-02  -.30479649070368D-01
  -.53845564273365D-03  -.89049516038586D-03  -.31741697607908D-03
  0.41837476502053D-02  -.11953156642403D-01  0.29916974084447D-01
  0.12131875191764D-02  0.49967225768179D-02  0.27885134527462D-01
  0.80576829628850D-01  -.28208081986611D-01  0.11471382514983D-01
  -.28258560123054D-01  0.19804570548768D-01  -.78840706935335D-01
  -.48473034344713D-01  0.19589790906203D-01  0.69474322309691D-01
  cycle =     23    SCF energy =     -779.8459084558   |dE/dxyz| =  0.175441
    0.24777155733147     -0.28522546218589      0.04827591926933      c
   -0.27355626265636     -1.41807805702133     -2.37476219210855      c
   -0.52550151565029     -4.03934374493929     -2.53495952204817      c
   -0.18881832288508     -5.52019678982891     -0.25893864302856      c
    0.33599668266356     -4.37274286922896      2.19786593991949      c
    0.51919673247703     -1.76410148159222      2.34097336872453      c
   -0.60660078623595     -0.14712763131468     -4.04704786304269      h
   -1.00777516070100     -4.92490124634943     -4.43503834671468      h
   -0.37579852094328     -7.56102394769575     -0.37349725537218      h
    0.54569192695421     -5.52736994246366      4.00020112362129      h
    0.75907946807094     -0.84119116365802      4.24572989528295      h
    0.78910341490821      3.16052052187905      0.21900694394132      s
   -0.32898299278851      3.98746613386560     -2.62310851244195      o
   -1.02618062052446      3.89506128825680      2.70337491599826      o
  -.62569457204997D-03  0.19118751005739D-01  -.11920534565135D-02
  -.10254524450894D-02  -.17584366816647D-01  -.22646978634500D-01
  -.24201333590803D-02  0.17926982349290D-01  -.22831739742674D-01
  -.20910441052133D-02  -.24500290011253D-01  -.46156623071762D-02
  0.83536449204629D-02  0.21060903797425D-01  0.27647608329878D-01
  0.40942015387924D-02  -.22304014436712D-01  0.17675672213382D-01
  -.74717747090245D-02  0.10977847087645D-01  -.23148882747145D-01
  -.75246514806606D-02  -.80313973235538D-02  -.30478995695391D-01
  -.53716299601653D-03  -.89091535626962D-03  -.31746254283661D-03
  0.41887016329893D-02  -.11955529784124D-01  0.29915096003210D-01
  0.12150346551063D-02  0.49969260925433D-02  0.27887499342895D-01
  0.80576472832567D-01  -.28209431221061D-01  0.11489878575404D-01
  -.28234052626980D-01  0.19801608517834D-01  -.78846079265443D-01
  -.48498089279831D-01  0.19592926100219D-01  0.69462099929259D-01
  cycle =     24    SCF energy =     -779.8728637277   |dE/dxyz| =  0.138118
    0.24762929225249     -0.28610491520058      0.04564194625336      c
   -0.26277765805672     -1.41875471435060     -2.32315453251656      c
   -0.51644541854558     -4.03462419267802     -2.47450418189427      c
   -0.19314342850404     -5.51077474144171     -0.25512946653522      c
    0.32267129457659     -4.36113125989997      2.14015594214171      c
    0.51253799102886     -1.75382249666409      2.28575425469753      c
   -0.57660766209568     -0.16335390025811     -3.97803553042592      h
   -0.99123911941194     -4.91166531902377     -4.34432482823483      h
   -0.38254456548853     -7.55048376105793     -0.36853388491637      h
    0.52489919697547     -5.50210105963075      3.91404939895482      h
    0.76418120608331     -0.83586880986530      4.16088273584270      h
    0.76439136112651      3.15157687943706      0.21676643993262      s
   -0.33713548554633      3.96707097107621     -2.53956894087738      o
   -1.01279140437392      3.85178292728086      2.62807641957819      o
  -.19166259571526D-02  0.11158554351798D-01  -.24086531338363D-02
  0.51616518626973D-03  -.11924178816389D-01  -.12228405544793D-01
  -.63211338784863D-03  0.12040251761887D-01  -.10145516887528D-01
  -.14437617050366D-02  -.14567680022626D-01  -.43850815999400D-02
  0.55666632289224D-02  0.15268167775394D-01  0.15080307057418D-01
  0.25485044160640D-02  -.14377502807996D-01  0.92494422497671D-02
  -.53679257525069D-02  0.76651907230618D-02  -.15573936986262D-01
  -.54688101075017D-02  -.53680122770596D-02  -.21610442501175D-01
  -.45459133157127D-03  -.49361136389603D-03  -.19114442444110D-03
  0.28950541141556D-02  -.81736180390324D-02  0.21347221592211D-01
  0.56936287475329D-03  0.30574593070010D-02  0.19431539384664D-01
  0.67249225494873D-01  -.25627825490933D-01  0.95325599836285D-02
  -.23664007017289D-01  0.16206408389623D-01  -.65764077420170D-01
  -.40397140052420D-01  0.15136396518157D-01  0.57666188229772D-01
  cycle =     25    SCF energy =     -779.8978584214   |dE/dxyz| =  0.047562
    0.19675754405564     -0.29366855021383      0.06015681087070      c
   -0.29823361967880     -1.42619724927673     -2.24667866847182      c
   -0.51298286710038     -4.03830443416578     -2.40199217839882      c
   -0.18212963296685     -5.51520675212472     -0.25562051416919      c
    0.29463342716022     -4.36659368258512      2.07283576123249      c
    0.46118335982896     -1.75290599712536      2.23139462860468      c
   -0.55437649349649     -0.19808410350348     -3.88676835166289      h
   -0.95478570335892     -4.92371054732357     -4.22102984236503      h
   -0.32651195467255     -7.55528907062240     -0.39388443303491      h
    0.50498134960723     -5.49377602654793      3.79604425887446      h
    0.75431572815000     -0.84726261416260      4.06076048372677      h
    0.73491691884700      3.16853626591541      0.21483315742709      s
   -0.32880896307062      3.98818887702127     -2.38407887039136      o
   -0.92533349328396      3.89601949243815      2.46210352975822      o
  -.28385668613033D-02  -.46005439499108D-02  -.25889223242568D-02
  0.82407436518583D-03  -.17249705333733D-02  0.26092220314407D-02
  0.10918266913994D-02  0.21503863601839D-02  0.39485956493674D-02
  0.26181724843055D-03  0.11424520853343D-04  -.30431621287188D-02
  0.12150127287192D-02  0.24277013890082D-02  -.97710855768440D-03
  -.87064278226412D-04  0.68544916622848D-03  -.38129248403895D-03
  -.12470985366208D-02  0.21503343425509D-02  -.44310037096690D-02
  -.20413810481970D-02  -.17147188704852D-02  -.60857281482516D-02
  -.10242274177322D-03  0.24234125140188D-03  -.78828310288678D-03
  0.79600099094368D-03  -.14171064087015D-02  0.66565910792047D-02
  -.99716067065936D-04  -.42370632697697D-03  0.52182277803303D-02
  0.22490274693057D-01  -.87221973404052D-02  0.13878484866409D-01
  -.10394258019116D-01  0.75123736965246D-02  -.28040931332216D-01
  -.98684991634119D-02  0.34232326875463D-02  0.14025310383463D-01
  cycle =     26    SCF energy =     -779.8974176937   |dE/dxyz| =  0.056852
    0.24236601035813     -0.29037814094923      0.04903930084811      c
   -0.26917459559368     -1.43131916708164     -2.22204710756825      c
   -0.50420228171569     -4.03941395086827     -2.36538689011887      c
   -0.21960168567153     -5.50748429511380     -0.23947517730460      c
    0.27023942389813     -4.35838675895505      2.03307696968712      c
    0.49931361788657     -1.74759931148176      2.17830955447916      c
   -0.49478409153093     -0.21587964438116     -3.84314773501274      h
   -0.91151650976164     -4.92525017210136     -4.15208408056111      h
   -0.39055627390354     -7.54677408271783     -0.35492721227985      h
    0.45982994579607     -5.49051846934727      3.71396628066011      h
    0.83668538152327     -0.81963639479756      3.96105820241964      h
    0.67649974313891      3.18876757191115      0.21439765861857      s
   -0.37158619159233      3.98265459289055     -2.25118917080566      o
   -0.95988689281127      3.84296383071654      2.38648517893875      o
  -.96469302551583D-04  -.10431815750444D-01  0.13213892383013D-03
  0.57170857950850D-03  0.50560562715898D-02  0.76747070382961D-02
  0.92265251863166D-03  -.60951863062142D-02  0.93344336452850D-02
  0.14985076901277D-02  0.10758921785452D-01  0.33760917243875D-02
  -.28079020310827D-02  -.76417722755142D-02  -.12258830473089D-01
  -.99319429099753D-03  0.78560257203080D-02  -.80636877937552D-02
  0.11490386173320D-02  -.17094767521506D-02  0.49419071977295D-02
  0.13903112158824D-02  0.23888216122041D-02  0.58992355595011D-02
  0.22385213916154D-03  0.31501598335737D-03  0.91447688624763D-04
  -.80452712112637D-03  0.29449696904762D-02  -.56172002225048D-02
  -.92939967037409D-03  -.13894728027406D-02  -.50400802737531D-02
  -.24881708254313D-01  0.12281749115067D-01  -.43709646439578D-02
  0.10018399164691D-01  -.79366671431957D-02  0.25201266534850D-01
  0.14738730748387D-01  -.63971691395732D-02  -.21300464906894D-01
  cycle =     27    SCF energy =     -779.8996988124   |dE/dxyz| =  0.019386
    0.24128291515770     -0.28284198763133      0.04916138375275      c
   -0.26314276924921     -1.42841002931372     -2.25317064242524      c
   -0.50629869577736     -4.03989485133052     -2.39954625388945      c
   -0.22027734205083     -5.51339155977742     -0.24393195463668      c
    0.27886458491044     -4.35927746877175      2.06806295273931      c
    0.50387716640625     -1.74919911556358      2.21133058025510      c
   -0.50047050935278     -0.21084313345034     -3.88777574621280      h
   -0.92712567031085     -4.93179550463828     -4.20153229411047      h
   -0.39731691513691     -7.55296033823381     -0.35842605455884      h
    0.47410276488970     -5.50140584212809      3.76379831181717      h
    0.83825053416310     -0.81808756614762      4.00898640713620      h
    0.69186894979325      3.18169649905730      0.21649680015561      s
   -0.37508056293124      3.99598184214398     -2.32500240469549      o
   -0.97490885049079      3.85217466350848      2.45962468667320      o
  0.16252413675844D-03  0.67481603411856D-04  0.10566046926641D-03
  -.11929517886977D-03  0.47261708846502D-04  -.76229433140362D-03
  -.15801596783505D-03  0.28675313436022D-03  -.65991105710594D-04
  -.58454275976560D-04  -.70491142767004D-03  -.62708491062469D-03
  0.18138106259014D-03  0.32062300589075D-03  0.81558938308213D-03
  0.12311413028659D-03  0.24056321384247D-04  0.50724439251582D-03
  -.18290918709091D-03  0.80980781323348D-04  -.35783580343041D-03
  -.27756819499047D-03  -.94870424121291D-04  -.77520858662550D-03
  0.90294411326131D-04  -.92123907994068D-04  -.54529578720236D-04
  0.13689734430436D-03  -.22339504335860D-03  0.78266924558346D-03
  0.82079977283600D-04  -.88428996252388D-04  0.63084902451926D-03
  0.95358462184514D-02  -.49380534155201D-02  0.11163416981210D-02
  -.33120987410014D-02  0.29811882321720D-02  -.10402053302059D-01
  -.62037957265115D-02  0.23334384195657D-02  0.90866434059533D-02
  cycle =     28    SCF energy =     -779.8999858288   |dE/dxyz| =  0.005765
    0.23739662633120     -0.28270148957627      0.04928522981014      c
   -0.26381008785596     -1.42969536386615     -2.25170392634913      c
   -0.50447428251279     -4.04108625136737     -2.39888789757186      c
   -0.22174527186732     -5.51428157149495     -0.24371736851391      c
    0.27782554760247     -4.36020056406150      2.06647133418812      c
    0.50237423785050     -1.75030596351471      2.20929173167092      c
   -0.49806525071627     -0.21339944978989     -3.88658367218408      h
   -0.91875577390713     -4.93641474587194     -4.19840327597312      h
   -0.40074431111848     -7.55343785344364     -0.35873608913785      h
    0.47325585777415     -5.50259291097287      3.75969112047036      h
    0.83801941847764     -0.81785365899849      4.00472110669075      h
    0.68945468768334      3.18626390880037      0.21558341184973      s
   -0.38424936653754      3.99790268298688     -2.30353703397782      o
   -0.96285643118333      3.85954883889383      2.44460110102813      o
  -.60745339283130D-04  0.60977404677587D-04  -.78413142186484D-04
  -.11708815050882D-03  0.19318413039215D-03  -.34048207679982D-03
  -.19434257864168D-03  0.17370309276821D-03  -.26607849436311D-03
  -.10000541274902D-03  -.49401277119676D-03  -.39449729115226D-03
  0.21105207454308D-03  0.67575388644769D-05  0.63505713423861D-03
  0.18251254902901D-03  0.43236213740888D-04  0.48701569558318D-03
  -.54826500628324D-04  -.38243439143937D-04  0.30369805019692D-05
  -.26733642227605D-04  -.18039489078747D-04  -.26813094763156D-04
  0.24962999039646D-04  -.89468671549131D-05  -.81066123691763D-04
  0.66488545026777D-04  0.64501486978008D-04  0.11522162943045D-03
  -.16529253097475D-04  -.12465356040314D-03  0.96328488234043D-04
  0.29872524721775D-02  -.13627546879791D-02  0.64216333739764D-03
  -.98599321165738D-03  0.85583880232143D-03  -.30809636195208D-02
  -.19160045506474D-02  0.64845216491083D-03  0.22894905797894D-02
  cycle =     29    SCF energy =     -779.9000161989   |dE/dxyz| =  0.000808
    0.23833894089315     -0.28268432291072      0.04812311514890      c
   -0.26174966966128     -1.43086658815363     -2.25237625237768      c
   -0.50206189943459     -4.04196929174791     -2.39896250469512      c
   -0.22217763489463     -5.51386015259271     -0.24304521086272      c
    0.27601364648796     -4.35953438516441      2.06516028214884      c
    0.50219052467221     -1.74989102706177      2.20695199575210      c
   -0.49505155908494     -0.21543274168787     -3.88786269718064      h
   -0.91528489949869     -4.93849753955148     -4.19787016262277      h
   -0.40284735957321     -7.55295060923371     -0.35625411268868      h
    0.46907760912921     -5.50249872873633      3.75800658895554      h
    0.83784049681307     -0.81487498812680      4.00103698311622      h
    0.68709136839344      3.18746037155746      0.21439549201162      s
   -0.39418470673258      3.99829553214849     -2.29429390286410      o
   -0.95356925748865      3.85905007898471      2.44506615815886      o
  0.11569812783163D-03  -.10279986005557D-04  0.20900751058761D-03
  -.15111915632082D-03  0.11248250095497D-03  -.14094259449160D-03
  -.11648267928799D-03  0.13682395539760D-03  -.58772034588817D-04
  0.34570353080743D-05  -.70423036073741D-04  0.35379690248805D-04
  0.52642853437312D-04  -.11054682897349D-03  -.10306575644492D-04
  0.10623927530373D-03  -.32016361206644D-04  0.32200231423474D-05
  -.85716555310311D-05  -.35588154437605D-04  0.79021702398874D-04
  -.11376570305144D-04  -.21801579892955D-04  0.74346877781295D-04
  0.17806581017910D-04  0.75543319892901D-05  -.26057070237340D-04
  0.32978998125599D-04  0.22785811941706D-04  -.28981525254324D-04
  -.30414741380991D-05  0.38026982216444D-05  -.28356770516602D-04
  0.24538152538511D-03  -.15837812570041D-03  0.10869222998355D-03
  0.10235436790262D-03  0.41670468775123D-04  -.38935699000042D-03
  -.38596722638928D-03  0.11391430639662D-03  0.17310552584604D-03
  cycle =     30    SCF energy =     -779.9000214144   |dE/dxyz| =  0.000922
    0.23858297410627     -0.28260469698911      0.04684444993796      c
   -0.26004940160266     -1.43156037870290     -2.25336216668665      c
   -0.50047695176446     -4.04272307029195     -2.39938373692409      c
   -0.22263333128192     -5.51373312128776     -0.24286147263852      c
    0.27477558174656     -4.35887750046474      2.06493458672006      c
    0.50153630101078     -1.74937238698741      2.20594430360359      c
   -0.49276354619403     -0.21660192941388     -3.88938571103923      h
   -0.91243685400420     -4.93970587312411     -4.19834591622064      h
   -0.40433428550625     -7.55280646423975     -0.35502890807004      h
    0.46677810551354     -5.50153193318810      3.75813276358507      h
    0.83645921091771     -0.81343592452569      3.99979239558658      h
    0.68676538671162      3.18782422008350      0.21289093017677      s
   -0.40301469592301      3.99860552665498     -2.29012469721018      o
   -0.94556289370948      3.85826914020025      2.44802895117968      o
  0.93665756017991D-04  -.10745628953757D-04  0.13375189725018D-03
  -.12066609732542D-03  0.10143165469589D-03  -.17181088963980D-04
  -.99898967701240D-04  0.72949482903262D-04  0.25977748322248D-04
  0.61656633276730D-06  0.50341573464507D-04  0.61295280996299D-04
  0.31057689148906D-04  -.10121814794939D-03  -.12194739886695D-03
  0.96851809299414D-04  -.97566761511736D-04  -.10290903040722D-03
  -.37692151478863D-05  -.52152647134207D-06  0.72257811004173D-04
  0.61721548894056D-06  -.20342488500580D-04  0.74902310940317D-04
  0.70742544992231D-05  0.53543639326747D-05  -.51475803188872D-05
  0.38317079047001D-04  0.97856591128043D-05  -.35938697990012D-04
  0.41809477471233D-05  0.32540645318324D-04  -.13495919154671D-04
  -.42339648399548D-03  0.19232353909082D-03  -.19076228085169D-04
  0.37469504600196D-03  -.20292178845871D-03  0.36437202103912D-03
  0.65440062613220D-06  -.31410563273937D-04  -.41686112497530D-03
  cycle =     31    SCF energy =     -779.9000264091   |dE/dxyz| =  0.002616
    0.23836660720506     -0.28248751878865      0.04484757353655      c
   -0.25766118999005     -1.43275525561412     -2.25505519047183      c
   -0.49775948397539     -4.04402515192024     -2.40021252151055      c
   -0.22283479646669     -5.51368667867538     -0.24268749721504      c
    0.27259320580791     -4.35783376686862      2.06467527762477      c
    0.49963817124410     -1.74843091114844      2.20453213381167      c
   -0.48941665181116     -0.21879377353003     -3.89208377940895      h
   -0.90772686693541     -4.94181749063650     -4.19924139324035      h
   -0.40553713017741     -7.55277423564131     -0.35338632795700      h
    0.46271715675309     -5.49991226697781      3.75851782754272      h
    0.83295705685335     -0.81097545684307      3.99800493997498      h
    0.68675065692407      3.18823799246114      0.21012907091849      s
   -0.41815348621118      3.99943500446141     -2.28374124648118      o
   -0.93030764919982      3.85756511744495      2.45377690487607      o
  0.60045001637477D-04  -.17010728212696D-04  0.55051879533252D-04
  -.86084935297048D-04  0.80528716655870D-04  0.13781081304032D-03
  -.73916862939782D-04  0.40862322889801D-05  0.12401958777630D-03
  0.23504710442435D-05  0.19155802612936D-03  0.82894863390304D-04
  0.10546063399008D-04  -.83890381350038D-04  -.25128663171259D-03
  0.82116779009822D-04  -.17233651884041D-03  -.22930237255325D-03
  0.42685104792162D-05  0.39230055887796D-04  0.54592391982355D-04
  0.82376861164635D-05  -.22783971685689D-04  0.69457139356910D-04
  -.72898533348131D-05  0.17263471856488D-05  0.20902902832964D-04
  0.42011743773662D-04  -.89446189494580D-05  -.40696984333621D-04
  0.14995146585983D-04  0.68121652042397D-04  0.12064707872739D-05
  -.13338467874817D-02  0.65683971500541D-03  -.40124290565657D-05
  0.70824992869234D-03  -.49314211177709D-03  0.12595700665941D-02
  0.56831711313521D-03  -.24398240147150D-03  -.12802076965990D-02
  cycle =     32    SCF energy =     -779.9000422000   |dE/dxyz| =  0.003269
    0.23815219797585     -0.28222833191123      0.04085036757882      c
   -0.25322332257260     -1.43497942000433     -2.25886542272583      c
   -0.49256680497367     -4.04645815338953     -2.40213940338868      c
   -0.22265549515516     -5.51371889231164     -0.24244811472639      c
    0.26816792832619     -4.35560651444888      2.06464284293111      c
    0.49534763072990     -1.74620689599895      2.20235058377645      c
   -0.48350094702786     -0.22306220112437     -3.89773055265366      h
   -0.89896575534560     -4.94544650285803     -4.20146811250036      h
   -0.40628748796692     -7.55290953040953     -0.35047014016131      h
    0.45421109891213     -5.49636785799867      3.75995243243017      h
    0.82450293879119     -0.80576578073646      3.99515736709148      h
    0.68795581114698      3.18816204654650      0.20401709843712      s
   -0.44847869284687      4.00111588646352     -2.27437675942016      o
   -0.89903349997310      3.85521775590493      2.46860358533161      o
  0.22827834896155D-04  0.19343188451870D-04  -.27649066979052D-04
  -.63044811080548D-04  0.33395662305757D-04  0.21685356947643D-03
  -.52395265858873D-04  -.64365602247651D-04  0.18968712455347D-03
  -.53831376831681D-05  0.27667495851702D-03  0.61750751558898D-04
  0.10756811010371D-04  -.31419201963701D-04  -.29477987004256D-03
  0.73659831991035D-04  -.26631919623821D-03  -.30780785419759D-03
  0.72755389639023D-05  0.82314151055307D-04  0.24723244219871D-04
  0.11191092362361D-04  -.74456726054106D-05  0.24073656233359D-04
  -.21114013321666D-04  -.11704508218524D-04  0.64831915038102D-04
  0.45267124505727D-04  -.43693016239188D-04  -.22985920335339D-04
  0.27767199757056D-04  0.10574461677992D-03  0.36127057674307D-04
  -.16671247970947D-02  0.83881822331100D-03  0.11609590375983D-03
  0.82794270110043D-03  -.61247550391030D-03  0.15323467980686D-02
  0.78237389113589D-03  -.31886809471615D-03  -.16132673096436D-02
  cycle =     33    SCF energy =     -779.9001653412   |dE/dxyz| =  0.005866
    0.23149917843412     -0.27963690949641      0.00228467010059      c
   -0.21383289872172     -1.45659858110394     -2.29600673335476      c
   -0.44180210422342     -4.07012065451716     -2.42049089216944      c
   -0.21689900948441     -5.51476455012415     -0.24059002565984      c
    0.22348909968748     -4.33342713669605      2.06475739687090      c
    0.44669897566046     -1.72303516763252      2.18240997864870      c
   -0.43074149497672     -0.26635619163723     -3.95267376691375      h
   -0.81306923730007     -4.98178358653982     -4.22151817709091      h
   -0.40231947663961     -7.55511753965322     -0.32566371583931      h
    0.37000672827107     -5.46008535946707      3.77407499169653      h
    0.73116415448177     -0.75393496697820      3.96792739663690      h
    0.69776268910054      3.18580975092625      0.14179651366407      s
   -0.74180228137859      4.01996063700205     -2.16588223490790      o
   -0.57652872289044      3.83083586364080      2.59765037031860      o
  -.26200039135382D-03  0.44090757323945D-03  -.70357001056109D-03
  0.10175170162752D-03  -.20840822068813D-03  0.37182006217318D-03
  0.12601497178344D-03  -.64387442052727D-03  0.58699670419315D-03
  -.10559747215649D-03  0.60758496913094D-03  -.40391677412699D-03
  0.15168896036388D-03  0.43997543734164D-03  -.18236747769196D-03
  0.77702176955796D-04  -.79761212439511D-03  -.45274978840482D-03
  -.49496657708537D-04  0.32645753424920D-03  -.52235765987119D-04
  0.13507217584863D-04  0.15862273095643D-03  -.28973515435959D-03
  -.11477092166098D-03  -.90527521013906D-04  0.38577621549463D-03
  0.39268052388297D-04  -.25276451681755D-03  0.76041938425142D-04
  -.59480051570748D-05  0.21393214735488D-03  0.20200239056090D-03
  -.27569377937873D-02  0.13437749012031D-02  0.19292086497202D-02
  0.11804687062487D-02  -.98927121906200D-03  0.16159403918614D-02
  0.16043494562705D-02  -.54879728012658D-03  -.30832113821475D-02
  cycle =     34    SCF energy =     -779.9001948660   |dE/dxyz| =  0.005035
    0.22895200044055     -0.27739658706322     -0.02961635770728      c
   -0.18215027206056     -1.47368737986962     -2.32600188724940      c
   -0.40322789259091     -4.08801582112563     -2.43354619939103      c
   -0.21504484141904     -5.51452657615286     -0.23746457652576      c
    0.18622312445853     -4.31423711066287      2.06449312272236      c
    0.40990436286701     -1.70293492205600      2.16491922698052      c
   -0.38636362239043     -0.30184222138727     -3.99693960518945      h
   -0.74475379425305     -5.01091889384647     -4.23457869352946      h
   -0.39953411791793     -7.55565887226857     -0.30552430799604      h
    0.30249792461506     -5.42885465720765      3.78415283865954      h
    0.66231968085441     -0.70962478644430      3.94192732494810      h
    0.69648370759552      3.18477910967801      0.09288219448099      s
   -0.96847110834991      4.03500832107791     -2.05208002661075      o
   -0.32320955182879      3.79965600505186      2.67545271840804      o
  -.31414223209136D-03  0.96376098484874D-03  -.99366984328420D-03
  0.17592277962053D-03  -.42112356410406D-03  -.88514006835183D-05
  0.22078901681755D-03  -.92664220259753D-03  0.73966924672053D-03
  -.23526503107787D-03  0.67271388731571D-03  -.48135017086115D-03
  0.19050607625504D-03  0.65658602333230D-03  -.92731990320338D-04
  0.15276073038839D-03  -.10340276668115D-02  -.35672035098600D-03
  -.16804580755542D-03  0.43976441490357D-03  0.97739729426394D-04
  0.87384487095943D-04  0.34580980672161D-03  -.38144652371686D-03
  -.12379988526209D-03  -.11455347926148D-03  0.58218254472275D-03
  0.28425326192530D-04  -.35194161488294D-03  0.39499907025231D-04
  -.13536472427411D-03  0.24725538392589D-03  0.21340019372751D-03
  -.22940855969296D-02  0.10202993364281D-02  0.13331413306847D-02
  0.12746732220208D-02  -.11227294285376D-02  0.13075775928382D-02
  0.11402416359001D-02  -.37517190541614D-03  -.19984402656332D-02
  cycle =     35    SCF energy =     -779.9002193034   |dE/dxyz| =  0.001741
    0.23103009513406     -0.27881866414908     -0.02266954689883      c
   -0.18940749985631     -1.47016855550138     -2.31989856970144      c
   -0.41512839189342     -4.08321762345231     -2.43004194073522      c
   -0.21772689436131     -5.51506758976561     -0.23736643282455      c
    0.19100047914461     -4.31839471620914      2.06593141380515      c
    0.41679640083468     -1.70631188157267      2.16975145669334      c
   -0.38850035280931     -0.29729228066007     -3.99048670393325      h
   -0.76315716412901     -5.00656897337044     -4.22936201160514      h
   -0.39556429235153     -7.55617821788410     -0.31491793228179      h
    0.31663365464080     -5.43368590011950      3.78410439375528      h
    0.68420267808201     -0.71913108212802      3.94738164231886      h
    0.69867525072210      3.18546582855276      0.10253988114576      s
   -0.92191517108697      4.03908383036704     -2.07996601255148      o
   -0.38331319204994      3.80203143361583      2.66307613481368      o
  -.13323710992186D-03  0.24462726438124D-03  -.46747466694352D-03
  -.21534701014625D-04  -.38947679414880D-03  -.30156425557371D-04
  0.46552083499907D-04  -.23509815376510D-03  0.35923057752707D-03
  -.19996131399297D-03  0.84869012389799D-04  -.38465919839048D-03
  -.14529583053535D-04  0.37143759535763D-03  0.14911366537040D-03
  -.78711163489231D-05  -.33958990217578D-03  -.81854423613414D-04
  0.48444826945881D-04  0.22226625106292D-03  -.18128942071538D-04
  0.44545744135038D-04  0.20083083754741D-03  -.19624038427457D-03
  0.51774785583616D-04  -.47067310555482D-04  0.27126392929626D-03
  0.50756281753939D-04  -.18768378249628D-03  0.19016524090754D-04
  0.11722942513201D-03  0.13218644352531D-03  0.96637080546191D-04
  -.24823828438869D-03  0.21348327770898D-03  0.96576383228442D-03
  -.17355751870340D-04  -.15723006517998D-03  0.29599049646833D-05
  0.28342471441256D-03  -.11355465635621D-03  -.68547147392550D-03
  cycle =     36    SCF energy =     -779.9002230840   |dE/dxyz| =  0.001026
    0.23054428827510     -0.27891263607454     -0.02328657297199      c
   -0.18850817592876     -1.47070265209379     -2.32105150183323      c
   -0.41224054092324     -4.08378791060710     -2.43069001289663      c
   -0.21415633367477     -5.51560143028955     -0.23752168878723      c
    0.19001534575350     -4.31820036850773      2.06586410164232      c
    0.41289449870319     -1.70531451487399      2.16960822657155      c
   -0.38875024990744     -0.30070549301414     -3.99295465771266      h
   -0.76093377037998     -5.00966912772538     -4.22841106424606      h
   -0.39217470546025     -7.55650761909735     -0.31716260930575      h
    0.31172148872254     -5.43168012853745      3.78514618102425      h
    0.67355594720535     -0.71711457300264      3.94713648803153      h
    0.70022278001235      3.18510765599656      0.09764984598014      s
   -0.93524114029924      4.04283662970304     -2.07344255787973      o
   -0.36332383207789      3.80199777584738      2.66719159438386      o
  0.25000618963489D-04  0.84350169061498D-04  -.35432651015910D-04
  -.66765710655892D-04  -.11922227036165D-03  -.15684090778478D-03
  0.37097398138508D-04  -.98893841125047D-04  0.12446352141637D-03
  -.68666179951604D-04  -.54782467212355D-04  -.20400902702677D-03
  0.47256152285291D-04  0.15259812852442D-03  0.13319183811555D-03
  0.18529936752776D-04  -.83658049886415D-04  0.13142275822275D-04
  0.16984870570169D-04  0.29632222838583D-04  0.30423383442502D-04
  0.90466293772296D-05  0.10930175814028D-03  -.81675303368778D-04
  -.75902341672984D-06  -.25103591219100D-05  0.15388946909897D-03
  -.17846062646543D-05  -.87082631373026D-04  -.35288834117075D-04
  0.46926563019856D-05  0.44844671170496D-04  -.31590579615326D-04
  0.19240973158574D-03  -.11379007767331D-03  0.67736896920279D-03
  -.30054293345749D-03  0.14740869934160D-03  -.38444007416061D-03
  0.87500459123646D-04  -.81959540585430D-05  -.20320208042435D-03
  cycle =     37    SCF energy =     -779.9002238374   |dE/dxyz| =  0.000422
    0.23096761250466     -0.27903679272088     -0.02140072099499      c
   -0.19015446014289     -1.46945757876001     -2.31926572903017      c
   -0.41467414957350     -4.08242734746862     -2.42980268552330      c
   -0.21393639231548     -5.51540919389218     -0.23763348859449      c
    0.19187878322311     -4.31928867781623      2.06591066775168      c
    0.41457295141527     -1.70630215607846      2.17075818738301      c
   -0.39110192232115     -0.29887817317554     -3.99061188594457      h
   -0.76524480659133     -5.00875135755661     -4.22681443946929      h
   -0.39158635899288     -7.55622413348790     -0.31995724069794      h
    0.31538572087088     -5.43267977307530      3.78499931837617      h
    0.67677136867583     -0.71998706403447      3.94903750339991      h
    0.70068766471559      3.18492310126238      0.09933628011117      s
   -0.92291880511767      4.04192797065072     -2.08004693295680      o
   -0.37702160632997      3.80333678387643      2.66356693818996      o
  0.39425287374772D-04  -.11954802428216D-04  0.23999956684229D-05
  -.40932491968126D-04  -.35263697837351D-05  -.68515349861409D-04
  -.17287359265095D-04  -.44228568524596D-04  0.44744326237911D-04
  -.12957486859366D-04  -.33784810974602D-04  -.84348310999349D-04
  0.83431615544027D-05  0.38071537267648D-04  0.58468268404610D-04
  0.13576575924601D-05  0.14388643948315D-04  0.20651516663861D-04
  0.23325487754633D-04  -.14892274841194D-04  0.20287262565810D-04
  0.76064911660456D-05  0.55203203371490D-04  -.10292221373609D-04
  0.14268795288791D-05  0.90179352589814D-05  0.62071820780996D-04
  0.31519969903582D-05  -.26173513634431D-04  -.37905479976064D-04
  0.16780332204841D-04  0.59212017671229D-05  -.26283274725536D-04
  0.20053757944005D-03  -.13404100900138D-03  0.63069479441791D-04
  -.14539046315676D-03  0.88824059822024D-04  -.15876566910578D-03
  -.85387067495724D-04  0.57174770414115D-04  0.11441763548348D-03
  cycle =     38    SCF energy =     -779.9002241396   |dE/dxyz| =  0.000262
    0.22933267850129     -0.27893816929839     -0.02241577197403      c
   -0.18972022386542     -1.47008786877711     -2.32026399630866      c
   -0.41296701892686     -4.08312443252535     -2.43032551959012      c
   -0.21280910668960     -5.51554840347165     -0.23767214686253      c
    0.19010220131193     -4.31870911699195      2.06593706079633      c
    0.41134724812549     -1.70546616273168      2.17033949115223      c
   -0.39044117341415     -0.30064657315519     -3.99246123066389      h
   -0.76232302141371     -5.01074789608144     -4.22692776433277      h
   -0.38909753781115     -7.55646183422418     -0.32073272363689      h
    0.31258427493870     -5.43101389889547      3.78583184476482      h
    0.67140470988227     -0.71860761277891      3.94861592723660      h
    0.70132374693482      3.18471081425281      0.09659633563808      s
   -0.93217034733694      4.04317143033342     -2.07458568848328      o
   -0.36294083021620      3.80321533206841      2.66613995426445      o
  -.25023402869806D-05  -.37555904315312D-04  -.19662771174822D-04
  -.45637006440558D-05  0.38795208629594D-04  -.77664095048391D-05
  -.15710818612291D-04  -.97284363320682D-05  0.12610826966686D-04
  0.10420960078972D-04  -.23262461368745D-04  -.52722842441177D-04
  0.92528613219178D-05  -.86200974891426D-06  0.32774448564865D-04
  0.22339342431454D-05  0.60139702499074D-04  0.46447207392442D-04
  0.58916511131990D-05  -.29744659901354D-04  0.22063544191653D-06
  -.56937158030568D-05  0.12227997554959D-04  0.37707266224984D-05
  0.10474660505078D-05  0.86361374034283D-05  0.88792740723931D-05
  0.16837275634007D-05  0.31037203320761D-05  -.10412105473812D-04
  -.27315503153824D-06  -.20445377207690D-04  -.13014053715565D-04
  0.11825795583675D-03  -.78115625610664D-04  0.80008409595322D-04
  -.10157791900944D-03  0.57329798905492D-04  -.10519458490421D-03
  -.18466903602743D-04  0.19481904860896D-04  0.24061241759910D-04
  cycle =     39    SCF energy =     -779.9002241884   |dE/dxyz| =  0.000041
    0.22953892041942     -0.27891465178182     -0.02208380824209      c
   -0.19000695001719     -1.46991484530241     -2.31994805437029      c
   -0.41323255262278     -4.08293069091405     -2.43021134258869      c
   -0.21294107157448     -5.51552285814635     -0.23762015592106      c
    0.19048661750849     -4.31894256419534      2.06590187484114      c
    0.41201888405614     -1.70575267037417      2.17038513687914      c
   -0.39128883379505     -0.30006612544710     -3.99184580540094      h
   -0.76279727273064     -5.01048886568939     -4.22682460978957      h
   -0.38939866230736     -7.55643883486771     -0.32085852180415      h
    0.31313876920024     -5.43134782477338      3.78574758780492      h
    0.67239467392434     -0.71896185036798      3.94872048572458      h
    0.70121965135151      3.18484876551327      0.09714927791475      s
   -0.92954541126533      4.04277291080977     -2.07585114811192      o
   -0.36596116212684      3.80340571326000      2.66541485506452      o
  0.12129732755994D-05  -.15777559390528D-04  0.55539625556378D-05
  -.36878337135171D-05  0.10144712765836D-04  0.50570855592014D-06
  -.66865792072157D-05  0.21429995582523D-05  -.23007808724884D-06
  0.57496353977893D-05  0.20886717724267D-05  0.82561343470733D-05
  0.24542165533159D-05  -.85919288066449D-05  -.11542493788319D-04
  0.55711023597138D-05  0.17676604384675D-04  0.17418362674437D-05
  -.33245314829677D-05  -.13041524198787D-04  -.20828628821690D-05
  -.37499657515871D-05  0.77329802542492D-05  -.37189161350426D-06
  -.89802027894437D-06  0.11620404958279D-05  0.72169906672748D-05
  0.29233411464324D-05  -.24343337994281D-05  -.37886492822992D-05
  0.11186875196745D-05  -.11914616706576D-05  -.44527233755698D-05
  0.60696439057040D-05  -.76601686842537D-05  -.40222888810781D-05
  -.83270630923948D-06  0.56611189336309D-06  -.12537462268369D-05
  -.59199643631658D-05  0.71828470789015D-05  0.44701039279005D-05
  cycle =     40    SCF energy =     -779.9002241977   |dE/dxyz| =  0.000076
    0.22953391528373     -0.27885978567395     -0.02274646721296      c
   -0.18933581684555     -1.47026038495145     -2.32054094494452      c
   -0.41246194395554     -4.08330581047610     -2.43046030971025      c
   -0.21301872420754     -5.51552198729155     -0.23754429055557      c
    0.18967400828518     -4.31855747590225      2.06591468106381      c
    0.41133634773377     -1.70537473455282      2.16999781989748      c
   -0.39029317784519     -0.30068731990222     -3.99268976848224      h
   -0.76136501307731     -5.01117231276539     -4.22704322260460      h
   -0.38944762500728     -7.55645654325255     -0.32051405464664      h
    0.31176749677162     -5.43066615279555      3.78599617959936      h
    0.67128689489282     -0.71811141427718      3.94815228505643      h
    0.70106213559281      3.18491611241647      0.09615055915141      s
   -0.93409257799862      4.04310323323620     -2.07336786305246      o
   -0.36102031960243      3.80270018391168      2.66677116844108      o
  0.21719162068834D-05  0.10781660009229D-05  -.67255434839097D-05
  0.68101906902651D-06  0.68720564749825D-06  0.31330271044183D-05
  -.10982663103953D-05  -.86823860787621D-05  0.45036396614240D-05
  -.22319517984370D-05  0.33601054374444D-05  0.16185379045908D-05
  -.28524883882719D-06  0.18484513466532D-05  -.23880312802760D-05
  0.18286742818896D-05  0.38173640520833D-06  -.75506631791455D-06
  -.42152987860256D-05  -.26848954512992D-05  -.12154015303079D-05
  0.13999354511185D-05  0.51357812635988D-05  -.11605380718649D-05
  0.30343755740014D-06  -.92191187128776D-06  0.87825680871213D-05
  0.14459495063304D-05  -.10771821626343D-05  -.14830324341908D-05
  0.12546746883391D-05  0.30389818550525D-05  -.72191604294503D-06
  -.78125261175899D-05  0.13886833478693D-05  -.60872212824137D-04
  0.48802168404194D-05  -.58866667789204D-05  0.25838355588448D-04
  0.16774757698457D-05  0.23339316648219D-05  0.31445614929737D-04
  cycle =     41    SCF energy =     -779.9002241970   |dE/dxyz| =  0.000027
    0.22945661681143     -0.27888887558757     -0.02229896241008      c
   -0.18982017552887     -1.47002650598353     -2.32013165637707      c
   -0.41297487609471     -4.08306996983563     -2.43029228320979      c
   -0.21296495847280     -5.51554045718317     -0.23761051351155      c
    0.19018483699906     -4.31882698848955      2.06592970320015      c
    0.41171370270150     -1.70564521070786      2.17027003231462      c
   -0.39097490944471     -0.30021523363981     -3.99209524214385      h
   -0.76231300422552     -5.01079397002780     -4.22687135543210      h
   -0.38933727408783     -7.55646738766657     -0.32085084806918      h
    0.31272166023859     -5.43108528578694      3.78588436670454      h
    0.67202086384137     -0.71874330164036      3.94856782925364      h
    0.70118846438654      3.18488983991158      0.09680231197035      s
   -0.93102301441990      4.04293954458353     -2.07504772197821      o
   -0.36425233268368      3.80321940977702      2.66582011168886      o
  -.25395610636636D-05  -.68862044031448D-05  -.58253800929720D-05
  -.12536129141427D-05  0.76352852680373D-05  0.76112091864644D-05
  -.46414074403867D-05  -.47572868959733D-05  0.39220443142085D-05
  0.89619554655140D-06  0.33238068830599D-06  -.64954777918569D-05
  0.36525701123669D-05  -.11783321340886D-06  0.17626254846803D-05
  0.17720642584429D-05  0.52175613882710D-05  0.10796726446216D-05
  -.42395180708810D-05  -.29515069859265D-05  -.27910131781828D-05
  -.63390205359282D-05  0.34881114885921D-05  -.30403860495909D-06
  0.40115440448629D-06  -.12528221171593D-06  0.20110440798332D-05
  0.64224409815905D-05  -.10002946220222D-05  -.35014704824476D-06
  0.46405844927877D-05  -.27078800124980D-05  0.67395841840678D-06
  0.11200037306480D-05  0.68654095741749D-07  0.91303041429569D-05
  0.59536929732928D-05  -.17153474516363D-05  -.30800167678535D-05
  -.58455850862060D-05  0.35196095300449D-05  -.73447875230670D-05
  cycle =     42    SCF energy =     -779.9002241906   |dE/dxyz| =  0.000056
    0.22944790486902     -0.27887592265620     -0.02251396861518      c
   -0.18960139069464     -1.47014727695611     -2.32034156770541      c
   -0.41270390646123     -4.08319033757155     -2.43038330350818      c
   -0.21296087419052     -5.51553884434273     -0.23758144944230      c
    0.18990960871032     -4.31869959164070      2.06592945772333      c
    0.41147306207450     -1.70551186132707      2.17013953107208      c
   -0.39064382171471     -0.30045980996703     -3.99240209407456      h
   -0.76182330308259     -5.01103823563606     -4.22694094992688      h
   -0.38931492560821     -7.55647027996774     -0.32074480003104      h
    0.31220303891417     -5.43085867325301      3.78596568232265      h
    0.67159265539332     -0.71842363129150      3.94836240251979      h
    0.70114755585197      3.18490561606452      0.09646387558294      s
   -0.93262839113688      4.04305782693103     -2.07417527649388      o
   -0.36247161290405      3.80299662933749      2.66629823257697      o
  -.32892553836206D-06  -.36096164173216D-05  0.55509452745461D-06
  -.85827148721407D-07  0.45949365414799D-05  -.16388551760116D-05
  0.20466147265807D-06  -.37572671571784D-05  0.75386678499711D-06
  0.62378344689584D-06  -.10428495045289D-06  0.84505799557988D-06
  -.54819556671859D-06  0.20463187309083D-05  0.12415720096470D-05
  0.40363231090801D-06  0.76611967925189D-06  -.34910583863734D-05
  -.15287640021677D-05  -.71752893928689D-05  -.22535737511653D-05
  0.21083738720451D-05  -.28926572541721D-05  0.18667780961046D-05
  0.13301579130931D-05  -.29320479821848D-06  0.71974532157779D-05
  -.22145841610532D-05  0.37411708871948D-05  0.39942879546118D-05
  0.65096483953253D-07  0.45196130953329D-05  -.37803554231441D-06
  -.51252995731943D-05  0.36510896865849D-05  -.42475336154091D-04
  -.11595598060410D-04  0.32421711035902D-05  0.19345558929018D-04
  0.16691486041776D-04  -.47291034084296D-05  0.14437193533112D-04
  cycle =     43    SCF energy =     -779.9002241667   |dE/dxyz| =  0.000068
    0.22949105977325     -0.27888326723268     -0.02236437554804      c
   -0.18972605383458     -1.47006495195800     -2.32020053165592      c
   -0.41287721183464     -4.08310326575605     -2.43032447056255      c
   -0.21298013475643     -5.51553435095885     -0.23759704894228      c
    0.19009540723487     -4.31878651039377      2.06593092818320      c
    0.41167283158099     -1.70560640548878      2.17022613905236      c
   -0.39085774096957     -0.30026874092729     -3.99217661045660      h
   -0.76214884307326     -5.01087834516283     -4.22689137116059      h
   -0.38937595986935     -7.55645989708113     -0.32081989395507      h
    0.31253057267294     -5.43101546498869      3.78591020892094      h
    0.67192879480234     -0.71862868361031      3.94848951030377      h
    0.70115766975321      3.18490266040558      0.09669752436659      s
   -0.93156982657391      4.04293935076528     -2.07477975020371      o
   -0.36371496488539      3.80313348011085      2.66597551365823      o
  0.11237476735815D-05  -.39590072020701D-05  0.10338853202896D-04
  -.73798359803146D-05  0.17006498821637D-04  -.44498500546553D-05
  -.67150062579291D-05  -.42734921583687D-05  0.31851491160140D-05
  -.19761792150463D-05  0.52432003272429D-06  -.58866177334860D-05
  0.76699333402264D-05  0.23431989935041D-05  0.16214281863824D-05
  0.66704802283157D-05  -.11963237610768D-04  -.10234633837314D-04
  -.52773007153117D-05  -.19190944566816D-05  0.53332919986993D-05
  -.12111792073721D-04  0.60680560903803D-05  0.27034557943395D-05
  -.23623870176737D-05  0.26262002927879D-06  -.30977980972069D-06
  0.13271533630288D-04  -.50971134215594D-05  -.91928770373784D-07
  0.79037838263685D-05  -.12778864588725D-05  0.54222392507075D-05
  0.12375104461171D-05  0.24787546184513D-05  0.52367305733991D-05
  0.37120158619786D-04  -.64648840227832D-05  -.10277516281576D-04
  -.39174646338402D-04  0.62712446267099D-05  -.25908208129977D-05
  cycle =     44    SCF energy =     -779.9002241991   |dE/dxyz| =  0.000023
    0.22947138706161     -0.27888200853452     -0.02239390520590      c
   -0.18970065050849     -1.47008718163010     -2.32022952273225      c
   -0.41283260733092     -4.08312425565206     -2.43034054998903      c
   -0.21296946331345     -5.51553666748308     -0.23759562636233      c
    0.19004398134561     -4.31876770297887      2.06593004798717      c
    0.41161040162601     -1.70558377209414      2.17021184502375      c
   -0.39081439935773     -0.30030906225138     -3.99222237892486      h
   -0.76206303612105     -5.01091590604956     -4.22690807268517      h
   -0.38934340501809     -7.55646457670736     -0.32080900432385      h
    0.31244473067961     -5.43098518256353      3.78591870167059      h
    0.67183425263544     -0.71857918005727      3.94846364719263      h
    0.70115996479223      3.18490160876417      0.09663766759760      s
   -0.93183953212961      4.04294901237979     -2.07463547740497      o
   -0.36337602434069      3.80313048258124      2.66604840015694      o
  -.12388049519529D-05  -.23579198797918D-05  -.44936762328973D-05
  0.52683702733702D-07  -.28730827685841D-05  0.70989443639036D-05
  -.24716196955765D-05  -.10875432359114D-05  0.13630026245437D-05
  0.10215979980854D-05  -.12591461695521D-06  -.11409268898532D-05
  0.13610210767290D-05  -.34798619630294D-06  0.25708555195791D-06
  0.70199922297398D-06  0.61657441533525D-05  0.48188284971218D-05
  -.45485408498580D-05  -.14125558540634D-05  -.36292172894137D-05
  -.35458068716743D-05  0.12551292489782D-05  -.18484151751430D-05
  0.12561066730782D-05  -.19182658661521D-06  0.18155536900821D-05
  0.27776249654776D-05  -.11822006040774D-06  -.15026339816870D-05
  0.34027144094617D-05  -.44439229224258D-06  -.26262401064958D-05
  0.15255749019616D-06  0.71583920657758D-06  0.10565484581448D-04
  -.68688775112236D-05  -.72491780578332D-06  -.32030728789323D-05
  0.79473443754807D-05  0.15476761259237D-05  -.74747158826938D-05
  cycle =     46    SCF energy =     -779.8998044134   |dE/dxyz| =  0.000199
    0.22956511611755     -0.27887600029973     -0.02244288515523      c
   -0.18962587856973     -1.47008561027239     -2.32027339480604      c
   -0.41281551468981     -4.08312610014908     -2.43034090652442      c
   -0.21302940676410     -5.51551911806406     -0.23757335057373      c
    0.19005867219460     -4.31874550076969      2.06592863223053      c
    0.41171064341065     -1.70557458355100      2.17016256590010      c
   -0.39072938786852     -0.30031190704517     -3.99226323182653      h
   -0.76205182163784     -5.01094552902833     -4.22688711667498      h
   -0.38951121079422     -7.55643899147282     -0.32076501430859      h
    0.31243449481350     -5.43093119890077      3.78594127157922      h
    0.67192897982376     -0.71853980048627      3.94840398932039      h
    0.70110603712655      3.18491277393836      0.09665135216567      s
   -0.93191220330135      4.04296717768931     -2.07457769652324      o
   -0.36350291984058      3.80295999613498      2.66611155719718      o
  -.18835773697726D-04  0.67609255705852D-04  0.59191754371059D-05
  0.73442444821353D-05  -.33586094360678D-05  -.45688598360426D-05
  -.68622686210775D-05  -.44352100051982D-04  -.69199557218732D-04
  -.36070945230188D-05  -.42229127564018D-04  0.35917470264917D-06
  0.16058445935326D-04  -.47109523068467D-04  0.62639395042523D-04
  0.13274860128065D-04  -.83048414000423D-05  -.26782712818189D-06
  -.86966943738456D-05  -.32416828542201D-04  0.35764968935648D-04
  0.35216431998053D-05  0.29303035583655D-04  0.58010284486376D-04
  0.87701803040989D-06  0.69635199342111D-04  0.58227373393865D-05
  -.39404419511346D-05  0.34059923057106D-04  -.53458312359117D-04
  -.11605224549256D-04  -.25484418967742D-04  -.36762753245628D-04
  0.21071242414683D-04  0.10200753165846D-04  -.17152136717866D-04
  0.85135766358935D-06  -.59799668634952D-05  0.24112869175558D-04
  -.94511397752961D-05  -.15735683434048D-05  -.11219283811592D-04
  cycle =     47    SCF energy =     -779.8998044051   |dE/dxyz| =  0.000068
    0.22969351083752     -0.27902170899490     -0.02250969708609      c
   -0.18966458399897     -1.47005283802695     -2.32036509189525      c
   -0.41298986289845     -4.08307102539772     -2.43033093205724      c
   -0.21321533505960     -5.51547024617050     -0.23754670739302      c
    0.18980143291433     -4.31863867866635      2.06596656949465      c
    0.41160029835772     -1.70547807563670      2.17023267464739      c
   -0.39037943803140     -0.30013765550136     -3.99244069000434      h
   -0.76198639785573     -5.01098921577911     -4.22705234591431      h
   -0.38932384182970     -7.55657890732166     -0.32077670431830      h
    0.31242590630168     -5.43093764664961      3.78607420105339      h
    0.67218203884613     -0.71834282153529      3.94848428492165      h
    0.70098777207856      3.18482979663090      0.09664097774209      s
   -0.93222432383828      4.04280632034488     -2.07455452795276      o
   -0.36328157580336      3.80282831042772      2.66625376076247      o
  0.26138899394686D-04  -.16058284302831D-04  -.14738222009448D-04
  -.15153067396453D-04  -.56225274084956D-05  0.12631437144163D-04
  -.22460268637456D-04  -.43724408710045D-05  -.29466793467561D-05
  -.10921968430694D-04  -.65534451607428D-05  0.59351173329301D-06
  -.18612022315572D-04  -.14514422176284D-05  0.13028370839267D-04
  -.16577093419382D-04  0.13943688496762D-04  -.46406161113600D-05
  0.98480106826143D-05  0.10305848172354D-05  -.23016056957814D-05
  0.60117341293547D-05  0.51434163521741D-05  0.12646931926985D-05
  0.18587653999374D-04  0.30528275996033D-05  0.11428333625777D-05
  0.10999034930924D-04  0.42339589782503D-05  -.39600766202907D-05
  0.14498545268096D-04  -.13988739081539D-05  -.18531383989828D-05
  -.42760219961524D-05  0.10753513164716D-04  0.42578987628633D-05
  -.94455271229532D-05  -.84408135229974D-06  -.29275297190878D-05
  0.11362268016915D-04  -.18576953504587D-05  0.44899827711387D-06
$end
