$hessian (projected)
 1  1   0.1555291378   0.0292354329   0.0718602508  -0.0722153604  -0.0186597319
 1  2  -0.0393240391   0.0075477843  -0.0129915175  -0.0008889956  -0.0083110836
 1  3   0.0009489760  -0.0081856795   0.0101780126   0.0070223462   0.0067837101
 1  4  -0.0675419466  -0.0013643977  -0.0190323495   0.0037235770  -0.0006822266
 1  5  -0.0033174090   0.0072057759  -0.0014529005  -0.0009725495  -0.0009134747
 1  6   0.0000906898  -0.0000794379   0.0071811053  -0.0016155841  -0.0005799139
 1  7   0.0040599429   0.0022352413  -0.0036461444  -0.0734004593  -0.0516928949
 1  8   0.0010064117   0.0130969947   0.0278512416  -0.0035991844   0.0138599940
 1  9   0.0210753253  -0.0000246699
 2  1   0.0292354329   0.4794093274  -0.0145418410  -0.0222962264  -0.1580435274
 2  2  -0.0997030551  -0.0078357609  -0.0213471828  -0.0333615715   0.0007303119
 2  3   0.0020987488   0.0037502311  -0.0002385085  -0.0325850728   0.0281775086
 2  4   0.0056247361  -0.1764525369   0.1141580078   0.0026551756   0.0133375320
 2  5   0.0135199143  -0.0010051365  -0.0070678246  -0.0010931818   0.0001814676
 2  6   0.0007255860   0.0000986781  -0.0007683169  -0.0070876888   0.0003836953
 2  7  -0.0006257019   0.0133705819  -0.0100801889  -0.0050902573  -0.0836871674
 2  8  -0.0012478165   0.0011601510  -0.0133376531   0.0114881764  -0.0017273669
 2  9  -0.0093331221  -0.0115485567
 3  1   0.0718602508  -0.0145418410   0.6717644940  -0.0373638780  -0.0608290362
 3  2  -0.2866147967  -0.0033998795  -0.0785803144   0.0271788980  -0.0082580159
 3  3   0.0036644816  -0.0685126454   0.0092478068   0.0731832076   0.0358868887
 3  4  -0.0208435909   0.0756669991  -0.2729552226  -0.0049882722  -0.0090129266
 3  5  -0.0216539556  -0.0004508100   0.0001897422   0.0020271674  -0.0000751113
 3  6   0.0001069134  -0.0015473599  -0.0010411870  -0.0007456810   0.0020796809
 3  7  -0.0019390770   0.0126612297  -0.0220888572   0.0033434284   0.0041366153
 3  8  -0.0428940565  -0.0041241974   0.0242641285  -0.0090348642  -0.0019674666
 3  9  -0.0301635181  -0.0136353710
 4  1  -0.0722153604  -0.0222962264  -0.0373638780   0.1541486975   0.0368682710
 4  2   0.0825823579  -0.0671945272  -0.0193179956  -0.0119155710   0.0099103504
 4  3   0.0004942977   0.0091204898  -0.0078649404  -0.0067263340  -0.0038010536
 4  4   0.0061109475   0.0064658668  -0.0103919611  -0.0427216170   0.0127513848
 4  5  -0.0240856929   0.0032200136  -0.0056026424  -0.0002859910   0.0066956920
 4  6   0.0000624033  -0.0013933056  -0.0009441783  -0.0001448529   0.0000810311
 4  7   0.0071832442  -0.0000005740  -0.0008945857   0.0038371910  -0.0028408442
 4  8  -0.0020812677  -0.0000753971  -0.0002674840  -0.0001153776  -0.0000901160
 4  9   0.0005547299   0.0005448054
 5  1  -0.0186597319  -0.1580435274  -0.0608290362   0.0368682710   0.6905110017
 5  2  -0.0425800953  -0.0280055440  -0.3400304522  -0.0383835289   0.0069159793
 5  3  -0.0355504437   0.0729182923  -0.0078589110  -0.0468130334  -0.0330439521
 5  4   0.0017387464   0.0612162084  -0.0112116300   0.0133228625  -0.1444391709
 5  5   0.1286867523  -0.0009964096  -0.0086378486   0.0011033318  -0.0000645212
 5  6   0.0001052792   0.0028329539   0.0000664487  -0.0009819172  -0.0009071803
 5  7  -0.0000014228  -0.0021938796   0.0032532131  -0.0075694692  -0.0111340014
 5  8  -0.0146363401   0.0010822696   0.0004868550  -0.0000036752   0.0031614322
 5  9  -0.0044950700  -0.0071991053
 6  1  -0.0393240391  -0.0997030551  -0.2866147967   0.0825823579  -0.0425800953
 6  2   0.6890600478  -0.0065815244   0.0276114776  -0.1242653400   0.0065069057
 6  3   0.0240460392   0.0373309596  -0.0042460965  -0.0268631989  -0.0193460580
 6  4  -0.0050926742   0.0221463155  -0.0521222556  -0.0259937605   0.1289850863
 6  5  -0.2413943491  -0.0030458360  -0.0292233433   0.0013804176  -0.0012887380
 6  6   0.0041454956  -0.0041695727  -0.0001452414  -0.0011195309   0.0002265096
 6  7  -0.0011684258   0.0037474862  -0.0036346207   0.0002883735  -0.0153542180
 6  8   0.0065213603  -0.0028765639   0.0001230655  -0.0051256778   0.0003852627
 6  9   0.0040384755   0.0021533757
 7  1   0.0075477843  -0.0078357609  -0.0033998795  -0.0671945272  -0.0280055440
 7  2  -0.0065815244   0.1513236209   0.0463065348   0.0862894359  -0.0669635922
 7  3   0.0091008417  -0.0257654586   0.0080019188   0.0018650451  -0.0070147043
 7  4  -0.0065532504   0.0004093989   0.0011641082   0.0038212976   0.0030633848
 7  5  -0.0001307723  -0.0445538753  -0.0222998728  -0.0435649023   0.0028370794
 7  6  -0.0019894142   0.0026774339   0.0070058182  -0.0010433374  -0.0016762917
 7  7  -0.0010306459   0.0001303725   0.0001683678   0.0079652163   0.0046856832
 7  8  -0.0029368094  -0.0005976524  -0.0013448111   0.0007228515  -0.0016091921
 7  9  -0.0030425207   0.0000481453
 8  1  -0.0129915175  -0.0213471828  -0.0785803144  -0.0193179956  -0.3400304522
 8  2   0.0276114776   0.0463065348   0.6764734155   0.0163656793  -0.0004099500
 8  3  -0.1867619196   0.0673058577   0.0085761862   0.0603690906   0.0300711591
 8  4  -0.0000439740  -0.0527759163   0.0243037720  -0.0017964199  -0.0113646676
 8  5  -0.0036170239  -0.0220334880  -0.1127637644  -0.1060704730   0.0024494600
 8  6  -0.0136032888   0.0267929560  -0.0012847073  -0.0000594149  -0.0041865624
 8  7   0.0001835733  -0.0004991006   0.0011351630   0.0017173194   0.0034442969
 8  8  -0.0025037186   0.0004430476   0.0000479298   0.0004297369  -0.0017980690
 8  9  -0.0011290257   0.0009422906
 9  1  -0.0008889956  -0.0333615715   0.0271788980  -0.0119155710  -0.0383835289
 9  2  -0.1242653400   0.0862894359   0.0163656793   0.7053185373  -0.0199547558
 9  3   0.1306473602  -0.2747038288  -0.0108021017  -0.0186995975  -0.0590479257
 9  4   0.0007550752   0.0305457333  -0.0146186204   0.0029767190   0.0250224976
 9  5   0.0056647222  -0.0441896946  -0.1070075468  -0.2655691827   0.0000607521
 9  6  -0.0047210003   0.0059839317  -0.0015512397  -0.0028972496  -0.0033923730
 9  7   0.0002284380   0.0006446926   0.0001433116  -0.0035149140   0.0019858593
 9  8  -0.0039156655   0.0013129471   0.0014053060   0.0027982098   0.0011939050
 9  9  -0.0015466338  -0.0015746745
10  1  -0.0083110836   0.0007303119  -0.0082580159   0.0099103504   0.0069159793
10  2   0.0065069057  -0.0669635922  -0.0004099500  -0.0199547558   0.1465781609
10  3   0.0465891777   0.0724750932  -0.0703069379  -0.0156693733  -0.0393803007
10  4   0.0076188858  -0.0131087373  -0.0001176669   0.0072159274  -0.0010065674
10  5  -0.0011992177   0.0023256139   0.0030167019  -0.0044945811  -0.0369039543
10  6  -0.0253749905  -0.0041878736   0.0023665314  -0.0010160729  -0.0010895198
10  7   0.0073967305  -0.0006802150  -0.0003391689  -0.0011050662  -0.0003181653
10  8  -0.0001390276   0.0002448999   0.0002337075  -0.0000624988  -0.0000664660
10  9   0.0000981933   0.0002406280
11  1   0.0009489760   0.0020987488   0.0036644816   0.0004942977  -0.0355504437
11  2   0.0240460392   0.0091008417  -0.1867619196   0.1306473602   0.0465891777
11  3   0.7312128936  -0.0030854801  -0.0238173391  -0.1672677374  -0.1170415135
11  4  -0.0061768558  -0.0248579075  -0.0299708264  -0.0014079227  -0.0049446430
11  5  -0.0008939617  -0.0017867486   0.0109271208  -0.0154556844  -0.0255621435
11  6  -0.3288622206  -0.0107572299   0.0029240539   0.0106591282   0.0184118010
11  7  -0.0012490929  -0.0051779805   0.0005024478  -0.0017585191  -0.0016528601
11  8   0.0002014076   0.0008192264   0.0000580897   0.0000750127   0.0008820484
11  9   0.0001197313  -0.0003438541
12  1  -0.0081856795   0.0037502311  -0.0685126454   0.0091204898   0.0729182923
12  2   0.0373309596  -0.0257654586   0.0673058577  -0.2747038288   0.0724750932
12  3  -0.0030854801   0.6593635364  -0.0335016561  -0.0535288908  -0.2904324629
12  4  -0.0027041547  -0.0787692049   0.0288516123  -0.0010295832  -0.0016207570
12  5   0.0019549519  -0.0013309866   0.0158411706  -0.0185119258  -0.0041879556
12  6  -0.0107768971  -0.0582269341  -0.0043220194  -0.0129999491  -0.0182922324
12  7  -0.0005377909   0.0011151358   0.0020024444  -0.0002719782  -0.0000964706
12  8  -0.0020876736   0.0013274062   0.0003639413   0.0005452436  -0.0010857264
12  9  -0.0004169791   0.0007189548
13  1   0.0101780126  -0.0002385085   0.0092478068  -0.0078649404  -0.0078589110
13  2  -0.0042460965   0.0080019188   0.0085761862  -0.0108021017  -0.0703069379
13  3  -0.0238173391  -0.0335016561   0.1469820964   0.0405753373   0.0701448580
13  4  -0.0670680169  -0.0195126947  -0.0115743139  -0.0010592308  -0.0000484603
13  5   0.0001328225   0.0071287092  -0.0002205728  -0.0011508957   0.0022702210
13  6  -0.0006816585  -0.0021270718  -0.0373793433   0.0072854572  -0.0163698552
13  7   0.0031798725  -0.0039048441   0.0004217411   0.0087334164   0.0039086949
13  8   0.0000897608  -0.0019174303  -0.0023973413  -0.0003192298  -0.0008783471
13  9  -0.0016653452   0.0000542315
14  1   0.0070223462  -0.0325850728   0.0731832076  -0.0067263340  -0.0468130334
14  2  -0.0268631989   0.0018650451   0.0603690906  -0.0186995975  -0.0156693733
14  3  -0.1672677374  -0.0535288908   0.0405753373   0.6816676478  -0.0320814556
14  4  -0.0291277974  -0.3397883133  -0.0435471470  -0.0001336679  -0.0002948262
14  5  -0.0011899309  -0.0000961008  -0.0008545609   0.0046682546  -0.0049932946
14  6  -0.0111225301  -0.0282763084   0.0072321495  -0.1368912438   0.1224225772
14  7  -0.0007217104  -0.0089967958   0.0023631671   0.0022869401   0.0036383205
14  8   0.0029142933  -0.0019137001  -0.0013097711  -0.0005329367   0.0004001604
14  9   0.0002488260  -0.0008320341
15  1   0.0067837101   0.0281775086   0.0358868887  -0.0038010536  -0.0330439521
15  2  -0.0193460580  -0.0070147043   0.0300711591  -0.0590479257  -0.0393803007
15  3  -0.1170415135  -0.2904324629   0.0701448580  -0.0320814556   0.7042951338
15  4  -0.0062656295   0.0223506316  -0.1248913939   0.0000584485  -0.0007064540
15  5  -0.0000310911  -0.0012810756   0.0033571704  -0.0026882236   0.0004953045
15  6   0.0032534811   0.0040459876  -0.0157266455   0.1233613665  -0.2486226604
15  7  -0.0027730595  -0.0265956013   0.0038563358   0.0002958818  -0.0022306823
15  8  -0.0047577626  -0.0012330759   0.0023344905  -0.0011214705  -0.0003026583
15  9  -0.0012061490   0.0028547028
16  1  -0.0675419466   0.0056247361  -0.0208435909   0.0061109475   0.0017387464
16  2  -0.0050926742  -0.0065532504  -0.0000439740   0.0007550752   0.0076188858
16  3  -0.0061768558  -0.0027041547  -0.0670680169  -0.0291277974  -0.0062656295
16  4   0.1504805855   0.0470826723   0.0698691350   0.0069166204  -0.0008982859
16  5  -0.0021228354  -0.0008697205   0.0001211221   0.0002334518   0.0065736485
16  6  -0.0009462399  -0.0016988818   0.0039546411   0.0021346695  -0.0002128416
16  7  -0.0442492808  -0.0194802309  -0.0335386944   0.0042111551   0.0007422694
16  8   0.0030169850  -0.0000318978  -0.0006129745   0.0000009476   0.0004476291
16  9  -0.0001578576  -0.0013962921
17  1  -0.0013643977  -0.1764525369   0.0756669991   0.0064658668   0.0612162084
17  2   0.0221463155   0.0004093989  -0.0527759163   0.0305457333  -0.0131087373
17  3  -0.0248579075  -0.0787692049  -0.0195126947  -0.3397883133   0.0223506316
17  4   0.0470826723   0.6832108872   0.0292589686  -0.0007504059  -0.0015445267
17  5  -0.0029038285   0.0002393678  -0.0011743435   0.0007158168  -0.0007269299
17  6   0.0007696477  -0.0021902780  -0.0017026954  -0.0114994373  -0.0020653642
17  7  -0.0190517503  -0.1187491110  -0.1145991886  -0.0034822613  -0.0140854064
17  8   0.0139607667   0.0046415276  -0.0047673568   0.0056008146   0.0008610391
17  9   0.0004981123   0.0002818181
18  1  -0.0190323495   0.1141580078  -0.2729552226  -0.0103919611  -0.0112116300
18  2  -0.0521222556   0.0011641082   0.0243037720  -0.0146186204  -0.0001176669
18  3  -0.0299708264   0.0288516123  -0.0115743139  -0.0435471470  -0.1248913939
18  4   0.0698691350   0.0292589686   0.7004838323  -0.0018682736  -0.0033908883
18  5  -0.0040798239   0.0004835909   0.0009842910   0.0003189797  -0.0017764616
18  6  -0.0034863151  -0.0047360403   0.0025898331   0.0283808480   0.0035095772
18  7  -0.0315322748  -0.1147091048  -0.2656354902   0.0000624860   0.0134801131
18  8   0.0089359753   0.0006070305  -0.0047581985   0.0024444980   0.0015171175
18  9   0.0005081098  -0.0055056280
19  1   0.0037235770   0.0026551756  -0.0049882722  -0.0427216170   0.0133228625
19  2  -0.0259937605   0.0038212976  -0.0017964199   0.0029767190   0.0072159274
19  3  -0.0014079227  -0.0010295832  -0.0010592308  -0.0001336679   0.0000584485
19  4   0.0069166204  -0.0007504059  -0.0018682736   0.0308456881  -0.0130051393
19  5   0.0292344276  -0.0039059147   0.0004561669   0.0006279589   0.0003544889
19  6  -0.0001868970   0.0001250728  -0.0012723728   0.0001514303   0.0001644968
19  7  -0.0001137117   0.0001947989  -0.0001281417  -0.0040576108  -0.0013940672
19  8   0.0008372924  -0.0003232369   0.0006638223  -0.0000692745   0.0005760951
19  9   0.0012302636   0.0000528897
20  1  -0.0006822266   0.0133375320  -0.0090129266   0.0127513848  -0.1444391709
20  2   0.1289850863   0.0030633848  -0.0113646676   0.0250224976  -0.0010065674
20  3  -0.0049446430  -0.0016207570  -0.0000484603  -0.0002948262  -0.0007064540
20  4  -0.0008982859  -0.0015445267  -0.0033908883  -0.0130051393   0.1480793591
20  5  -0.1394280086   0.0002021369   0.0012646446  -0.0004561962   0.0000447835
20  6  -0.0006658074   0.0011780430   0.0000665801  -0.0000212362   0.0000848927
20  7  -0.0000520306   0.0006758275  -0.0008497374  -0.0011160916   0.0000326651
20  8  -0.0032015968   0.0006295943  -0.0003140186   0.0022851585   0.0000509372
20  9   0.0001988682   0.0011108869
21  1  -0.0033174090   0.0135199143  -0.0216539556  -0.0240856929   0.1286867523
21  2  -0.2413943491  -0.0001307723  -0.0036170239   0.0056647222  -0.0011992177
21  3  -0.0008939617   0.0019549519   0.0001328225  -0.0011899309  -0.0000310911
21  4  -0.0021228354  -0.0029038285  -0.0040798239   0.0292344276  -0.1394280086
21  5   0.2595688023   0.0008852733   0.0005177916   0.0005474906  -0.0000344116
21  6  -0.0003185094   0.0002021827   0.0002507442   0.0001038414  -0.0000347422
21  7  -0.0000782622   0.0009881491  -0.0008870291  -0.0011566864   0.0035776596
21  8  -0.0028414426   0.0015730385   0.0015527692   0.0028041470   0.0000489813
21  9  -0.0005956143   0.0001801369
22  1   0.0072057759  -0.0010051365  -0.0004508100   0.0032200136  -0.0009964096
22  2  -0.0030458360  -0.0445538753  -0.0220334880  -0.0441896946   0.0023256139
22  3  -0.0017867486  -0.0013309866   0.0071287092  -0.0000961008  -0.0012810756
22  4  -0.0008697205   0.0002393678   0.0004835909  -0.0039059147   0.0002021369
22  5   0.0008852733   0.0343302532   0.0252002428   0.0486802179  -0.0038456201
22  6   0.0004817449   0.0006500711   0.0004101972  -0.0001511988  -0.0001515913
22  7  -0.0012992055   0.0000502703   0.0000952676  -0.0005132732  -0.0001432510
22  8  -0.0002549716   0.0002055131   0.0002634807   0.0001653943   0.0001615333
22  9  -0.0002249102  -0.0002548494
23  1  -0.0014529005  -0.0070678246   0.0001897422  -0.0056026424  -0.0086378486
23  2  -0.0292233433  -0.0222998728  -0.1127637644  -0.1070075468   0.0030167019
23  3   0.0109271208   0.0158411706  -0.0002205728  -0.0008545609   0.0033571704
23  4   0.0001211221  -0.0011743435   0.0009842910   0.0004561669   0.0012646446
23  5   0.0005177916   0.0252002428   0.1161550674   0.1163933361   0.0003085475
23  6   0.0009347659  -0.0007946856   0.0000848702   0.0003316823   0.0009185403
23  7   0.0001185920   0.0000051656  -0.0001407377  -0.0006082469   0.0018511930
23  8  -0.0008978191   0.0006255936  -0.0001955842   0.0007777287   0.0002523984
23  9  -0.0007757135  -0.0009156383
24  1  -0.0009725495  -0.0010931818   0.0020271674  -0.0002859910   0.0011033318
24  2   0.0013804176  -0.0435649023  -0.1060704730  -0.2655691827  -0.0044945811
24  3  -0.0154556844  -0.0185119258  -0.0011508957   0.0046682546  -0.0026882236
24  4   0.0002334518   0.0007158168   0.0003189797   0.0006279589  -0.0004561962
24  5   0.0005474906   0.0486802179   0.1163933361   0.2827457968   0.0008217056
24  6   0.0004781267   0.0009397696  -0.0002584053  -0.0007577051  -0.0010844912
24  7   0.0001902384  -0.0000999069  -0.0000392516  -0.0003362576   0.0010457130
24  8  -0.0000348312   0.0003361171  -0.0002547824   0.0003319162   0.0001738928
24  9  -0.0002166491  -0.0003636317
25  1  -0.0009134747   0.0001814676  -0.0000751113   0.0066956920  -0.0000645212
25  2  -0.0012887380   0.0028370794   0.0024494600   0.0000607521  -0.0369039543
25  3  -0.0255621435  -0.0041879556   0.0022702210  -0.0049932946   0.0004953045
25  4   0.0065736485  -0.0007269299  -0.0017764616   0.0003544889   0.0000447835
25  5  -0.0000344116  -0.0038456201   0.0003085475   0.0008217056   0.0273903811
25  6   0.0280784548   0.0053363882  -0.0038604078   0.0005304040   0.0005322031
25  7   0.0003139064  -0.0002742989  -0.0000174918  -0.0009710073  -0.0004277961
25  8   0.0000296279   0.0000368252   0.0002397208   0.0000350782   0.0000222218
25  9   0.0002161460   0.0000691102
26  1   0.0000906898   0.0007255860   0.0001069134   0.0000624033   0.0001052792
26  2   0.0041454956  -0.0019894142  -0.0136032888  -0.0047210003  -0.0253749905
26  3  -0.3288622206  -0.0107768971  -0.0006816585  -0.0111225301   0.0032534811
26  4  -0.0009462399   0.0007696477  -0.0034863151  -0.0001868970  -0.0006658074
26  5  -0.0003185094   0.0004817449   0.0009347659   0.0004781267   0.0280784548
26  6   0.3515845175   0.0116991035   0.0003325751   0.0009127609  -0.0006016348
26  7  -0.0000925795  -0.0005769974   0.0002689556   0.0000827530   0.0003696740
26  8   0.0000378157   0.0000720415  -0.0002971574   0.0000291609   0.0000711172
26  9  -0.0002742295  -0.0001146959
27  1  -0.0000794379   0.0000986781  -0.0015473599  -0.0013933056   0.0028329539
27  2  -0.0041695727   0.0026774339   0.0267929560   0.0059839317  -0.0041878736
27  3  -0.0107572299  -0.0582269341  -0.0021270718  -0.0282763084   0.0040459876
27  4  -0.0016988818  -0.0021902780  -0.0047360403   0.0001250728   0.0011780430
27  5   0.0002021827   0.0006500711  -0.0007946856   0.0009397696   0.0053363882
27  6   0.0116991035   0.0562181295   0.0007247550   0.0006734914   0.0009904325
27  7  -0.0001864555  -0.0012379667   0.0001402352   0.0000791825   0.0000972578
27  8  -0.0004401123   0.0001526487   0.0000410978   0.0002996343  -0.0000725261
27  9  -0.0001571128   0.0002997162
28  1   0.0071811053  -0.0007683169  -0.0010411870  -0.0009441783   0.0000664487
28  2  -0.0001452414   0.0070058182  -0.0012847073  -0.0015512397   0.0023665314
28  3   0.0029240539  -0.0043220194  -0.0373793433   0.0072321495  -0.0157266455
28  4   0.0039546411  -0.0017026954   0.0025898331  -0.0012723728   0.0000665801
28  5   0.0002507442   0.0004101972   0.0000848702  -0.0002584053  -0.0038604078
28  6   0.0003325751   0.0007247550   0.0266276338  -0.0070188614   0.0187750336
28  7  -0.0039722959   0.0003426650   0.0003736220  -0.0003625791  -0.0004259320
28  8   0.0002849835   0.0001400620  -0.0001791361   0.0001253215   0.0001051884
28  9   0.0003303067  -0.0000795546
29  1  -0.0016155841  -0.0070876888  -0.0007456810  -0.0001448529  -0.0009819172
29  2  -0.0011195309  -0.0010433374  -0.0000594149  -0.0028972496  -0.0010160729
29  3   0.0106591282  -0.0129999491   0.0072854572  -0.1368912438   0.1233613665
29  4   0.0021346695  -0.0114994373   0.0283808480   0.0001514303  -0.0000212362
29  5   0.0001038414  -0.0001511988   0.0003316823  -0.0007577051   0.0005304040
29  6   0.0009127609   0.0006734914  -0.0070188614   0.1425366016  -0.1344798481
29  7   0.0003191364   0.0012710489  -0.0005550656  -0.0003422517   0.0018555200
29  8   0.0012228179   0.0004747429  -0.0008936481   0.0007736652   0.0004363189
29  9  -0.0001321555  -0.0009610011
30  1  -0.0005799139   0.0003836953   0.0020796809   0.0000810311  -0.0009071803
30  2   0.0002265096  -0.0016762917  -0.0041865624  -0.0033923730  -0.0010895198
30  3   0.0184118010  -0.0182922324  -0.0163698552   0.1224225772  -0.2486226604
30  4  -0.0002128416  -0.0020653642   0.0035095772   0.0001644968   0.0000848927
30  5  -0.0000347422  -0.0001515913   0.0009185403  -0.0010844912   0.0005322031
30  6  -0.0006016348   0.0009904325   0.0187750336  -0.1344798481   0.2640702004
30  7   0.0006393000   0.0004489172   0.0006119294   0.0003684779  -0.0007704965
30  8  -0.0001792383  -0.0002472442   0.0002175813  -0.0002476942  -0.0002332849
30  9   0.0001230813   0.0003651018
31  1   0.0040599429  -0.0006257019  -0.0019390770   0.0071832442  -0.0000014228
31  2  -0.0011684258  -0.0010306459   0.0001835733   0.0002284380   0.0073967305
31  3  -0.0012490929  -0.0005377909   0.0031798725  -0.0007217104  -0.0027730595
31  4  -0.0442492808  -0.0190517503  -0.0315322748  -0.0001137117  -0.0000520306
31  5  -0.0000782622  -0.0012992055   0.0001185920   0.0001902384   0.0003139064
31  6  -0.0000925795  -0.0001864555  -0.0039722959   0.0003191364   0.0006393000
31  7   0.0323220775   0.0218687869   0.0369660223  -0.0038517076  -0.0021288990
31  8  -0.0008483170   0.0005132735   0.0013051214  -0.0000022012  -0.0004522002
31  9   0.0001279774   0.0010418651
32  1   0.0022352413   0.0133705819   0.0126612297  -0.0000005740  -0.0021938796
32  2   0.0037474862   0.0001303725  -0.0004991006   0.0006446926  -0.0006802150
32  3  -0.0051779805   0.0011151358  -0.0039048441  -0.0089967958  -0.0265956013
32  4  -0.0194802309  -0.1187491110  -0.1147091048   0.0001947989   0.0006758275
32  5   0.0009881491   0.0000502703   0.0000051656  -0.0000999069  -0.0002742989
32  6  -0.0005769974  -0.0012379667   0.0003426650   0.0012710489   0.0004489172
32  7   0.0218687869   0.1204691751   0.1231061151  -0.0003496777   0.0000065893
32  8   0.0035471852  -0.0002207671   0.0002724725  -0.0010689979   0.0000884728
32  9   0.0001230040  -0.0025473332
33  1  -0.0036461444  -0.0100801889  -0.0220888572  -0.0008945857   0.0032532131
33  2  -0.0036346207   0.0001683678   0.0011351630   0.0001433116  -0.0003391689
33  3   0.0005024478   0.0020024444   0.0004217411   0.0023631671   0.0038563358
33  4  -0.0335386944  -0.1145991886  -0.2656354902  -0.0001281417  -0.0008497374
33  5  -0.0008870291   0.0000952676  -0.0001407377  -0.0000392516  -0.0000174918
33  6   0.0002689556   0.0001402352   0.0003736220  -0.0005550656   0.0006119294
33  7   0.0369660223   0.1231061151   0.2857490997   0.0014148081  -0.0027806167
33  8  -0.0028723137  -0.0001604676   0.0002521741   0.0001448949  -0.0007151343
33  9  -0.0018757010   0.0025093114
34  1  -0.0734004593  -0.0050902573   0.0033434284   0.0038371910  -0.0075694692
34  2   0.0002883735   0.0079652163   0.0017173194  -0.0035149140  -0.0011050662
34  3  -0.0017585191  -0.0002719782   0.0087334164   0.0022869401   0.0002958818
34  4   0.0042111551  -0.0034822613   0.0000624860  -0.0040576108  -0.0011160916
34  5  -0.0011566864  -0.0005132732  -0.0006082469  -0.0003362576  -0.0009710073
34  6   0.0000827530   0.0000791825  -0.0003625791  -0.0003422517   0.0003684779
34  7  -0.0038517076  -0.0003496777   0.0014148081   0.4093881563  -0.0726571476
34  8   0.0250494623  -0.2126947245   0.0608015114  -0.1532169361  -0.1371787072
34  9   0.0280853985   0.1275946717
35  1  -0.0516928949  -0.0836871674   0.0041366153  -0.0028408442  -0.0111340014
35  2  -0.0153542180   0.0046856832   0.0034442969   0.0019858593  -0.0003181653
35  3  -0.0016528601  -0.0000964706   0.0039086949   0.0036383205  -0.0022306823
35  4   0.0007422694  -0.0140854064   0.0134801131  -0.0013940672   0.0000326651
35  5   0.0035776596  -0.0001432510   0.0018511930   0.0010457130  -0.0004277961
35  6   0.0003696740   0.0000972578  -0.0004259320   0.0018555200  -0.0007704965
35  7  -0.0021288990   0.0000065893  -0.0027806167  -0.0726571476   0.2443571423
35  8  -0.0117302967   0.0784735963  -0.0801851383   0.0738922939   0.0442187535
35  9  -0.0648108273  -0.0652527311
36  1   0.0010064117  -0.0012478165  -0.0428940565  -0.0020812677  -0.0146363401
36  2   0.0065213603  -0.0029368094  -0.0025037186  -0.0039156655  -0.0001390276
36  3   0.0002014076  -0.0020876736   0.0000897608   0.0029142933  -0.0047577626
36  4   0.0030169850   0.0139607667   0.0089359753   0.0008372924  -0.0032015968
36  5  -0.0028414426  -0.0002549716  -0.0008978191  -0.0000348312   0.0000296279
36  6   0.0000378157  -0.0004401123   0.0002849835   0.0012228179  -0.0001792383
36  7  -0.0008483170   0.0035471852  -0.0028723137   0.0250494623  -0.0117302967
36  8   0.6443731088  -0.1803862333   0.0823993225  -0.2548316398   0.1563321030
36  9  -0.0700660211  -0.3449757084
37  1   0.0130969947   0.0011601510  -0.0041241974  -0.0000753971   0.0010822696
37  2  -0.0028765639  -0.0005976524   0.0004430476   0.0013129471   0.0002448999
37  3   0.0008192264   0.0013274062  -0.0019174303  -0.0019137001  -0.0012330759
37  4  -0.0000318978   0.0046415276   0.0006070305  -0.0003232369   0.0006295943
37  5   0.0015730385   0.0002055131   0.0006255936   0.0003361171   0.0000368252
37  6   0.0000720415   0.0001526487   0.0001400620   0.0004747429  -0.0002472442
37  7   0.0005132735  -0.0002207671  -0.0001604676  -0.2126947245   0.0784735963
37  8  -0.1803862333   0.1714118742  -0.0814402856   0.1767090908   0.0299908964
37  9  -0.0048470380   0.0070095033
38  1   0.0278512416  -0.0133376531   0.0242641285  -0.0002674840   0.0004868550
38  2   0.0001230655  -0.0013448111   0.0000479298   0.0014053060   0.0002337075
38  3   0.0000580897   0.0003639413  -0.0023973413  -0.0013097711   0.0023344905
38  4  -0.0006129745  -0.0047673568  -0.0047581985   0.0006638223  -0.0003140186
38  5   0.0015527692   0.0002634807  -0.0001955842  -0.0002547824   0.0002397208
38  6  -0.0002971574   0.0000410978  -0.0001791361  -0.0008936481   0.0002175813
38  7   0.0013051214   0.0002724725   0.0002521741   0.0608015114  -0.0801851383
38  8   0.0823993225  -0.0814402856   0.0920038716  -0.1030392926  -0.0051165731
38  9   0.0084311090  -0.0049016031
39  1  -0.0035991844   0.0114881764  -0.0090348642  -0.0001153776  -0.0000036752
39  2  -0.0051256778   0.0007228515   0.0004297369   0.0027982098  -0.0000624988
39  3   0.0000750127   0.0005452436  -0.0003192298  -0.0005329367  -0.0011214705
39  4   0.0000009476   0.0056008146   0.0024444980  -0.0000692745   0.0022851585
39  5   0.0028041470   0.0001653943   0.0007777287   0.0003319162   0.0000350782
39  6   0.0000291609   0.0002996343   0.0001253215   0.0007736652  -0.0002476942
39  7  -0.0000022012  -0.0010689979   0.0001448949  -0.1532169361   0.0738922939
39  8  -0.2548316398   0.1767090908  -0.1030392926   0.2836219017  -0.0203739815
39  9   0.0092931545  -0.0226290989
40  1   0.0138599940  -0.0017273669  -0.0019674666  -0.0000901160   0.0031614322
40  2   0.0003852627  -0.0016091921  -0.0017980690   0.0011939050  -0.0000664660
40  3   0.0008820484  -0.0010857264  -0.0008783471   0.0004001604  -0.0003026583
40  4   0.0004476291   0.0008610391   0.0015171175   0.0005760951   0.0000509372
40  5   0.0000489813   0.0001615333   0.0002523984   0.0001738928   0.0000222218
40  6   0.0000711172  -0.0000725261   0.0001051884   0.0004363189  -0.0002332849
40  7  -0.0004522002   0.0000884728  -0.0007151343  -0.1371787072   0.0442187535
40  8   0.1563321030   0.0299908964  -0.0051165731  -0.0203739815   0.0951114706
40  9  -0.0417806690  -0.1349004843
41  1   0.0210753253  -0.0093331221  -0.0301635181   0.0005547299  -0.0044950700
41  2   0.0040384755  -0.0030425207  -0.0011290257  -0.0015466338   0.0000981933
41  3   0.0001197313  -0.0004169791  -0.0016653452   0.0002488260  -0.0012061490
41  4  -0.0001578576   0.0004981123   0.0005081098   0.0012302636   0.0001988682
41  5  -0.0005956143  -0.0002249102  -0.0007757135  -0.0002166491   0.0002161460
41  6  -0.0002742295  -0.0001571128   0.0003303067  -0.0001321555   0.0001230813
41  7   0.0001279774   0.0001230040  -0.0018757010   0.0280853985  -0.0648108273
41  8  -0.0700660211  -0.0048470380   0.0084311090   0.0092931545  -0.0417806690
41  9   0.0713304928   0.0922815572
42  1  -0.0000246699  -0.0115485567  -0.0136353710   0.0005448054  -0.0071991053
42  2   0.0021533757   0.0000481453   0.0009422906  -0.0015746745   0.0002406280
42  3  -0.0003438541   0.0007189548   0.0000542315  -0.0008320341   0.0028547028
42  4  -0.0013962921   0.0002818181  -0.0055056280   0.0000528897   0.0011108869
42  5   0.0001801369  -0.0002548494  -0.0009156383  -0.0003636317   0.0000691102
42  6  -0.0001146959   0.0002997162  -0.0000795546  -0.0009610011   0.0003651018
42  7   0.0010418651  -0.0025473332   0.0025093114   0.1275946717  -0.0652527311
42  8  -0.3449757084   0.0070095033  -0.0049016031  -0.0226290989  -0.1349004843
42  9   0.0922815572   0.3796028130
$end
