$hessapprox internal
  0.400703702236D+00 -0.172679788387D-01  0.231430596676D+00  0.136208297094D-01
 -0.164762650372D-02  0.163451365008D+00 -0.399669132770D-02 -0.278368065436D-02
  0.158942641414D-01  0.388532838763D+00  0.893580434694D-02 -0.447005320735D-01
  0.176708666090D-01  0.841615835145D-02  0.260493520142D+00 -0.400065548595D-02
 -0.880640201711D-02 -0.967913880628D-02 -0.782912868621D-02 -0.226021589598D-02
  0.119774170276D+00 -0.833815878629D-02  0.723564601766D-02  0.195178535346D-01
 -0.150819155245D-01  0.848466317182D-02 -0.997231072445D-02  0.423581044248D+00
  0.176732252096D-02 -0.342194599720D-01 -0.847718526258D-03  0.672675182160D-04
 -0.674783519534D-01 -0.512848729937D-02 -0.189193359711D-02  0.271873983535D+00
 -0.115398121492D-01 -0.860206225390D-02  0.975640633264D-02 -0.123713748536D-01
 -0.422032656369D-02 -0.212327155670D-01 -0.138496255651D-01 -0.109134641778D-01
  0.136846693411D+00 -0.300982024404D-02  0.301141085668D-02  0.143778510308D-01
 -0.763646724859D-02  0.624017023062D-02 -0.785482520642D-02 -0.141983859736D-01
  0.149421563848D-02 -0.130281824366D-01  0.389241552926D+00 -0.380499078104D-02
  0.705314720692D-02  0.269790555146D-01 -0.106693407328D-02  0.709423886092D-03
 -0.808055247236D-02  0.280988288295D-02  0.671391057314D-01  0.109221447729D-01
 -0.232580659694D-02  0.245625049588D+00  0.176817025459D-01  0.293601480064D-01
  0.314914074223D-01  0.224206588033D-01  0.198994215223D-01 -0.269889469017D-01
  0.289244779437D-01 -0.814686560984D-03  0.119595301616D-01  0.258191920611D-01
  0.128082719684D-01  0.193151108642D+00 -0.145581820482D-02 -0.485097131273D-02
  0.197878791681D-01 -0.277884758816D-02  0.619395546053D-02 -0.642858498508D-02
 -0.850290298281D-02 -0.995659797685D-03 -0.720729483998D-02 -0.375939764893D-02
  0.413559558945D-02  0.199392320169D-01  0.404075196511D+00 -0.299662657231D-02
  0.616548449129D-02 -0.257755054724D-01  0.198147116548D-02 -0.169957969876D-01
 -0.427669763022D-02 -0.137804456501D-02  0.162880258345D-01  0.576041504317D-02
  0.711979286500D-03 -0.668016893953D-01 -0.600384875998D-02  0.390838278712D-02
  0.229101242939D+00 -0.198783072787D-01 -0.237569654156D-01 -0.396430366384D-01
 -0.225665647309D-01 -0.158434890490D-01  0.124219305556D-01 -0.262578478566D-01
  0.145784083335D-01  0.357441690133D-02 -0.222222180290D-01 -0.232798229486D-01
 -0.466712683344D-01 -0.213944352251D-01  0.312579989210D-01  0.176381036808D+00
 -0.163554208085D-01 -0.473555851991D-01 -0.145348355526D-01 -0.228825045238D-01
 -0.156569628115D-01  0.144384083260D-01 -0.330358143546D-01  0.219304869340D-01
 -0.933508236644D-02 -0.336801660181D-01 -0.129036906478D-01 -0.159337429341D+00
 -0.236777400103D-01  0.197731234489D-01  0.104033485463D+00  0.328609729919D+00
 -0.638353347131D-03  0.596995948647D-01 -0.548436341598D-02 -0.118311780488D-01
 -0.276891763129D-01 -0.115722571969D-01  0.332717221944D-02 -0.232019671199D-01
  0.431758305839D-04 -0.728666136551D-02  0.673204766269D-02 -0.623178558466D-03
  0.335754596724D-02 -0.104309578452D-01 -0.441905222043D-02  0.111589470231D-01
  0.450942212259D+00  0.114082741432D-01 -0.144703960693D-01 -0.763654613159D-02
  0.123420504623D-01 -0.105373720564D-02  0.498988949592D-02  0.717226652934D-02
  0.671459315134D-02 -0.144188993649D-01  0.981617397636D-02  0.116573808247D-01
  0.153600092795D-01  0.913657501684D-02  0.101715718225D-01 -0.194315433658D-01
 -0.268797934953D-01  0.394413529966D-01  0.461528364286D+00  0.298375411414D-02
  0.984333906720D-02  0.245327796035D-02 -0.168471150489D-02  0.854157153252D-02
 -0.264578138420D-01 -0.546704289862D-02 -0.647173506560D-02 -0.808630179989D-02
 -0.735299363781D-03  0.659231263295D-02  0.379601527538D-01  0.814821848199D-04
  0.446447258837D-02 -0.173270380698D-01 -0.358943076959D-01  0.575173997730D-01
  0.539381118364D-01  0.481590759268D+00  0.821185326736D-02  0.294168325578D-01
  0.295540841331D-01  0.584618804599D-02  0.265019222453D-01 -0.833773616900D-02
  0.404856840284D-02  0.542448581124D-02  0.560213519742D-02  0.560113999161D-02
  0.573866657317D-02  0.373437679804D-01  0.573790142513D-02 -0.120782609103D-01
 -0.354232615854D-01 -0.562501327365D-01 -0.121083779897D-01  0.415685770322D-01
  0.461222890802D-01  0.465174472922D+00 -0.136896851468D-01 -0.286138596671D-01
 -0.134545958407D-01 -0.201445829375D-01 -0.322319585378D-01  0.167413546502D-01
 -0.216971080554D-01 -0.410556276852D-02  0.762072329202D-02 -0.273428899335D-01
  0.117480795676D-01 -0.756078209154D-01 -0.146922500792D-01  0.530244959084D-02
  0.477910228306D-01  0.135256735430D+00 -0.109759092164D-01  0.499208911955D-01
 -0.385670092947D-01 -0.507945227719D-01  0.483036171231D+00 -0.918358798621D-02
 -0.435962664106D-01 -0.634526749647D-02  0.943056159297D-03  0.741842951577D-02
  0.121081996953D-01  0.629933940831D-02  0.137837171396D-01 -0.754915130506D-02
 -0.933162254309D-03 -0.141340754786D-01 -0.110327190967D-01 -0.356266658801D-02
  0.755039155958D-02 -0.140257072561D-02  0.813130357739D-02  0.121726961245D-02
  0.477834493422D-01  0.351349969890D-01  0.142016508246D-01  0.348832886041D-02
  0.180312515769D+00  0.306948067698D-01  0.667227395671D-01  0.313217767385D-01
  0.410867582005D-01 -0.162236980780D-01  0.268864763362D-01  0.443908502801D-01
 -0.123339941252D-01  0.570118448488D-02  0.325169371448D-01 -0.144122943356D-01
  0.777768920007D-01  0.263216051831D-01 -0.211313291824D-01 -0.104478556757D+00
 -0.211361939651D+00 -0.412287735349D-01  0.515108341309D-01  0.522574368805D-01
  0.716422969872D-01 -0.153921256000D+00  0.200574728195D-01  0.540931491094D+00
  0.290444395157D-02  0.850252217127D-02 -0.205130807080D-01  0.669990289582D-02
  0.309434002227D-01  0.209586456008D-03  0.114990756106D-01  0.169497066585D-01
  0.194126891129D-01  0.686304430533D-02  0.576527858266D-03  0.496528918240D-01
  0.344100632359D-02 -0.164177065938D-01 -0.150165043656D-01 -0.979792868525D-01
 -0.246823909123D-01  0.580434312841D-01  0.176764297415D-01  0.167210144164D-02
 -0.834892786217D-01 -0.399367941891D-02  0.115920239538D+00  0.200272962664D+00
  0.139095620084D-01 -0.407040462865D-03 -0.110504412669D-01  0.858724066997D-02
 -0.783215130394D-02 -0.100712679782D-01 -0.669110355229D-02 -0.300188425479D-02
  0.154964222428D-01  0.686646785377D-02  0.252854033756D-01 -0.486321049047D-02
  0.774319341373D-02  0.530578093541D-01  0.253831597540D-01  0.353865832853D-01
  0.108236383645D-01 -0.428059508806D-03 -0.233158090977D-01  0.105912937021D-01
  0.172475476702D-01  0.118919772692D-01 -0.359438785256D-01 -0.170437374850D-01
  0.549072852510D+00 -0.404299713113D-02  0.393591173283D-02 -0.129330814594D-01
 -0.207534607375D-02 -0.492362475071D-02  0.549696170678D-02 -0.109788196267D-01
 -0.155833851125D-01 -0.138846377671D-01  0.572136843109D-03 -0.667025653895D-02
 -0.292038411494D-01 -0.585663381220D-03 -0.324491229226D-01  0.244172993884D-01
  0.516723288292D-01  0.699294880786D-02  0.748387170458D-02  0.413253530619D-02
 -0.196938269747D-01  0.235283954552D-01  0.335192418864D-01 -0.395530022188D-01
 -0.807757901338D-02  0.605663648120D-01  0.569176760859D+00  0.164466243711D-01
  0.124180452135D-01  0.833480127088D-02  0.138083845209D-01  0.133262458894D-01
 -0.369001970990D-02 -0.511285822816D-03  0.210559765095D-01  0.463584022595D-02
  0.101591699549D-01  0.519841378627D-02  0.841887362138D-02  0.103778395695D-01
  0.503488712199D-01 -0.302056152699D-02  0.113726492778D-01  0.115481249265D-01
 -0.141814915363D-02 -0.372529518003D-02  0.153227155873D-01  0.226551206969D-02
 -0.651346946016D-02 -0.132346375880D-01 -0.173394336274D-01 -0.143738252318D-01
  0.516135331477D-01  0.542209369422D+00  0.772463099193D-02 -0.219413256799D-01
 -0.140355141132D-01  0.142663015738D-01  0.160881815255D-01 -0.802351328696D-03
  0.487366378798D-02 -0.224966872788D-01 -0.221357991966D-01  0.205099717023D-01
  0.117233904138D-01  0.929563109622D-02  0.180698501892D-01 -0.375470048440D-01
 -0.972985966983D-02 -0.343987670803D-01 -0.413099102361D-01  0.320775191311D-01
  0.362946100146D-01 -0.235438272199D-01 -0.168500169721D-01  0.204460458641D-02
  0.502369273421D-01  0.571692735314D-02  0.523140205665D-01 -0.400405599001D-01
  0.634118553768D-01  0.512621485477D+00  0.113974226682D-01  0.240538321525D-01
  0.399215755970D-02  0.587977492576D-02 -0.661306433769D-03 -0.831860525511D-02
  0.100562265919D-01  0.149703027626D-01  0.514019714151D-02  0.790774926547D-02
 -0.275512079645D-01  0.238174511092D-01  0.103361657970D-01  0.650506369802D-02
 -0.238136885255D-01 -0.431235474057D-01 -0.160367371755D-01  0.173437553414D-02
  0.172715362101D-02  0.147089239652D-01 -0.166651422055D-01 -0.548364303654D-02
  0.436765584897D-01  0.124553560328D-01 -0.321356450424D-01  0.237200250340D-01
 -0.239905292474D-01  0.397936392681D-01  0.619133043042D+00  0.615017108453D-02
 -0.125409423992D-01 -0.110511186600D-01  0.153913874596D-01  0.168952322757D-01
  0.161273702787D-01  0.247368897728D-02 -0.106254159959D-01 -0.252778857393D-02
  0.151039845699D-01  0.176948427424D-02 -0.116211583073D-02  0.106176470242D-01
 -0.305500743592D-01 -0.323657676945D-02 -0.337431422914D-01 -0.127932727153D-01
  0.228428019362D-01  0.305191483155D-01 -0.946128993401D-02 -0.262063184405D-01
  0.150724002940D-01  0.192412162363D-01  0.110730022446D-01  0.528272214731D-01
 -0.374974785675D-01  0.464052296455D-01 -0.166750257024D-01  0.418335873610D-01
  0.544095071272D+00  0.521952814078D-02 -0.340932538813D-02 -0.181611726099D-02
  0.288909835407D-03  0.116058582127D-01 -0.852943716468D-02 -0.819967740625D-02
 -0.251431704941D-02 -0.124551732222D-01  0.630914360532D-03  0.100650675776D-01
  0.176470645365D-01  0.551236076133D-02  0.330265146803D-03 -0.132487146095D-01
 -0.266081489668D-01 -0.210668638504D-01 -0.203470962070D-01 -0.265429361692D-02
 -0.112570219588D-01 -0.226213822881D-01 -0.126860982051D-01  0.235470241378D-01
  0.207203790696D-02  0.123723148066D-01  0.243622649738D-02  0.137122037265D-01
  0.260227196810D-01  0.125200408422D-01  0.236632811877D-01  0.423685638283D+00
  0.623304988471D-02 -0.787277646850D-02  0.213076517615D-02  0.829554441820D-02
 -0.812303143817D-02 -0.184446848698D-02  0.101131364982D-01 -0.173625986028D-01
  0.133406036377D-02  0.943976818454D-02  0.837791181715D-02  0.240189977741D-01
  0.823127105395D-02 -0.136128058044D-01 -0.202461690472D-01 -0.477890007381D-01
 -0.560231228186D-02 -0.143246848110D-02  0.606955268754D-02  0.118861501310D-01
 -0.302947030312D-01 -0.441783317668D-02  0.599866139124D-01  0.158042437949D-01
 -0.124913886175D-01 -0.684466127630D-02  0.190494505046D-02  0.459387864300D-02
  0.120192037744D-01  0.100696910030D-01  0.420640777537D-02  0.433430288917D+00
 -0.582570892619D-02  0.158186424325D-01  0.590874875438D-02 -0.167267389088D-01
  0.269661735406D-03 -0.128259639113D-01 -0.123886106247D-01  0.119652824693D-02
 -0.163732034332D-01 -0.159157369319D-01 -0.377112256496D-02  0.275451593910D-01
 -0.638049217886D-02 -0.100772187446D-01 -0.248721496297D-01 -0.383699363498D-01
 -0.374858127534D-01 -0.186771919384D-01 -0.159562472651D-02 -0.103854354378D-01
 -0.237665591454D-01 -0.111385340101D-01  0.413416781666D-01  0.146972402623D-01
 -0.152461859500D-01 -0.128035734489D-02 -0.941316480210D-02  0.237947069089D-02
  0.766321361994D-03  0.450547406520D-02 -0.159411302492D-01  0.694359924317D-02
  0.402595387114D+00 -0.787279882995D-02 -0.707556140675D-02 -0.532453148162D-01
 -0.927770901414D-02 -0.188125048721D-01 -0.165962556748D-01 -0.165156199918D-01
  0.831294634413D-03 -0.531340291604D-02 -0.146738450445D-01 -0.709008107840D-02
 -0.966820251512D-01 -0.137760677338D-01  0.664707162151D-02  0.179205796280D-02
  0.118463167205D+00  0.213496238390D-01 -0.474057108962D-02 -0.129512300288D-01
 -0.299835228123D-01  0.504196898114D-01  0.425647459663D-02 -0.830847381921D-01
 -0.349837429871D-01  0.890844109679D-02  0.218616561633D-01 -0.394011492958D-02
  0.240153872886D-02 -0.147329372264D-01 -0.113227955462D-01 -0.424454293374D-02
 -0.174424589376D-01 -0.800179867343D-02  0.132746661338D+00 -0.701436081191D-02
 -0.241963349354D-01 -0.641796282689D-01 -0.822929576136D-02 -0.491274259091D-03
  0.429076390732D-01 -0.108034843689D-01  0.220529314398D-01 -0.677117845267D-01
 -0.778755384863D-02 -0.232768263893D-01 -0.784964965190D-01 -0.973787329943D-02
  0.587837909272D-02  0.699541400322D-01  0.826554268829D-01 -0.196086574418D-01
  0.186254975674D-01 -0.180409494371D-01 -0.423814756022D-01  0.223662453147D-01
  0.148192267703D-01 -0.244648178332D-01  0.116024427111D-01 -0.131286543318D-01
  0.259271289139D-01 -0.208557935862D-01  0.202277549573D-01 -0.263103399157D-01
  0.140068090841D-01 -0.772166319231D-02 -0.144416192098D-01 -0.600991975651D-02
  0.388426729382D-01  0.156109920363D+00 -0.567760872298D-02  0.601242049058D-02
 -0.428691386852D-01 -0.409209321160D-02  0.152919316253D-02 -0.366632244848D-01
 -0.271244309229D-02  0.658760878805D-02  0.421956373856D-01 -0.318899218086D-02
 -0.651848849973D-02  0.512007068991D-01 -0.607421462055D-02  0.142167126703D-01
  0.362510919118D-01 -0.418214057951D-01  0.107017393837D-02  0.918454299848D-02
  0.135906251737D-01 -0.900650139470D-02 -0.261796515176D-01 -0.940824338830D-02
  0.110645630408D-02  0.656311885015D-01  0.122089742368D-01 -0.697088065445D-02
 -0.257508477780D-02  0.286740203785D-03  0.452945439838D-02 -0.280995572646D-02
  0.116182654364D-02  0.571639000463D-02  0.265888099118D-02 -0.163157515044D-01
 -0.129649705945D-01  0.104391894056D+00
$end
