$optinfo internal
 gdiistep   on
 trostep    off
 calchess   off
 iteration  27
 ndiis       5
 itrvec      0
 tradius    1.500000000000E-01
 actrad     7.277503116132E-02
 energyo   -7.799002164170E+02
 predengy  -7.444674031793E-05
 trnvec
  0.000000000000D+00  0.000000000000D+00  0.000000000000D+00
  0.000000000000D+00  0.000000000000D+00  0.000000000000D+00
  0.000000000000D+00  0.000000000000D+00  0.000000000000D+00
  0.000000000000D+00  0.000000000000D+00  0.000000000000D+00
  0.000000000000D+00  0.000000000000D+00  0.000000000000D+00
  0.000000000000D+00  0.000000000000D+00  0.000000000000D+00
  0.000000000000D+00  0.000000000000D+00  0.000000000000D+00
  0.000000000000D+00  0.000000000000D+00  0.000000000000D+00
  0.000000000000D+00  0.000000000000D+00  0.000000000000D+00
  0.000000000000D+00  0.000000000000D+00  0.000000000000D+00
  0.000000000000D+00  0.000000000000D+00  0.000000000000D+00
  0.000000000000D+00  0.000000000000D+00  0.000000000000D+00
 displ
 -0.576806497232D-05 -0.102590892291D-03 -0.112330554414D-03
 -0.327449102544D-05 -0.164862385267D-04 -0.221341117507D-03
 -0.574747147652D-06  0.894084226604D-05 -0.205588403543D-03
  0.857738133808D-05 -0.112357969273D-04  0.145792078437D-03
  0.914586634382D-05  0.878919126415D-04  0.239959437184D-03
  0.104275966393D-02  0.255059141820D-04 -0.444628473080D-04
 -0.241606917557D-04 -0.455144461142D-05  0.799976408345D-04
  0.564344105651D-04 -0.108830061619D-03 -0.419305109099D-03
 -0.525505941251D-05  0.199918169499D-04  0.233807066063D-05
  0.149479792100D-06 -0.205034931464D-04 -0.449122227408D-05
  0.531443535995D-05 -0.200267718943D-04  0.127045815336D-05
  0.186073916091D-03  0.301288205836D-03  0.123451963820D-03
 dxyz
  0.503979455079D-03 -0.277484404778D-04 -0.315079148502D-03
  0.200199315406D-03 -0.992894179613D-04 -0.223090543821D-03
  0.324687612242D-04 -0.111061577621D-03 -0.500001830975D-04
 -0.185050053787D-03  0.272065743315D-04  0.555359775219D-04
 -0.340182295835D-03  0.164791129080D-03  0.604954705815D-05
  0.651936279583D-04  0.117401759286D-03 -0.201683706835D-03
 -0.145139152144D-03 -0.285038290443D-03 -0.309905282992D-03
  0.520612895050D-03 -0.272358600197D-03 -0.442396284644D-04
  0.184960959041D-03 -0.608615988923D-05  0.138045985662D-03
 -0.482222550105D-03  0.288115855200D-03  0.100849163322D-03
 -0.432377858929D-03  0.373178026711D-03 -0.275008879292D-03
  0.804891131576D-04  0.801650654858D-04 -0.146746603020D-03
 -0.108019962878D-02  0.265248684803D-03  0.727752057663D-03
  0.107726741266D-02 -0.514524608308D-03  0.537521244796D-03
 grado
 -0.330390293804D-05  0.854783746496D-04  0.688771137642D-04
 -0.908871159306D-05  0.408612969048D-04  0.455046307975D-06
  0.133237868655D-05 -0.367282345727D-04  0.488185930195D-04
 -0.193216329567D-05  0.364691028676D-04  0.228027528266D-03
  0.126974399073D-05 -0.574886929001D-04 -0.194622855970D-03
 -0.469408721620D-03 -0.414836156767D-04  0.589284523921D-04
  0.330301220183D-04  0.929458358951D-04 -0.247455835368D-03
 -0.174117211916D-04  0.408142694049D-03  0.215183259162D-03
 -0.560846505518D-04 -0.878555239269D-04 -0.284795239872D-04
  0.274185206610D-04  0.825229367006D-04  0.551855369793D-04
 -0.505837508723D-05  0.841251384796D-04  0.381899859355D-05
 -0.186691188074D-03 -0.152644696666D-03  0.509050817538D-04
$end
