$vibrational normal modes
 1  1  -0.1454902750   0.1109857390  -0.0280568113  -0.0748577757   0.0121528396
 1  2   0.1064792419   0.0083085486   0.3186658957   0.0392834039  -0.0544759605
 1  3  -0.0413628034  -0.2257196529  -0.0004002795   0.1908858371  -0.2514091493
 1  4  -0.0190665741   0.0280103919   0.0881820534   0.1992498663  -0.0002874187
 1  5  -0.0745984274  -0.0007528710  -0.0188806513  -0.0388111206  -0.0194467434
 1  6  -0.0148199331   0.0043607850   0.0332190165   0.0060346899  -0.0004711557
 1  7  -0.0031663995   0.0187388610  -0.0410897502  -0.0204986492  -0.0117349073
 1  8   0.0178939669  -0.0444477625  -0.0000672455  -0.0000714802   0.0000137751
 1  9   0.0002325190   0.0000619131
 2  1  -0.0844501299  -0.1873270230   0.1058628229  -0.0535142276   0.0059011262
 2  2   0.0362248530  -0.0025162963   0.0132444176  -0.0109505034   0.0981150443
 2  3   0.0126177532  -0.0059729656   0.0012689199  -0.0907494034   0.0717948874
 2  4   0.0072598141   0.3355010359  -0.0046599125  -0.0129137623   0.0001186393
 2  5   0.0055097580  -0.0006789739  -0.0127640980  -0.0483310155   0.0587731684
 2  6  -0.1175809307  -0.0142417989   0.3118538455  -0.0051054842   0.0004736512
 2  7  -0.0281281078  -0.0077250844   0.0153479084   0.0086455961  -0.1239235198
 2  8   0.1583622279   0.0242342281  -0.0006860952   0.0000190627   0.0008672327
 2  9  -0.0000886734  -0.0008298311
 3  1   0.0187913580  -0.0565160789  -0.0874489161   0.0717044608  -0.2116027040
 3  2   0.1041927844   0.0460219972  -0.0466318684   0.2146337257   0.0136604704
 3  3  -0.2394625590   0.0388530898  -0.0212079503  -0.0310557924   0.0367554078
 3  4  -0.1409564489   0.0138340903  -0.0120975743  -0.0273477388   0.0006591146
 3  5   0.0102789727   0.0006010112   0.0018793964   0.0028894542   0.0057451493
 3  6  -0.0042175808   0.0410300796   0.0147800278   0.0472729070  -0.0035903219
 3  7  -0.0006437663   0.1406006739  -0.3070518232  -0.1536985762  -0.0055880333
 3  8   0.0189002358  -0.3370001405  -0.0000213030  -0.0005072274   0.0000387651
 3  9   0.0017481665   0.0000048857
 4  1   0.0242351707   0.1246739979   0.0425616348  -0.1415524778   0.0734530224
 4  2   0.2808171943  -0.1975983243   0.2346586860   0.0467440664  -0.1246796160
 4  3  -0.0907619110   0.1572795736   0.1976563093  -0.0255964175  -0.0619331001
 4  4  -0.0077525759   0.0638885720  -0.0777447709  -0.0818136533  -0.0570193637
 4  5   0.0929530178  -0.0967352892   0.0593343693  -0.0300073203   0.0519189910
 4  6  -0.0063372682  -0.0095307615  -0.0066050548   0.0089504220  -0.0002238607
 4  7  -0.0047455375   0.0078943700   0.0516762217   0.0001863498   0.0260064690
 4  8  -0.0376068442   0.0386115667   0.0012994564  -0.0017051628  -0.0036170303
 4  9  -0.0052966161   0.0040549038
 5  1  -0.0676676999  -0.1655391109   0.1332186910  -0.1419466485  -0.0986715981
 5  2  -0.0063776390   0.0464131583   0.0248445982   0.1348117887   0.2091353305
 5  3  -0.0960842329   0.0335874309  -0.0271274972   0.0363500126   0.0056341735
 5  4   0.2459906529   0.0511922047   0.0078051996   0.0098322670   0.0049304650
 5  5  -0.0042766482   0.0039011198   0.0111612996   0.1327572692  -0.1977218162
 5  6  -0.0435867476   0.0912929551   0.0120158554   0.0942265544  -0.0101040822
 5  7  -0.0396418998   0.0570233057   0.2772586493  -0.0898563593   0.0942921271
 5  8  -0.2899143309   0.0932094292  -0.0063208361   0.0077471900   0.0202066531
 5  9   0.0343687591  -0.0267521104
 6  1  -0.0208719310  -0.0703053703  -0.1145105068   0.1297041024  -0.1685900860
 6  2   0.0944651701   0.0606809676  -0.0335773504   0.1378133390  -0.0068867470
 6  3  -0.2217821571  -0.0428257766  -0.0498265267  -0.0427758300   0.0394718913
 6  4  -0.2070205371   0.2293841147   0.0146432432   0.0203687971   0.0107437531
 6  5  -0.0140560117   0.0176447463  -0.0268039303  -0.2118541758   0.2957570227
 6  6  -0.0625200589  -0.0328285542  -0.0944196707  -0.0296153599   0.0120144176
 6  7  -0.0303068373  -0.0014183571   0.1751216842   0.0587152928   0.1154340899
 6  8  -0.0888573058   0.2107790424   0.0106050012  -0.0140459533  -0.0311897360
 6  9  -0.0484699759   0.0368446299
 7  1   0.0207308592   0.1771856023   0.1846176739  -0.0696003629   0.0579652276
 7  2   0.3292238907  -0.2101539569  -0.0685403704   0.0281539075  -0.0095921910
 7  3   0.0425035103   0.1126557692  -0.1995041333  -0.0749685091   0.1129393780
 7  4   0.0527611652   0.0156799729   0.1499158170   0.0118475208  -0.0854977950
 7  5   0.0130185073   0.0753968722  -0.0830637697   0.0430708933  -0.0225090628
 7  6   0.0369162543  -0.0056542360  -0.0221064490  -0.0095623197   0.0015013942
 7  7  -0.0005708557  -0.0056240690   0.0001555166   0.0142063422  -0.0082907273
 7  8   0.0142747717  -0.0241733238  -0.0082396149   0.0097997692   0.0031977704
 7  9  -0.0033670117   0.0053181825
 8  1  -0.0659400422  -0.1686177591   0.1235060494  -0.1521524920  -0.1022132193
 8  2  -0.0116011298   0.0472745428   0.0490972492   0.1554004732   0.2207483670
 8  3  -0.1331282372   0.0530194940   0.0037718195   0.0577567762  -0.0154091178
 8  4   0.2322425242   0.0357627123  -0.0123543252   0.0027453978   0.0072143665
 8  5  -0.0025185298   0.0000223390   0.0085258308   0.0039852945  -0.0288812131
 8  6   0.0555147818  -0.0555195428  -0.0909545979  -0.0411138323  -0.0332674890
 8  7   0.0499026296   0.0210785021  -0.2583678691   0.1477945851   0.0902770382
 8  8   0.3071234937   0.0986514692  -0.0220057363   0.0260247387   0.0053317854
 8  9  -0.0106943683   0.0143907606
 9  1  -0.0548003272  -0.1037353247  -0.1720655782   0.2261266977  -0.0530311548
 9  2   0.1203150339   0.0272805731   0.0127452667  -0.0583550136  -0.0126946985
 9  3  -0.0547845487  -0.0325020942   0.0210907508  -0.0244004065   0.0051575416
 9  4   0.2489147678   0.2501209665  -0.0177223471   0.0083126263   0.0132091979
 9  5  -0.0050369999  -0.0080871860   0.0158388090   0.0294874145  -0.0450435795
 9  6   0.2389279913  -0.0509907236  -0.0620098049  -0.0454166608   0.0228397040
 9  7  -0.0234963942  -0.0414691123   0.1394200493   0.0169416662  -0.1021186959
 9  8  -0.0727115762  -0.2167047426  -0.0425147601   0.0509143115   0.0184698298
 9  9  -0.0161314932   0.0272800752
10  1  -0.1529124015   0.2162413077   0.2566055120   0.0695641411  -0.0190436748
10  2   0.2031296364  -0.0051222557  -0.2655298631  -0.0286600717   0.1407699750
10  3  -0.0062627646  -0.2209764197   0.0018349744   0.1331503841  -0.1721072612
10  4   0.0196156878   0.0116994861  -0.0753272251  -0.1383798398  -0.0012024556
10  5  -0.1121501728   0.0042469122   0.0722640406  -0.0582234681   0.0373887979
10  6   0.0059301271   0.0095286581   0.0066463916   0.0076234212  -0.0087200428
10  7   0.0003249072  -0.0038301798  -0.0439335474  -0.0189649947  -0.0079938913
10  8  -0.0156733983   0.0512792955   0.0037166140  -0.0004127143   0.0054419281
10  9   0.0001838541   0.0034578295
11  1  -0.0810431347  -0.1934709365   0.0865379756  -0.0736555343  -0.0009843485
11  2   0.0259125159   0.0014789614   0.0692062464   0.0098404073   0.2476648218
11  3   0.0044232770   0.1040885475  -0.0014241323   0.0992191866  -0.0223613370
11  4  -0.0075095126  -0.3186649107  -0.0027167122   0.0002311659   0.0002213840
11  5  -0.0006797735  -0.0018362151  -0.0400975272  -0.2623146762   0.3692869408
11  6   0.1275268979  -0.0053391505   0.0602559642  -0.0034503903   0.0036117209
11  7   0.0004079991   0.0012780095   0.0171367422   0.0076966890  -0.0977582601
11  8  -0.1591083475  -0.0268372813   0.0428501845   0.0003166949   0.0635877546
11  9  -0.0012386518   0.0392503057
12  1  -0.0488442828  -0.1235299796  -0.2027753461   0.2647257958   0.0201158967
12  2   0.1563114143  -0.0232392557   0.0431643875  -0.1496082716  -0.0068835460
12  3   0.0505427334   0.0332763123   0.0018705563  -0.0121859356   0.0221000821
12  4   0.1442392383  -0.0182856611   0.0099877478   0.0186098807  -0.0030422220
12  5   0.0150380587  -0.0062944999  -0.0113826791  -0.0052804371   0.0145490098
12  6   0.0058361134   0.0721901958   0.0070195989   0.0571165648  -0.0649150812
12  7  -0.0001635663  -0.0283423401  -0.3281421921  -0.1417862539  -0.0042009094
12  8  -0.0207443004   0.3864532800   0.0017563301  -0.0031777226   0.0026044170
12  9   0.0020672403   0.0016458567
13  1  -0.3230369795   0.2024602203   0.1856561586   0.1363346233  -0.0804716779
13  2   0.0283219711   0.2081361592  -0.0696627154  -0.0472983055  -0.0010826300
13  3  -0.0408400210   0.1290218234   0.1960578824  -0.0625572222   0.1071621885
13  4   0.0111474359  -0.0500816355   0.1488848346   0.0092134772   0.0857490282
13  5   0.0117029081  -0.0849609712  -0.0750523513   0.0343901430  -0.0098268947
13  6  -0.0262157689  -0.0068808204  -0.0071035478  -0.0020003561   0.0049454107
13  7   0.0063373414  -0.0057229383   0.0399107396  -0.0114082493   0.0199337287
13  8   0.0395329314  -0.0318424382   0.0028971119   0.0035724398  -0.0016952439
13  9  -0.0007511328  -0.0018857981
14  1  -0.0977881636  -0.2156604587   0.0581832328   0.0144865679   0.1039663846
14  2   0.0683491929  -0.0466201357   0.0561087484  -0.1461519287   0.2164364292
14  3   0.1445658653   0.0398120278  -0.0044766974   0.0545311365  -0.0124439515
14  4  -0.2572504721   0.0612614003  -0.0119904121   0.0035330715  -0.0074063861
14  5  -0.0027807297   0.0008933953   0.0090361872   0.0094164569  -0.0338232337
14  6   0.0793456755   0.0676216912  -0.0889439000   0.0472762030   0.0302355565
14  7   0.0478906257  -0.0166803276   0.2431564936  -0.1492479208   0.0777909680
14  8   0.3032737961  -0.0509950068  -0.0262026916  -0.0313795292   0.0073229485
14  9   0.0114660078   0.0178077290
15  1  -0.0103754352  -0.1095901450  -0.1756288817   0.2072485978  -0.0236613537
15  2   0.1648524199  -0.0337110919   0.0150806668  -0.0641507571   0.0361829496
15  3  -0.0264198365   0.0085173213  -0.0329928066   0.0490299772  -0.0364364171
15  4   0.2289337081  -0.2401935817  -0.0236023023  -0.0106388417  -0.0104505716
15  5   0.0014331412   0.0127650894   0.0059879528  -0.0401169045   0.0459558246
15  6  -0.2331227001  -0.0504177470   0.0496913480  -0.0421387407   0.0252341252
15  7   0.0276052684  -0.0432472390   0.1603516875   0.0040299430   0.1092955752
15  8   0.1138215368  -0.2156863852   0.0404151714   0.0489180169  -0.0180902220
15  9  -0.0139256492  -0.0268678280
16  1  -0.3191027072   0.1499201846   0.0436074663   0.0641291908  -0.0648115927
16  2  -0.0197052452   0.2091725086   0.2331056839   0.0063895998  -0.1160750962
16  3   0.0531197072   0.1527503067  -0.2052429848  -0.0173808386  -0.0708651309
16  4  -0.0501675032   0.0022593882  -0.0777729728  -0.0846576960   0.0589799535
16  5   0.0938719345   0.1042872335   0.0527367232   0.0273601671  -0.0312744347
16  6   0.0094312790  -0.0023185910   0.0178976695  -0.0179802673   0.0034938446
16  7   0.0027045758  -0.0087179291  -0.0077045387   0.0164425213  -0.0037670372
16  8  -0.0181611101   0.0154179935  -0.0016025829  -0.0021535485   0.0049153140
16  9  -0.0077820116  -0.0064849631
17  1  -0.0994722951  -0.2125390409   0.0679344786   0.0244602115   0.1072554394
17  2   0.0734600288  -0.0497025041   0.0315526694  -0.1476120528   0.2040658786
17  3   0.1240565830   0.0227868303   0.0283580955   0.0322829187   0.0094283211
17  4  -0.2232291686   0.0751335199   0.0081532265   0.0106010176  -0.0053351285
17  5  -0.0045124109  -0.0034601741   0.0096106129   0.1087239952  -0.1653617124
17  6  -0.0489203963  -0.0873166702  -0.0095847632  -0.0909322145   0.0090155976
17  7  -0.0433472753  -0.0559795802  -0.2939351029   0.0822494048   0.1071614386
17  8  -0.2890674341  -0.1388935262  -0.0051482719  -0.0062775868   0.0166704287
17  9  -0.0280593829  -0.0241206779
18  1   0.0234355347  -0.0761513247  -0.1180749035   0.1108902034  -0.1392738521
18  2   0.1388952725   0.0010694440  -0.0314613598   0.1283472143   0.0625158317
18  3  -0.2259186511   0.0216814941   0.0062157393   0.0503157688  -0.0226703458
18  4  -0.2257127454  -0.2315269195   0.0069384042   0.0029795548  -0.0052918413
18  5  -0.0114584731  -0.0072877683   0.0121314495   0.2237041767  -0.3177478178
18  6   0.0575067246  -0.0510039571   0.0875082874  -0.0370872587   0.0123234970
18  7   0.0260710089  -0.0056149823   0.1523143751   0.0665377318  -0.1075768951
18  8   0.0499917421   0.2076268250  -0.0111097185  -0.0148380178   0.0326889483
18  9  -0.0496856087  -0.0415967520
19  1   0.1569949543   0.0933162158  -0.0165479180  -0.2499532895   0.1327339700
19  2   0.3757479538  -0.3405862755   0.3009038165   0.0603272256  -0.1890147766
19  3  -0.1786186845   0.3971097121   0.4301380527  -0.1798799668   0.2784147269
19  4  -0.0287084060  -0.0155674970  -0.4668223415   0.0163363783   0.4145375779
19  5  -0.5003397473   0.5161621365  -0.3804794029   0.1136935733  -0.1111400720
19  6  -0.1077823289   0.1551714849  -0.1382523317   0.0145784262   0.0371708565
19  7  -0.1024758997  -0.1133123117  -0.0655060537   0.0418436464  -0.0797535991
19  8   0.0664120544  -0.0343361144  -0.0156524894   0.0202148630   0.0422792544
19  9   0.0659597225  -0.0493776181
20  1  -0.0559297922  -0.1475759596   0.1587657961  -0.2032334707  -0.1755094982
20  2  -0.0357456201   0.0965163228   0.0223834492   0.2750362138   0.2921813673
20  3  -0.2038674043   0.0521275959  -0.0613386153   0.1182745009  -0.0640267658
20  4   0.1194658981  -0.2138544358   0.0454203753  -0.0010227862  -0.0503837422
20  5   0.0702255383  -0.0975615252   0.0933518260   0.2135448702  -0.2155421602
20  6  -0.3137186820   0.4745808910  -0.3448124415   0.3242678727   0.1157109076
20  7  -0.3901454722  -0.4356458045  -0.2392379686   0.0655948718  -0.4130278047
20  8   0.2077333883  -0.2641664450   0.0880921944  -0.1122492162  -0.2413829925
20  9  -0.3830221619   0.2893313966
21  1  -0.0286214556  -0.0539648764  -0.0895261055   0.0998520920  -0.2294865670
21  2   0.0624998445   0.1126280750  -0.0423186937   0.2366358724   0.0639023367
21  3  -0.2834911226  -0.0562955681  -0.1010341232   0.0334754372  -0.0491197348
21  4  -0.2888234423   0.0609731158   0.0859478415   0.0019290624  -0.0817356210
21  5   0.1046697416  -0.1215420436   0.0788768734  -0.1785954961   0.3187343608
21  6  -0.2259827725   0.2010608601  -0.3306363677   0.1170416667   0.0938848020
21  7  -0.2542465117  -0.3215420129  -0.1703104433   0.1764951923  -0.2061702637
21  8   0.2598960859  -0.0159716729  -0.1322324349   0.1692315240   0.3600670532
21  9   0.5654498365  -0.4256146302
22  1   0.1534499654   0.1878219314   0.2396555319  -0.1218432731   0.1059178881
22  2   0.4654834248  -0.3742086803  -0.1962475071   0.0477944957   0.0025398135
22  3   0.1210587691   0.2512483413  -0.4593356245  -0.2448888395   0.5373735156
22  4   0.0522317600  -0.0914329435  -0.1663635298   0.5596721216   0.5454298891
22  5  -0.1009597569  -0.3733672361   0.5073903664  -0.2254044171   0.0684813654
22  6   0.0542387310  -0.0430172037   0.0198204997  -0.0093784701  -0.0077002610
22  7   0.0118701952  -0.0024879253  -0.0090851403   0.0149045741  -0.0107736430
22  8   0.0146283301  -0.0253494540   0.0982696196  -0.1144306283  -0.0355776440
22  9   0.0360724025  -0.0577250935
23  1  -0.0527197259  -0.1520217077   0.1437199055  -0.2219324099  -0.1838200314
23  2  -0.0452504497   0.0845990053   0.0587918101   0.2882775168   0.1842885859
23  3  -0.2727933717   0.0210917955   0.0179264977   0.0183233634  -0.0212029590
23  4   0.0614833392   0.3847357148   0.0187060308  -0.0261656077  -0.0399548816
23  5   0.0111612840   0.0580673129  -0.0340476285   0.0322763074  -0.0261491944
23  6  -0.2679271383  -0.2861946618  -0.3936605324  -0.2702672781  -0.4059749566
23  7   0.4546141686  -0.3641191358   0.1368306830  -0.3240846935  -0.4395371528
23  8  -0.2994584883  -0.2471148332   0.2611661654  -0.3034566215  -0.0908848107
23  9   0.0972867219  -0.1519780558
24  1  -0.0874417048  -0.1143751173  -0.1932098427   0.2723257580  -0.0202120345
24  2   0.1111908869   0.0397429595   0.0327113018  -0.1305450164   0.0046149127
24  3   0.0011023494  -0.0419338475   0.0645930851   0.0299088472  -0.0747128453
24  4   0.3327710792   0.0934339116   0.0275195478  -0.0828668066  -0.0847497564
24  5   0.0091591172   0.0495720062  -0.0784865949   0.0548028149  -0.0405845063
24  6   0.4145637096   0.0686142954   0.0820705222   0.0660734662   0.2172198082
24  7  -0.2343118449   0.1520693513  -0.0607349155   0.2790331244   0.1580848582
24  8   0.2452278003  -0.0593112669   0.5068737916  -0.5894328513  -0.1867150192
24  9   0.1837373866  -0.2957357990
25  1  -0.1558598443   0.2572723107   0.3675626739   0.1258901797  -0.0312255085
25  2   0.2407548473  -0.0101874231  -0.5625963838  -0.0573316995   0.3070241623
25  3  -0.0049633389  -0.4925409842   0.0044389743   0.2206760352  -0.1176023590
25  4  -0.0386620263  -0.0464894846  -0.6359832653   0.5181017834   0.0035538659
25  5   0.6326090430  -0.0340394447  -0.4617627088   0.2016127185  -0.0163923423
25  6   0.0193292614   0.0627894945  -0.0065021173   0.0563439501  -0.0957808118
25  7  -0.0026496870   0.0278769000   0.0552659642   0.0884239490  -0.0095776334
25  8  -0.0128880021  -0.0642180788  -0.0452182999   0.0005134394  -0.0625366264
25  9   0.0007974035  -0.0375598949
26  1  -0.0797006909  -0.1959600978   0.0787626847  -0.0816058743  -0.0036046903
26  2   0.0218384366   0.0029769198   0.0929835965   0.0177019150   0.2341207573
26  3  -0.0010617138   0.1267533998  -0.0021695524   0.0922485076  -0.0269385732
26  4   0.0150169282  -0.3085523244   0.0426186209  -0.0525506118  -0.0000044989
26  5  -0.0614851872   0.0020250145   0.0022354279  -0.2889434254   0.3828992724
26  6   0.1458588976  -0.0258386696   0.0568874562  -0.0224663519   0.0378115678
26  7   0.0009318231  -0.0110966637  -0.0217460094  -0.0342238952  -0.1193301636
26  8  -0.1780882836   0.0176091235  -0.5240857666  -0.0020420202  -0.7225576942
26  9   0.0125508118  -0.4315484200
27  1  -0.0755270966  -0.1496323693  -0.2477395732   0.3401491652   0.1103106127
27  2   0.1763432926  -0.0492311268   0.0872985992  -0.2818657454  -0.0304934086
27  3   0.1827829688   0.0656623781   0.0145050996  -0.0237664948   0.0147435487
27  4  -0.2844996372  -0.0103997604   0.0872907745  -0.0724828910  -0.0076579951
27  5  -0.0876593737  -0.0205260946   0.0631087662  -0.0379990381   0.0229993617
27  6   0.0038861534   0.4667754124   0.0359398522   0.4207872357  -0.7186120688
27  7  -0.0014992587   0.2073736484   0.4147414884   0.6602868322  -0.0032031247
27  8   0.0101147807  -0.4763807043  -0.0213981522   0.0046805853  -0.0294551350
27  9  -0.0016568635  -0.0176354058
28  1  -0.4592045055   0.2328679238   0.2415122695   0.2451718634  -0.1408015055
28  2  -0.0707743083   0.3686578271  -0.1987442051  -0.0952927522   0.0074802757
28  3  -0.0881590603   0.2788980000   0.4536744991  -0.2378485111   0.5381638192
28  4   0.0348829811  -0.1073007105  -0.1683274540   0.5634211070  -0.5466189963
28  5  -0.0879560954   0.4332316866   0.4635470627  -0.2334217555   0.0736825402
28  6  -0.0620729747   0.0627337775  -0.0001800986   0.0309856820   0.0684791096
28  7   0.0802017655   0.0468277840  -0.0086717564   0.0639752541  -0.0574965387
28  8  -0.0553076068   0.0074313383  -0.0345671591  -0.0404908887   0.0135659617
28  9   0.0111078996   0.0205369279
29  1  -0.1094791354  -0.2358576107   0.0273096029   0.0750507371   0.1836269809
29  2   0.0972367245  -0.0826976585   0.0719576437  -0.2701471394   0.1803225777
29  3   0.2727775222  -0.0018662999  -0.0183566151   0.0194355505  -0.0194673404
29  4  -0.0960286401   0.3904941194   0.0195064820  -0.0269353145   0.0406805545
29  5   0.0093151898  -0.0619582755  -0.0269696509   0.0407215557  -0.0291232114
29  6  -0.2263127476   0.3016886235  -0.3454644276   0.2699199977   0.3769148067
29  7   0.4350414499   0.3440682992  -0.1322080712   0.2967494106  -0.4195027994
29  8  -0.2904043885   0.2296139193   0.3112020288   0.3654161616  -0.1107719808
29  9  -0.1067612008  -0.1882113249
30  1  -0.0082607016  -0.1248114051  -0.1995623671   0.2386802184   0.0321387384
30  2   0.1905738312  -0.0686137115   0.0343379002  -0.1406584430   0.0113455806
30  3   0.0587237013  -0.0300812152  -0.0599754078   0.0378476385  -0.0712978080
30  4   0.3268799974  -0.0260216407   0.0194790607  -0.0701996728   0.0659742557
30  5   0.0173026026  -0.0642127358  -0.0541300309   0.0118923868   0.0184453337
30  6  -0.4406739899   0.0884914859  -0.1133694712   0.0923212190   0.2449973554
30  7   0.2720072677   0.1813604081  -0.0767453303   0.3063676872  -0.1921175248
30  8  -0.2668175891  -0.0596771908  -0.4821251658  -0.5665600918   0.1801801800
30  9   0.1611439318   0.2921509135
31  1  -0.4501495591   0.1379970555  -0.0145992203   0.1138145012  -0.1117773008
31  2  -0.1556475265   0.3638976529   0.2970589400   0.0223241738  -0.1976364476
31  3   0.1475534308   0.3746116867  -0.4491773824  -0.1890984013   0.2799453274
31  4  -0.0494277164  -0.0337941164  -0.4738177462   0.0166422127  -0.4262360072
31  5  -0.5093324646  -0.5652943259  -0.3222255016   0.1632202088  -0.1874098446
31  6  -0.0463083295  -0.0981865243  -0.0612435776   0.0136172406  -0.0123519504
31  7  -0.0373583917   0.0308763475   0.0206069921   0.0052729555  -0.0288051564
31  8  -0.0033705150   0.0325702582   0.0206472674   0.0265740714  -0.0563532205
31  9   0.0866534016   0.0720064820
32  1  -0.1121676921  -0.2307020917   0.0432825971   0.0910084386   0.1886435337
32  2   0.1054228438  -0.1031959906   0.0361963831  -0.2974003645   0.2908411905
32  3   0.2418382641   0.0352950991   0.0639798028   0.1205744859  -0.0631259143
32  4  -0.0878954301  -0.2058517302   0.0477472346  -0.0008935165   0.0529649851
32  5   0.0731880172   0.1104813538   0.0819744366   0.1840104407  -0.1838567495
32  6  -0.3315862818  -0.4621527510  -0.4387492761  -0.3305434473  -0.1223560246
32  7  -0.4176594614   0.4701418955   0.2545611975  -0.0809688633  -0.4366125147
32  8   0.2150449051   0.2843767338   0.0733654086   0.0945727435  -0.2006031473
32  9   0.3107171901   0.2582698709
33  1   0.0496624924  -0.0643233451  -0.0958709357   0.0666751729  -0.1775817428
33  2   0.1410472808   0.0079476958  -0.0444060851   0.2112998547   0.0216122086
33  3  -0.3025424966  -0.0201336376   0.0228110844   0.0260822288  -0.0345968740
33  4  -0.2970275860  -0.0771354545   0.0445733917  -0.0063712412   0.0360535312
33  5   0.0380137116   0.0328751734   0.0305147785   0.1671200998  -0.2995367043
33  6   0.2102591522   0.1576413574   0.3382149675   0.0784209730   0.0861592977
33  7   0.2309489293  -0.2944862226  -0.1548734062   0.1722833546   0.1789346681
33  8  -0.2454165592  -0.0174680113   0.1393267710   0.1805944767  -0.3782808121
33  9   0.5791240069   0.4793208124
34  1  -0.1388014177   0.0412540962  -0.2162963940  -0.1714242767   0.0334988651
34  2   0.0441276172   0.0096724990  -0.0052705446  -0.0019177015   0.0215968930
34  3   0.0171575618  -0.1129864406   0.0031338660   0.1928640376   0.1564011653
34  4  -0.0004099405  -0.0168007041  -0.0006681580  -0.0281375454  -0.0002130911
34  5   0.0053569259   0.0002295847   0.0112075817   0.2230877127   0.1189832940
34  6   0.0038784348   0.0047029963   0.0007034343  -0.0385715334  -0.0001074041
34  7   0.0031685373   0.0004042658   0.0010623140   0.0004312553   0.0022981257
34  8   0.0008757650   0.0009374258  -0.0000399863  -0.0000041969  -0.0000650077
34  9  -0.0000330195   0.0001210223
35  1  -0.0873643237  -0.1793359691   0.1288334673  -0.0357195915   0.0080770407
35  2   0.0454762847  -0.0032026834   0.0550121420   0.0029603775  -0.1904591714
35  3  -0.0214105019  -0.2113076392   0.0016930860  -0.2459366152   0.0991113799
35  4   0.0001852796  -0.1002969074  -0.0032206410  -0.0297535998   0.0000958062
35  5   0.0106505364   0.0000281227  -0.0007150954  -0.0953374287  -0.0615815744
35  6   0.0116415987  -0.0011090852  -0.0247429786   0.0165093908   0.0000492724
35  7   0.0024987911  -0.0002417587  -0.0002338604  -0.0001157711   0.0007507528
35  8  -0.0005744952  -0.0003253516   0.0000317677   0.0000029407   0.0001570080
35  9   0.0000218110  -0.0003791023
36  1   0.0771280800  -0.0130002910  -0.0106957983  -0.0638723959  -0.3594565229
36  2   0.0818019273   0.0780775776   0.0028466977  -0.0084065774  -0.0133258491
36  3   0.1890314238  -0.0040605603   0.0199400774  -0.0351128288  -0.0138424726
36  4  -0.0023996905  -0.0031504636  -0.0000504829   0.0020011147  -0.0021884420
36  5  -0.0001762789  -0.0056845803  -0.0010379167  -0.0312684121  -0.0174534951
36  6  -0.0001264353   0.0431157663   0.0006746491  -0.3203603491  -0.0008439326
36  7   0.0000030197   0.0037283748   0.0075670267   0.0028540350  -0.0001979912
36  8  -0.0003822534   0.0064268366   0.0000053857  -0.0000428349   0.0000168071
36  9  -0.0002394937  -0.0000429654
37  1   0.0305990742   0.0139519700  -0.2571688328  -0.2927520073   0.1057169435
37  2   0.1777790202   0.2997872509  -0.1263125247  -0.1037507563   0.0348824448
37  3   0.0294767421   0.0484634019  -0.0006630184  -0.1769470742  -0.0664971012
37  4  -0.0072274058   0.0019189256   0.0022468974   0.0049564679   0.0010173296
37  5   0.0046808939   0.0029919416  -0.0092684332  -0.2533582436  -0.1365337561
37  6  -0.0015156987  -0.0326902608  -0.0043298666   0.2164546288   0.0007149797
37  7  -0.0024514535  -0.0045943535  -0.0039362068   0.0011226558  -0.0023040177
37  8  -0.0012348124  -0.0005240315   0.0000558002   0.0000228136   0.0000906315
37  9   0.0000972389  -0.0002119519
38  1  -0.0658790992  -0.1838407976   0.0875790827  -0.1556430352  -0.0818217293
38  2  -0.0141649210  -0.0209556412  -0.1438000347  -0.3284252872  -0.2919159920
38  3  -0.2909598397   0.1219250117  -0.0405900384   0.1418552596  -0.1120276198
38  4   0.0003467035   0.0077801822   0.0036362799   0.0287020515  -0.0018312546
38  5  -0.0110000223  -0.0033582442   0.0032311904   0.1266183759   0.0717713864
38  6   0.0000884034   0.0205676161  -0.0012363379  -0.1152077742  -0.0010351204
38  7  -0.0000259208   0.0055043696  -0.0063913406  -0.0040422368   0.0015410647
38  8   0.0001782425  -0.0064073406  -0.0000683236   0.0000739127   0.0000886713
38  9   0.0002956605   0.0000479547
39  1  -0.0417808826   0.0057524317   0.0037425641  -0.0200100551  -0.4492876859
39  2  -0.0422753403  -0.1472347767   0.0106666835  -0.0719260327  -0.0861979250
39  3   0.0738892807   0.0019669134   0.0073774960   0.4602698886   0.1050891216
39  4  -0.0086541199   0.0216159965  -0.0012862551  -0.0180171741   0.0021038133
39  5   0.0114813241   0.0045252374  -0.0093036200  -0.2801520385  -0.1531718711
39  6  -0.0032880973  -0.0424800656  -0.0014427557   0.2890940723   0.0017138176
39  7  -0.0031937291  -0.0084709456  -0.0030379288   0.0026896478  -0.0041877518
39  8   0.0003662846  -0.0002103815   0.0000414513   0.0000422321   0.0001313159
39  9   0.0000755037  -0.0002735451
40  1  -0.3318333715   0.0404249169  -0.2565467887  -0.0758684595  -0.0401894295
40  2  -0.1396314755  -0.3292150232  -0.1277687895   0.0754994384   0.0501923985
40  3  -0.0009008369   0.0481472497   0.0028646311  -0.2775651347  -0.0900663442
40  4   0.0050110598  -0.0033340085   0.0022893702   0.0094260722  -0.0005442381
40  5   0.0016240736  -0.0030961718  -0.0065089980  -0.1782857888  -0.0957251084
40  6  -0.0009554550   0.0223559335  -0.0018161796  -0.1406358440  -0.0002527702
40  7  -0.0013862165   0.0023724182   0.0030125562  -0.0004534752  -0.0011833818
40  8  -0.0013125963   0.0002937185   0.0000437939  -0.0000128681   0.0000545289
40  9  -0.0000709198  -0.0001418803
41  1  -0.0991545815  -0.2348052875   0.0150592055   0.0180888074   0.1360599558
41  2   0.0690830965   0.0302444162  -0.1674516740   0.3251437105  -0.2988322794
41  3   0.2891646141   0.1011766253   0.0369162014   0.1856017829  -0.1018377601
41  4   0.0003972558   0.0099495271   0.0036897515   0.0271711852   0.0016238788
41  5  -0.0098455450   0.0034752058   0.0017658638   0.0948659298   0.0544586427
41  6  -0.0000787217  -0.0158467568  -0.0029537320   0.0832780682   0.0008299860
41  7  -0.0005007970  -0.0044762197   0.0065253770   0.0036543020   0.0011328871
41  8  -0.0003051422   0.0062527675  -0.0000612827  -0.0000763670   0.0000952325
41  9  -0.0002973728   0.0000085572
42  1   0.0000000000   0.0000000000   0.0000000000  -0.0372321944  -0.4207699947
42  2   0.0000000000  -0.0705480348   0.0099077245  -0.0612645704   0.0439490799
42  3   0.1078026638  -0.0088837820   0.0125763821  -0.3881125022  -0.0971194827
42  4  -0.0095961201  -0.0203779847   0.0011096940   0.0192742544   0.0024505078
42  5  -0.0134079528   0.0076558546   0.0106344391   0.3426100722   0.1874751948
42  6   0.0041225949  -0.0517626574  -0.0026083295   0.3415667256   0.0018550370
42  7   0.0030764530  -0.0096581485  -0.0031123591   0.0031918691   0.0047086185
42  8  -0.0000900457   0.0003191573  -0.0000576832   0.0000413202  -0.0001449173
42  9   0.0000606233   0.0003318231
$end
