$jbas
*
c aug-cc-pVTZ
# c     (12s5p4d2f1g) / [6s4p3d1f1g]     {711111/2111/211/2/1}
*
   7  s
  1861.0916331      0.74417100000E-01
  642.99397640      0.16539570000
  235.11057250      0.55764840000
  90.702889400       1.3108298000
  36.779455200       2.1694681000
  15.604627300       1.7668846000
  6.8907294000      0.29307690000
   1  s
  3.1478850000     -0.17087020000
   1  s
  1.4777287000      0.16415530000
   1  s
 0.70764660000      0.41499410000
   1  s
 0.34301220000      0.16243660000
   1  s
 0.16694530000      0.20767500000E-01
   2  p
  13.547289200     -0.20647700000E-01
  5.4669419000     -0.11528200000E-01
   1  p
  2.1751721000      0.45591400000E-01
   1  p
 0.85821940000      0.28360000000E-02
   1  p
 0.33767200000      0.18187500000E-01
   2  d
  5.9287253000     -0.22594800000E-01
  1.9809209000     -0.47682700000E-01
   1  d
 0.80554170000     -0.36537200000E-01
   1  d
 0.35312440000     -0.14541700000E-01
   2  f
  1.6755626000      0.88798000000E-02
 0.59975360000      0.69903000000E-02
   1  g
  1.0024600000     -0.22192000000E-02
*
s aug-cc-pVTZ
# s     (14s5p5d2f1g) / [8s4p3d1f1g]     {71111111/2111/311/2/1}
*
   7  s
  7399.0303145      0.72279330000
  2710.1675859       1.3706745000
  1034.3279062       4.3217500000
  410.46454110       8.7624644000
  168.97625020       10.528990900
  71.968788900       3.0836598000
  31.617268300      -1.5821203000
   1  s
  14.279683600       4.4920092000
   1  s
  6.6060948000       5.6247567000
   1  s
  3.1181477000      0.23311330000
   1  s
  1.4954039000     -0.45274010000
   1  s
 0.72547790000      0.67316170000
   1  s
 0.35442160000      0.40156530000
   1  s
 0.17355250000      0.61036900000E-01
   2  p
  12.699879900      0.45797100000E-01
  4.4295784000     -0.39496800000E-01
   1  p
  1.5232889000      0.35733800000E-01
   1  p
 0.51946670000     -0.40859000000E-02
   1  p
 0.17665470000     -0.36880000000E-02
   3  d
  16.854646100      0.26323600000E-01
  5.0810461000     -0.19077300000E-01
  1.5102323000      0.21366800000E-01
   1  d
 0.44513310000      0.21936900000E-01
   1  d
 0.13083620000      0.16925000000E-02
   2  f
  1.0809860000       1.0000000000
 0.41614740000       1.0000000000
   1  g
 0.67071000000     -0.44361000000E-02
*
o aug-cc-pVTZ
# o     (12s5p4d2f1g) / [6s4p3d1f1g]     {711111/2111/211/2/1}
*
   7  s
  2876.8216605      0.14435580000
  1004.7443032      0.29200410000
  369.75799540       1.0258517000
  142.94424040       2.2875516000
  57.836642500       3.6080237000
  24.386498300       2.3737865000
  10.662266200      0.48941400000E-01
   1  s
  4.8070437000     -0.12951860000
   1  s
  2.2210770000      0.77471580000
   1  s
  1.0447795000      0.76478160000
   1  s
 0.49684250000      0.23698030000
   1  s
 0.23713840000      0.20809900000E-01
   2  p
  64.261338200     -0.12665900000E-01
  16.300607600     -0.37874400000E-01
   1  p
  4.3550542000      0.63807800000E-01
   1  p
  1.2019554000      0.16951600000E-01
   1  p
 0.33541960000      0.65743000000E-02
   2  d
  9.2146611000     -0.59791400000E-01
  2.8435251000     -0.84672400000E-01
   1  d
 0.99557590000     -0.46606600000E-01
   1  d
 0.36494410000     -0.96978000000E-02
   2  f
  2.6420115000       1.0000000000
 0.73456130000       1.0000000000
   1  g
  1.3931000000     -0.16533000000E-02
*
u def-TZVPP
# u     (18s7p7d6f6g3h5i) / [14s7p7d6f5g2h2i]
# {51111111111111/1111111/1111111/111111/21111/21/41}
*
   5  s
  13742.500811     -0.68213100000E-01
  6430.0766389      0.20700760000
  3021.4532458     -0.34837640000
  1425.4526776      0.46070690000
  675.01494820     -0.55918360000
   1  s
  320.76191510      0.66900730000
   1  s
  152.91319600     -0.90454700000
   1  s
  73.110995400       1.5492018000
   1  s
  35.049170700      -3.7437433000
   1  s
  16.842668900       11.319931900
   1  s
  8.1107708000      -23.456852900
   1  s
  3.9130064000       17.730692700
   1  s
  1.8907526000      0.61974850000
   1  s
 0.91477120000       2.4223749000
   1  s
 0.44301800000      0.78188630000
   1  s
 0.21470320000      0.65872200000E-01
   1  s
 0.10409760000      0.13688050000
   1  s
 0.50478300000E-01  0.55678000000E-02
   1  p
  6.9552087000      0.47220900000E-01
   1  p
  3.5370285000     -0.92623900000E-01
   1  p
  1.6052354000      0.19047900000E-01
   1  p
 0.72901260000     -0.98887000000E-02
   1  p
 0.37149380000     -0.16967700000E-01
   1  p
 0.18466260000      0.36710200000E-01
   1  p
 0.91792300000E-01  0.79083000000E-02
   1  d
  12.418130400     -0.10938100000E-01
   1  d
  6.2504737000      0.24507400000E-01
   1  d
  2.9525926000     -0.17678700000E-01
   1  d
  1.0056114000     -0.95659000000E-02
   1  d
 0.43368970000      0.41860000000E-02
   1  d
 0.19499920000      0.14255200000E-01
   1  d
 0.79037700000E-01  0.28594000000E-02
   1  f
  19.328711200      0.39398000000E-02
   1  f
  7.4341200000     -0.89105000000E-02
   1  f
  2.8592770000      0.23839000000E-02
   1  f
  1.0997220000      0.23839000000E-02
   1  f
 0.19459020000     -0.42039000000E-02
   1  f
 0.74842400000E-01 -0.31930000000E-03
   2  g
  13.415382400     -0.44890000000E-03
  5.9640005000      0.42541000000E-02
   1  g
  3.0338553000     -0.56753000000E-02
   1  g
  1.2962023000     -0.31094000000E-02
   1  g
 0.54826030000      0.37782000000E-02
   1  g
 0.23660820000      0.41990000000E-03
   2  h
  5.7338652000      0.39814000000E-02
  1.0802748000     -0.43263000000E-02
   1  h
 0.29039670000     -0.13615000000E-02
   4  i
  9.3867906000      0.30190000000E-02
  4.2571400000      0.10761600000E-01
  1.8187374000      0.62808000000E-02
 0.73191400000      0.12325000000E-02
   1  i
 0.31270780000      0.79400000000E-04
*
h aug-cc-pVTZ
# h     (5s2p1d) / [3s1p1d]     {311/2/1}
*
   3  s
  15.675292700      0.18688600000E-01
  3.6063578000      0.63167000000E-01
  1.2080016000      0.12046090000
   1  s
 0.47267940000      0.59248500000E-01
   1  s
 0.20181000000      0.51272000000E-02
   2  p
  2.0281365000       1.0000000000
 0.53587300000       1.0000000000
   1  d
  2.2165124000      0.33116000000E-02
*
$end
