$coord
   -4.13782647823844      1.51031527234137      0.00000000000000  c
   -2.82182042889726     -1.65458680193907      0.00000000000000  s
   -1.09275273096238     -1.56403365749164     -2.32791854916458  o
    3.04741118803966     -0.87249316953003      0.00000000000000  u
    6.78862261364143     -0.15112352040383      1.33927319717381  o
   -1.09275273096238     -1.56403365749164      2.32791854916458  o
    3.45642273562322     -4.20766952335800      0.00000000000000  o
    2.19513456830502      2.39124903916383      0.00000000000000  o
   -5.28893133320980      1.72813855467531      1.69522281053226  h
   -2.54125512161286      2.81315487530909      0.00000000000000  h
   -5.28893133320980      1.72813855467531     -1.69522281053226  h
    6.78862261364143     -0.15112352040383     -1.33927319717381  o
$user-defined bonds
$redundant
     number_of_atoms            12
     degrees_of_freedom         18
     internal_coordinates       18
     frozen_coordinates          0
# definitions of redundant internals
   1 k  1.4142135623731 stre   4    5           val=   4.03865
   2 k  1.4142135623731 stre   4    3           val=   4.79983
   3 k  1.0000000000000 stre   1   10           val=   2.06069
   4 k  1.0000000000000 stre   5   12           val=   2.67855
   5 k  1.0000000000000 stre   4    7           val=   3.36016
   6 k  1.0000000000000 stre   2    1           val=   3.42761
   7 k  1.0000000000000 stre   4    8           val=   3.37319
   8 k  1.4142135623731 stre   2    6           val=   2.90122
   9 k  1.4142135623731 stre   1    9           val=   2.06065
  10 k -0.3848036961224 bend   9   10    1      val=   2.22319
       -0.3848036961224 bend  11   10    1
       -0.4094311599537 bend  11    9    1
        0.4257616350654 bend   2   10    1
        0.4212750801237 bend   2    9    1
        0.4212750801237 bend   2   11    1
  11 k -0.5000000000000 tors   3    2    6    4 val=  -4.80700
        0.5000000000000 tors   2    6    4    3
       -0.5000000000000 tors   6    4    3    2
        0.5000000000000 tors   4    3    2    6
  12 k  0.3866451730919 bend   9   10    1      val=   0.67799
        0.3866451730918 bend  11   10    1
       -0.7427338064269 bend  11    9    1
        0.3091582721420 bend   2   10    1
       -0.1639796874711 bend   2    9    1
       -0.1639796874712 bend   2   11    1
  13 k -0.4322893880415 outp   5    3   12    4 val=   1.21796
       -0.4322893880415 outp  12    5    6    4
       -0.5595765229052 outp   5    6    3    4
       -0.5595765229052 outp  12    6    3    4
  14 k  0.3756612961174 bend   5    7    4      val=   6.91868
        0.3578143785068 bend   5    8    4
        0.3756612961174 bend  12    7    4
        0.3578143785068 bend  12    8    4
       -0.3480320129402 bend   3    7    4
       -0.3312418740165 bend   3    8    4
       -0.3480320129402 bend   6    7    4
       -0.3312418740165 bend   6    8    4
  15 k -0.5000000000000 bend   4    2    3      val=  -7.53182
        0.5000000000000 bend   3    6    2
       -0.5000000000000 bend   2    4    6
        0.5000000000000 bend   6    3    4
  16 k  0.1597445301906 bend   9   10    1      val=   0.73803
        0.1597445301906 bend  11   10    1
       -0.3133867042967 bend  11    9    1
       -0.7546720671879 bend   2   10    1
        0.3749814760256 bend   2    9    1
        0.3749814760257 bend   2   11    1
  17 k  0.7071067811865 bend   3    1    2      val= 101.53710
        0.7071067811865 bend   6    1    2
  18 k -0.3576868606766 bend   5    7    4      val=   0.69729
        0.3757952219577 bend   5    8    4
       -0.3576868606766 bend  12    7    4
        0.3757952219577 bend  12    8    4
        0.3313795682710 bend   3    7    4
       -0.3478873992911 bend   3    8    4
        0.3313795682710 bend   6    7    4
       -0.3478873992911 bend   6    8    4
        18 non zero eigenvalues  of BmBt
           1           4.855058140    1    0
         1
           2           3.909054827    2    0
         2
           3           3.398528863    3    0
         3
           4           3.195112392    4    0
         4
           5           2.078211728    5    0
         5
           6           1.897372586    6    0
         6
           7           1.837360473    7    0
         7
           8           1.124637133    8    0
         8
           9           0.998607809    9    0
         9
          10           0.903671496   10    0
        10
          11           0.724705514   11    0
        11
          12           0.580872269   12    0
        12
          13           0.483019719   13    0
        13
          14           0.428295075   14    0
        14
          15           0.385437608   15    0
        15
          16           0.228730508   16    0
        16
          17           0.152403362   17    0
        17
          18           0.014795043   18    0
        18
$end
