$dipgrad          cartesian dipole gradients
  -.10137364894980D+00  0.17776214880617D-01  0.90619630698521D-18
  0.29428160512682D+00  -.51220353644441D+00  -.70459509913306D-17
  -.89622501093313D-16  0.79982377292927D-16  0.72060259197148D-01
  0.14656248696841D+01  -.31106206819985D+00  -.14694195604664D-16
  -.22255440206740D+00  0.76200978372686D+00  -.22585641427494D-16
  0.74422503351952D-15  0.47478175592677D-15  0.13476801346184D+01
  -.15391933450008D+01  0.93366901364223D-01  0.30843655420991D+00
  -.15336857173045D+00  -.42315889567208D+00  0.23115300762365D-01
  0.26255119323452D+00  -.18029387576853D+00  -.97656668557287D+00
  0.38328064040410D+01  -.24007526874521D+00  0.17819628318528D-16
  -.16927845313942D+00  0.36635229038500D+01  0.41436661081438D-17
  0.14359808480509D-15  0.38897180265672D-16  0.13768218397164D+01
  -.98926228646600D+00  -.10010564983779D+00  -.20309102343298D+00
  -.13866254860116D+00  -.30639946863437D+00  -.28595735137351D-01
  -.87518086946548D+00  -.13866881781118D+00  -.50742477879400D+00
  -.15391933450008D+01  0.93366901364224D-01  -.30843655420991D+00
  -.15336857173045D+00  -.42315889567206D+00  -.23115300762365D-01
  -.26255119323452D+00  0.18029387576853D+00  -.97656668557288D+00
  -.50454394672470D+00  0.22175145965489D+00  -.87929618936068D-17
  0.18034163152374D-01  -.18928643903749D+01  0.10302263269154D-17
  -.10969676069057D-15  0.13688837886211D-15  -.39079102144695D+00
  -.71201628727904D+00  0.29398018054508D+00  0.52151357245247D-17
  0.57266595189025D+00  -.16427929171466D+01  0.12109856488107D-17
  -.76426219562905D-16  -.76896036699082D-16  -.42081669413809D+00
  -.10872886573697D-01  0.39468041849671D-01  0.67554435543799D-01
  0.30569656568667D-01  0.44815481729850D-01  0.86372578412158D-02
  0.11118205484000D+00  -.29682180001383D-01  -.40828308404548D-01
  0.98159645174796D-01  -.47829104887996D-01  0.54924480532616D-17
  0.29774062563212D-01  -.81860785920442D-02  -.52649523109980D-17
  0.11759627705711D-16  -.63051410848484D-18  0.64685027460874D-01
  -.10872886573698D-01  0.39468041849671D-01  -.67554435543799D-01
  0.30569656568668D-01  0.44815481729850D-01  -.86372578412158D-02
  -.11118205484000D+00  0.29682180001383D-01  -.40828308404548D-01
  -.98926228646595D+00  -.10010564983779D+00  0.20309102343298D+00
  -.13866254860116D+00  -.30639946863437D+00  0.28595735137351D-01
  0.87518086946548D+00  0.13866881781118D+00  -.50742477879399D+00
$end
