$grad          cartesian gradients
  cycle =      2    SCF energy =    -1366.1234629470   |dE/dxyz| =  0.004569
   -4.13390384025735      1.51055775278849      0.00000000000000      c
   -2.82519487010994     -1.65727474217056      0.00000000000000      s
   -1.09607870099407     -1.56931605675989     -2.32809060784561      o
    3.04311170355927     -0.87321616752978      0.00000000000000      u
    6.78571013117230     -0.14545075695404      1.33328890883528      o
   -1.09607870099407     -1.56931605675989      2.32809060784561      o
    3.45664647504933     -4.20757029700080      0.00000000000000      o
    2.18579668338464      2.38941075748511      0.00000000000000      o
   -5.28013489706928      1.73237461878093      1.69850452533288      h
   -2.53350565568598      2.80880953184042      0.00000000000000      h
   -5.28013489706928      1.73237461878093     -1.69850452533288      h
    6.78571013117230     -0.14545075695404     -1.33328890883528      o
  -.17338140273537D-03  -.10627010480491D-03  0.00000000000000D+00
  -.85071656299007D-04  -.83830342724411D-04  0.00000000000000D+00
  -.23410225944431D-04  0.33094636430864D-04  -.94690779661732D-08
  -.14521592196814D-03  -.16164038812194D-03  0.00000000000000D+00
  0.82593012226795D-04  0.59506460562408D-04  -.31902417642078D-02
  -.23410225944431D-04  0.33094636430864D-04  0.94690779661732D-08
  -.57133643287521D-04  0.21814194855274D-03  0.00000000000000D+00
  -.10299844506712D-03  -.47245052833489D-04  0.00000000000000D+00
  0.17373017966815D-03  0.18681255099573D-04  0.35685239146122D-03
  -.10332050718587D-03  0.55908391335180D-04  0.00000000000000D+00
  0.17373017966815D-03  0.18681255099573D-04  -.35685239146122D-03
  0.82593012226795D-04  0.59506460562408D-04  0.31902417642078D-02
  cycle =      3    SCF energy =    -1366.1234790860   |dE/dxyz| =  0.001841
   -4.13762032388764      1.51059914295326      0.00000000000000      c
   -2.82296278057240     -1.65492384787110      0.00000000000000      s
   -1.09384139890018     -1.56656781496620     -2.32809041980349      o
    3.04585949414518     -0.87301971251233      0.00000000000000      u
    6.78772322899769     -0.14906817968069      1.33676605955861      o
   -1.09384139890018     -1.56656781496620      2.32809041980349      o
    3.45725850678036     -4.20804807268917      0.00000000000000      o
    2.19260452980161      2.39075591005084      0.00000000000000      o
   -5.28560985531641      1.72990180637182      1.69711458834941      h
   -2.53973981367146      2.81203740216553      0.00000000000000      h
   -5.28560985531641      1.72990180637182     -1.69711458834941      h
    6.78772322899769     -0.14906817968069     -1.33676605955861      o
  -.38359268811528D-03  -.93845087162592D-04  0.00000000000000D+00
  0.25663129093800D-04  0.21657443990186D-03  0.00000000000000D+00
  0.11264280766810D-04  -.10300012517606D-03  -.53844941639625D-04
  -.15924105161247D-03  -.34814214622259D-04  0.00000000000000D+00
  0.34482107958311D-04  0.44365622819953D-04  -.12315769896381D-02
  0.11264280766810D-04  -.10300012517606D-03  0.53844941639625D-04
  0.48334830662355D-05  0.55335219606434D-05  0.00000000000000D+00
  -.75486103523481D-05  0.81897447673285D-04  0.00000000000000D+00
  0.13926048133484D-03  0.15059141537599D-04  0.14665852149853D-03
  -.49056629731759D-04  0.16956894189679D-04  0.00000000000000D+00
  0.13926048133484D-03  0.15059141537599D-04  -.14665852149853D-03
  0.34482107958311D-04  0.44365622819953D-04  0.12315769896381D-02
  cycle =      4    SCF energy =    -1366.1234822740   |dE/dxyz| =  0.000492
   -4.13646840092565      1.51060045648668      0.00000000000000      c
   -2.82318016615303     -1.65552837430117      0.00000000000000      s
   -1.09376684431886     -1.56627314718660     -2.32776358951697      o
    3.04610985278076     -0.87271274554639      0.00000000000000      u
    6.78699612006778     -0.14915091656633      1.33913107407861      o
   -1.09376684431886     -1.56627314718660      2.32776358951697      o
    3.45720573568169     -4.20776235928733      0.00000000000000      o
    2.19224040912058      2.39070976135122      0.00000000000000      o
   -5.28597043790363      1.72975260857388      1.69592468856144      h
   -2.53848154403708      2.81196861720196      0.00000000000000      h
   -5.28597043790363      1.72975260857388     -1.69592468856144      h
    6.78699612006778     -0.14915091656633     -1.33913107407861      o
  -.15918459101838D-03  -.89654617974055D-05  0.00000000000000D+00
  -.10044695575750D-03  -.32617318157735D-04  0.00000000000000D+00
  0.93698636356443D-05  -.78155743805652D-05  0.29242465537038D-04
  0.46284417994258D-04  0.98356743730488D-04  0.00000000000000D+00
  -.32889911569356D-04  0.27263174249947D-04  0.29126186282014D-03
  0.93698636356443D-05  -.78155743805652D-05  -.29242465537038D-04
  0.22296663262367D-05  0.22708909540370D-04  0.00000000000000D+00
  -.59816800225931D-04  -.33340220646494D-04  0.00000000000000D+00
  0.71911936101454D-04  -.84070537209047D-05  0.13828873963506D-04
  -.23574037411822D-04  0.35709209024404D-04  0.00000000000000D+00
  0.71911936101454D-04  -.84070537209047D-05  -.13828873963506D-04
  -.32889911569356D-04  0.27263174249947D-04  -.29126186282014D-03
  cycle =      5    SCF energy =    -1366.1234824230   |dE/dxyz| =  0.000276
   -4.13757076238859      1.51052167493626      0.00000000000000      c
   -2.82244033097392     -1.65481394153961      0.00000000000000      s
   -1.09322986454237     -1.56537046359982     -2.32790121601275      o
    3.04673410965231     -0.87268621498012      0.00000000000000      u
    6.78794170612365     -0.15016397703214      1.33887690782397      o
   -1.09322986454237     -1.56537046359982      2.32790121601275      o
    3.45695342707461     -4.20784000769701      0.00000000000000      o
    2.19414008284476      2.39112117247563      0.00000000000000      o
   -5.28745590850298      1.72894311445041      1.69584043506437      h
   -2.54038483020792      2.81281241471483      0.00000000000000      h
   -5.28745590850298      1.72894311445041     -1.69584043506437      h
    6.78794170612365     -0.15016397703214     -1.33887690782397      o
  -.18218498184730D-03  -.30473880510584D-04  0.00000000000000D+00
  -.17953782297297D-04  0.91743717137049D-04  0.00000000000000D+00
  0.43822167343777D-05  -.54663385060660D-04  -.34959232486642D-05
  -.64576199974908D-04  0.31855920554769D-04  0.00000000000000D+00
  -.63951179498645D-05  0.33259122234952D-04  -.72383875316717D-04
  0.43822167343777D-05  -.54663385060660D-04  0.34959232486642D-05
  0.43177501156677D-05  -.10068109263628D-04  0.00000000000000D+00
  -.65609790427246D-05  0.51431446010497D-04  0.00000000000000D+00
  0.46941525667976D-04  -.61164785638002D-05  0.22822924895416D-04
  -.19735053545133D-04  0.26652182233855D-04  0.00000000000000D+00
  0.46941525667976D-04  -.61164785638002D-05  -.22822924895416D-04
  -.63951179498645D-05  0.33259122234952D-04  0.72383875316717D-04
  cycle =      6    SCF energy =    -1366.1234824460   |dE/dxyz| =  0.000173
   -4.13749452787328      1.51042109006397      0.00000000000000      c
   -2.82203570593823     -1.65473593575721      0.00000000000000      s
   -1.09294223128971     -1.56456091205807     -2.32792485166375      o
    3.04713701739784     -0.87258000047727      0.00000000000000      u
    6.78828085212887     -0.15068178398251      1.33922398915037      o
   -1.09294223128971     -1.56456091205807      2.32792485166375      o
    3.45660114690009     -4.20771118701818      0.00000000000000      o
    2.19439013874733      2.39106239990889      0.00000000000000      o
   -5.28834010535469      1.72849622935634      1.69534770672897      h
   -2.54065153804484      2.81296901219516      0.00000000000000      h
   -5.28834010535469      1.72849622935634     -1.69534770672897      h
    6.78828085212887     -0.15068178398251     -1.33922398915037      o
  -.88911946223291D-05  0.64120433069803D-05  0.00000000000000D+00
  -.24659037567432D-04  0.26401735798487D-04  0.00000000000000D+00
  -.65264321733594D-05  -.20993364370447D-04  0.79611847780825D-06
  0.11071941137253D-04  0.38139492046785D-04  0.00000000000000D+00
  -.18032344188512D-04  0.29791782497623D-04  0.94160618907324D-04
  -.65264321733594D-05  -.20993364370447D-04  -.79611847780825D-06
  -.54209713860054D-05  0.37672273887068D-04  0.00000000000000D+00
  -.49759571247865D-04  -.64547450548957D-05  0.00000000000000D+00
  -.21047612267733D-04  -.87348868496040D-05  0.28318764477842D-05
  -.26508411991255D-04  0.34086982605430D-05  0.00000000000000D+00
  -.21047612267733D-04  -.87348868496040D-05  -.28318764477842D-05
  -.18032344188512D-04  0.29791782497623D-04  -.94160618907324D-04
$end
