$hessapprox internal
  0.499617686929D+00  0.815509299179D-03  0.500269426391D+00 -0.120730411654D-02
  0.433896771155D-03  0.430152697301D+00  0.117715532787D-02 -0.686848983034D-02
  0.273972807493D-02  0.416479141260D+00  0.165744141631D-03  0.155258274007D-02
 -0.162510475805D-02 -0.113527714358D-01  0.502037510902D+00 -0.899582610349D-03
  0.600594217018D-05 -0.100280996104D-02  0.583738736168D-02 -0.155997226550D-02
  0.354950165389D+00  0.298434911807D-03  0.170984944163D-02 -0.187767775082D-02
 -0.120041068355D-01  0.185897086991D-02 -0.171388548761D-02  0.502098570449D+00
 -0.952743144513D-03  0.587042783452D-03 -0.133272124301D-02  0.751168174717D-02
 -0.445655963632D-03 -0.594378092263D-03 -0.762511577067D-03  0.883986007598D+00
  0.137968241623D-02 -0.750903588747D-03  0.216573305025D-02 -0.110732039331D-02
  0.107702257490D-02  0.127409997211D-02  0.176420058653D-02  0.114897615565D-02
  0.429620094648D+00  0.158313460705D-02 -0.843938623069D-03  0.201924679885D-02
 -0.104205667955D-01  0.103059798179D-02  0.121297068728D-02  0.146269708748D-02
  0.171696218259D-02 -0.207288550828D-02  0.333396238583D+00  0.110245527694D-01
  0.485780484988D-03  0.100764487724D-01 -0.839630579244D-01  0.182103311425D-01
  0.229045610393D-02  0.200916947569D-01  0.833819325515D-02 -0.135208619185D-01
 -0.146286617762D-01  0.175025118999D+00  0.934476017781D-02 -0.383053708688D-02
  0.104434858093D-01 -0.685517446987D-01  0.677913279660D-02  0.579112847251D-02
  0.964309754719D-02  0.909299915078D-02 -0.104506373221D-01 -0.154571174225D-01
 -0.710829803602D-01  0.240223598539D+00 -0.204617357067D-02 -0.100238683023D-02
 -0.601749141142D-03  0.230951096483D-01 -0.396816136054D-02  0.647468634170D-03
 -0.441044413186D-02 -0.964931493262D-03  0.117044095643D-02  0.173911006520D-02
 -0.714672012649D-02  0.716965124273D-02  0.203581416075D+00 -0.190590303748D-02
 -0.258558630290D-02  0.122947649123D-02  0.302094752243D-01 -0.556370453184D-02
  0.230870370191D-02 -0.590419256163D-02 -0.574138142110D-04 -0.328840597532D-03
  0.762792247947D-04 -0.267781307432D-01 -0.313654758178D-02  0.765961308373D-02
  0.212815407587D+00  0.134842469457D-02  0.855423135649D-03 -0.104996435270D-03
 -0.874814134265D-02  0.228727739410D-02 -0.767192013471D-04  0.307253037764D-02
  0.763874811469D-03 -0.495099124660D-04 -0.421996320665D-03  0.386222808335D-02
 -0.601260849822D-03 -0.217659116271D-02 -0.445514105052D-02  0.290198398246D+00
  0.425294189557D-02 -0.126739904998D-02  0.480793633061D-02 -0.255417512303D-01
  0.462469697882D-02  0.266727197613D-02  0.562110324595D-02  0.443399924372D-02
 -0.566431313578D-02 -0.687800992548D-02 -0.295290022311D-01 -0.359796230212D-01
  0.202301060230D-02 -0.372570725896D-02  0.659744838665D-03  0.332454178620D+00
  0.593126971649D-02  0.694447601748D-02 -0.359804753284D-02 -0.751281190383D-01
  0.148312240944D-01 -0.468187030265D-02  0.167512264373D-01  0.192344575592D-02
  0.122971863695D-02 -0.508227031750D-03  0.612912384759D-01  0.659387172737D-02
 -0.187519818837D-01 -0.326275469979D-01  0.164748755019D-01  0.105503503387D-01
  0.560406558073D+00 -0.245544549076D-02 -0.208224442421D-02  0.291152861508D-03
  0.329562903616D-01 -0.554980924588D-02  0.178871870606D-02 -0.617062823534D-02
 -0.493387558766D-03  0.365088691892D-03  0.110948775959D-02 -0.199955296151D-01
  0.238530786482D-02  0.669453006039D-02  0.121634167911D-01 -0.387958602743D-02
 -0.777625203352D-03 -0.300849016772D-01  0.211309733358D+00
$end
