$hessian (projected)
 1  1   0.5389923338   0.0793317711   0.0000000000  -0.0474592154  -0.0216416030
 1  2   0.0000000000  -0.0098953660   0.0260570120   0.0084834958   0.0010360821
 1  3   0.0020462178   0.0000000000  -0.0002927627  -0.0000966087  -0.0002436057
 1  4  -0.0098953660   0.0260570120  -0.0084834958  -0.0003560932   0.0003714391
 1  5   0.0000000000  -0.0005032924  -0.0001747907   0.0000000000  -0.1302396440
 1  6   0.0156926662   0.1266809228  -0.2108542695  -0.1432391735   0.0000000000
 1  7  -0.1302396440   0.0156926662  -0.1266809228  -0.0002927627  -0.0000966087
 1  8   0.0002436057
 2  1   0.0793317711   0.3679664175   0.0000000000   0.0253668571  -0.1466559154
 2  2   0.0000000000   0.0030781332   0.0092048518  -0.0038223899  -0.0026721571
 2  3  -0.0006843957   0.0000000000   0.0004793249   0.0001324678   0.0004970515
 2  4   0.0030781332   0.0092048518   0.0038223899   0.0003759984  -0.0001996812
 2  5   0.0000000000   0.0014079207   0.0016981345   0.0000000000   0.0134592892
 2  6  -0.0446029524  -0.0228629739  -0.1378438847  -0.1515932943   0.0000000000
 2  7   0.0134592892  -0.0446029524   0.0228629739   0.0004793249   0.0001324678
 2  8  -0.0004970515
 3  1   0.0000000000   0.0000000000   0.5656965597   0.0000000000   0.0000000000
 3  2  -0.0371146508   0.0190145712  -0.0217937766  -0.0089808632   0.0000000000
 3  3   0.0000000000  -0.0035793833  -0.0000293505  -0.0000128734   0.0000200315
 3  4  -0.0190145712   0.0217937766  -0.0089808632   0.0000000000   0.0000000000
 3  5   0.0010686790   0.0000000000   0.0000000000   0.0006418971   0.1274153894
 3  6  -0.0254463293  -0.2315315310   0.0000000000   0.0000000000  -0.0457283762
 3  7  -0.1274153894   0.0254463293  -0.2315315310   0.0000293505   0.0000128734
 3  8   0.0000200315
 4  1  -0.0474592154   0.0253668571   0.0000000000   0.4791211648   0.0387321347
 4  2   0.0000000000  -0.1954679617  -0.0306621484   0.1395765733  -0.0460106235
 4  3  -0.0128389687   0.0000000000   0.0031812943   0.0007276702   0.0026972625
 4  4  -0.1954679617  -0.0306621484  -0.1395765733   0.0034599321  -0.0018464803
 4  5   0.0000000000  -0.0001220814   0.0082834176   0.0000000000  -0.0064765767
 4  6   0.0103385306  -0.0008588062   0.0085373118  -0.0185050652   0.0000000000
 4  7  -0.0064765767   0.0103385306   0.0008588062   0.0031812943   0.0007276702
 4  8  -0.0026972625
 5  1  -0.0216416030  -0.1466559154   0.0000000000   0.0387321347   0.2910803931
 5  2   0.0000000000  -0.0116477975  -0.0598026882   0.0058634618  -0.0029441755
 5  3   0.0123610787   0.0000000000  -0.0003178321  -0.0002352977  -0.0003091864
 5  4  -0.0116477975  -0.0598026882  -0.0058634618  -0.0011259985  -0.0028113317
 5  5   0.0000000000   0.0039363914  -0.0058381403   0.0000000000  -0.0027754625
 5  6   0.0031456628   0.0011556737   0.0125254351  -0.0343514381   0.0000000000
 5  7  -0.0027754625   0.0031456628  -0.0011556737  -0.0003178321  -0.0002352977
 5  8   0.0003091864
 6  1   0.0000000000   0.0000000000  -0.0371146508   0.0000000000   0.0000000000
 6  2   0.5087268443   0.1505108215   0.0203973376  -0.2428307590   0.0000000000
 6  3   0.0000000000   0.0272351558  -0.0003459459  -0.0000650703  -0.0000996765
 6  4  -0.1505108215  -0.0203973376  -0.2428307590   0.0000000000   0.0000000000
 6  5  -0.0046367565   0.0000000000   0.0000000000  -0.0046543523   0.0080327534
 6  6  -0.0188936717  -0.0021868003   0.0000000000   0.0000000000   0.0006782311
 6  7  -0.0080327534   0.0188936717  -0.0021868003   0.0003459459   0.0000650703
 6  8  -0.0000996765
 7  1  -0.0098953660   0.0030781332   0.0190145712  -0.1954679617  -0.0116477975
 7  2   0.1505108215   0.1865554283  -0.0024252943  -0.1483659673  -0.0093429629
 7  3   0.0043692905  -0.0033440606  -0.0066301964  -0.0013925976  -0.0031360453
 7  4   0.0395966065   0.0081550384  -0.0127444467  -0.0036092982   0.0091102953
 7  5  -0.0023883059   0.0037084075  -0.0138276096  -0.0028635089  -0.0010257811
 7  6   0.0060256468  -0.0002361187  -0.0004629642   0.0010958165  -0.0002720780
 7  7   0.0006379054  -0.0016270095   0.0002411604  -0.0040638172  -0.0009139121
 7  8   0.0035839784
 8  1   0.0260570120   0.0092048518  -0.0217937766  -0.0306621484  -0.0598026882
 8  2   0.0203973376  -0.0024252943   0.0476288673   0.0042307528   0.0019202622
 8  3  -0.0195557845   0.0005241012  -0.0009767984   0.0004248715  -0.0004468178
 8  4   0.0081550384   0.0133854800  -0.0006300765   0.0039647071   0.0065791022
 8  5   0.0020529723  -0.0064515185   0.0011680673  -0.0043529093   0.0041722029
 8  6  -0.0070557916  -0.0006038613  -0.0027008878   0.0073479197   0.0003593492
 8  7  -0.0005439758   0.0007927699  -0.0002601015  -0.0005085993  -0.0001176655
 8  8   0.0005230299
 9  1   0.0084834958  -0.0038223899  -0.0089808632   0.1395765733   0.0058634618
 9  2  -0.2428307590  -0.1483659673   0.0042307528   0.2987835436  -0.0104983219
 9  3  -0.0040324330  -0.0229794800  -0.0015515202  -0.0001957122   0.0004163874
 9  4   0.0127444467   0.0006300765  -0.0320171374  -0.0004667305   0.0027664653
 9  5   0.0024238813  -0.0012005865  -0.0010731743   0.0025187008   0.0013629906
 9  6  -0.0028802455   0.0014257837  -0.0006442250  -0.0001062893  -0.0007218355
 9  7   0.0021344597  -0.0010982900   0.0009454048  -0.0015746147  -0.0002822224
 9  8   0.0010163734
10  1   0.0010360821  -0.0026721571   0.0000000000  -0.0460106235  -0.0029441755
10  2   0.0000000000  -0.0093429629   0.0019202622  -0.0104983219   0.4437939513
10  3  -0.1102716293   0.0000000000  -0.1320728161  -0.0208819513  -0.0423248306
10  4  -0.0093429629   0.0019202622   0.0104983219  -0.0530393471   0.0739008499
10  5   0.0000000000  -0.0633034262   0.0801377889   0.0000000000   0.0006881879
10  6  -0.0006194134  -0.0004294653  -0.0010214544   0.0010115281   0.0000000000
10  7   0.0006881879  -0.0006194134   0.0004294653  -0.1320728161  -0.0208819513
10  8   0.0423248306
11  1   0.0020462178  -0.0006843957   0.0000000000  -0.0128389687   0.0123610787
11  2   0.0000000000   0.0043692905  -0.0195557845  -0.0040324330  -0.1102716293
11  3   0.9762449839   0.0000000000  -0.0211623177  -0.0278817186  -0.0084285163
11  4   0.0043692905  -0.0195557845   0.0040324330   0.0582546225  -0.4557724366
11  5   0.0000000000   0.0920081278  -0.4326354250   0.0000000000  -0.0004874928
11  6  -0.0013950622   0.0000435291   0.0053626699  -0.0018486746   0.0000000000
11  7  -0.0004874928  -0.0013950622  -0.0000435291  -0.0211623177  -0.0278817186
11  8   0.0084285163
12  1   0.0000000000   0.0000000000  -0.0035793833   0.0000000000   0.0000000000
12  2   0.0272351558  -0.0033440606   0.0005241012  -0.0229794800   0.0000000000
12  3   0.0000000000   0.1208669371  -0.0420930675  -0.0082264797  -0.0216522661
12  4   0.0033440606  -0.0005241012  -0.0229794800   0.0000000000   0.0000000000
12  5  -0.0275888186   0.0000000000   0.0000000000  -0.0280618774   0.0007962022
12  6  -0.0007577877  -0.0001711729   0.0000000000   0.0000000000   0.0007338244
12  7  -0.0007962022   0.0007577877  -0.0001711729   0.0420930675   0.0082264797
12  8  -0.0216522661
13  1  -0.0002927627   0.0004793249  -0.0000293505   0.0031812943  -0.0003178321
13  2  -0.0003459459  -0.0066301964  -0.0009767984  -0.0015515202  -0.1320728161
13  3  -0.0211623177  -0.0420930675   0.1294362214   0.0206275312   0.0432996736
13  4  -0.0040638172  -0.0005085993   0.0015746147   0.0033057664  -0.0165931362
13  5   0.0011498697  -0.0056389655   0.0143652175  -0.0011404608  -0.0001034380
13  6   0.0000361061   0.0000784267   0.0003263546  -0.0000922553  -0.0000137730
13  7  -0.0001274082   0.0000435390  -0.0000706195   0.0126797673   0.0040992204
13  8  -0.0008578472
14  1  -0.0000966087   0.0001324678  -0.0000128734   0.0007276702  -0.0002352977
14  2  -0.0000650703  -0.0013925976   0.0004248715  -0.0001957122  -0.0208819513
14  3  -0.0278817186  -0.0082264797   0.0206275312   0.0264910784   0.0083303412
14  4  -0.0009139121  -0.0001176655   0.0002822224  -0.0075177747   0.0000924192
14  5  -0.0058527335   0.0054134944   0.0087275293   0.0058518394  -0.0000097249
14  6   0.0000338294   0.0000132946  -0.0000371822   0.0000282423   0.0000158787
14  7  -0.0000181648   0.0000388841  -0.0000074489   0.0040992204  -0.0077346404
14  8  -0.0001332582
15  1  -0.0002436057   0.0004970515   0.0000200315   0.0026972625  -0.0003091864
15  2  -0.0000996765  -0.0031360453  -0.0004468178   0.0004163874  -0.0423248306
15  3  -0.0084285163  -0.0216522661   0.0432996736   0.0083303412   0.2888080594
15  4  -0.0035839784  -0.0005230299   0.0010163734   0.0037305104  -0.0124790700
15  5   0.0018951407  -0.0013502419   0.0132381996   0.0018835826  -0.0001317728
15  6   0.0000320338   0.0000727398   0.0002722619  -0.0000878274  -0.0000403436
15  7  -0.0000870810   0.0000435635  -0.0000612180   0.0008578472   0.0001332582
15  8  -0.2722588105
16  1  -0.0098953660   0.0030781332  -0.0190145712  -0.1954679617  -0.0116477975
16  2  -0.1505108215   0.0395966065   0.0081550384   0.0127444467  -0.0093429629
16  3   0.0043692905   0.0033440606  -0.0040638172  -0.0009139121  -0.0035839784
16  4   0.1865554283  -0.0024252943   0.1483659673  -0.0036092982   0.0091102953
16  5   0.0023883059   0.0037084075  -0.0138276096   0.0028635089   0.0006379054
16  6  -0.0016270095  -0.0002411604  -0.0004629642   0.0010958165   0.0002720780
16  7  -0.0010257811   0.0060256468   0.0002361187  -0.0066301964  -0.0013925976
16  8   0.0031360453
17  1   0.0260570120   0.0092048518   0.0217937766  -0.0306621484  -0.0598026882
17  2  -0.0203973376   0.0081550384   0.0133854800   0.0006300765   0.0019202622
17  3  -0.0195557845  -0.0005241012  -0.0005085993  -0.0001176655  -0.0005230299
17  4  -0.0024252943   0.0476288673  -0.0042307528   0.0039647071   0.0065791022
17  5  -0.0020529723  -0.0064515185   0.0011680673   0.0043529093  -0.0005439758
17  6   0.0007927699   0.0002601015  -0.0027008878   0.0073479197  -0.0003593492
17  7   0.0041722029  -0.0070557916   0.0006038613  -0.0009767984   0.0004248715
17  8   0.0004468178
18  1  -0.0084834958   0.0038223899  -0.0089808632  -0.1395765733  -0.0058634618
18  2  -0.2428307590  -0.0127444467  -0.0006300765  -0.0320171374   0.0104983219
18  3   0.0040324330  -0.0229794800   0.0015746147   0.0002822224   0.0010163734
18  4   0.1483659673  -0.0042307528   0.2987835436   0.0004667305  -0.0027664653
18  5   0.0024238813   0.0012005865   0.0010731743   0.0025187008  -0.0021344597
18  6   0.0010982900   0.0009454048   0.0006442250   0.0001062893  -0.0007218355
18  7  -0.0013629906   0.0028802455   0.0014257837   0.0015515202   0.0001957122
18  8   0.0004163874
19  1  -0.0003560932   0.0003759984   0.0000000000   0.0034599321  -0.0011259985
19  2   0.0000000000  -0.0036092982   0.0039647071  -0.0004667305  -0.0530393471
19  3   0.0582546225   0.0000000000   0.0033057664  -0.0075177747   0.0037305104
19  4  -0.0036092982   0.0039647071   0.0004667305   0.0430147137  -0.0546544123
19  5   0.0000000000   0.0077662431   0.0040661329   0.0000000000  -0.0000773696
19  6   0.0001028058   0.0000986612  -0.0000836459  -0.0000158193   0.0000000000
19  7  -0.0000773696   0.0001028058  -0.0000986612   0.0033057664  -0.0075177747
19  8  -0.0037305104
20  1   0.0003714391  -0.0001996812   0.0000000000  -0.0018464803  -0.0028113317
20  2   0.0000000000   0.0091102953   0.0065791022   0.0027664653   0.0739008499
20  3  -0.4557724366   0.0000000000  -0.0165931362   0.0000924192  -0.0124790700
20  4   0.0091102953   0.0065791022  -0.0027664653  -0.0546544123   0.4412366475
20  5   0.0000000000  -0.0021190638   0.0037121158   0.0000000000   0.0001360180
20  6   0.0000690696  -0.0000728011  -0.0009586868   0.0003535040   0.0000000000
20  7   0.0001360180   0.0000690696   0.0000728011  -0.0165931362   0.0000924192
20  8   0.0124790700
21  1   0.0000000000   0.0000000000   0.0010686790   0.0000000000   0.0000000000
21  2  -0.0046367565  -0.0023883059   0.0020529723   0.0024238813   0.0000000000
21  3   0.0000000000  -0.0275888186   0.0011498697  -0.0058527335   0.0018951407
21  4   0.0023883059  -0.0020529723   0.0024238813   0.0000000000   0.0000000000
21  5   0.0156591540   0.0000000000   0.0000000000   0.0067933953  -0.0001476941
21  6   0.0002668117   0.0000347168   0.0000000000   0.0000000000  -0.0000031308
21  7   0.0001476941  -0.0002668117   0.0000347168  -0.0011498697   0.0058527335
21  8   0.0018951407
22  1  -0.0005032924   0.0014079207   0.0000000000  -0.0001220814   0.0039363914
22  2   0.0000000000   0.0037084075  -0.0064515185  -0.0012005865  -0.0633034262
22  3   0.0920081278   0.0000000000  -0.0056389655   0.0054134944  -0.0013502419
22  4   0.0037084075  -0.0064515185   0.0012005865   0.0077662431  -0.0021190638
22  5   0.0000000000   0.0606805833  -0.0903039486   0.0000000000  -0.0005829004
22  6  -0.0007039944   0.0000269905   0.0005088906  -0.0014453904   0.0000000000
22  7  -0.0005829004  -0.0007039944  -0.0000269905  -0.0056389655   0.0054134944
22  8   0.0013502419
23  1  -0.0001747907   0.0016981345   0.0000000000   0.0082834176  -0.0058381403
23  2   0.0000000000  -0.0138276096   0.0011680673  -0.0010731743   0.0801377889
23  3  -0.4326354250   0.0000000000   0.0143652175   0.0087275293   0.0132381996
23  4  -0.0138276096   0.0011680673   0.0010731743   0.0040661329   0.0037121158
23  5   0.0000000000  -0.0903039486   0.4111924808   0.0000000000   0.0003739823
23  6   0.0008468154  -0.0000288949  -0.0038317805   0.0003860103   0.0000000000
23  7   0.0003739823   0.0008468154   0.0000288949   0.0143652175   0.0087275293
23  8  -0.0132381996
24  1   0.0000000000   0.0000000000   0.0006418971   0.0000000000   0.0000000000
24  2  -0.0046543523  -0.0028635089  -0.0043529093   0.0025187008   0.0000000000
24  3   0.0000000000  -0.0280618774  -0.0011404608   0.0058518394   0.0018835826
24  4   0.0028635089   0.0043529093   0.0025187008   0.0000000000   0.0000000000
24  5   0.0067933953   0.0000000000   0.0000000000   0.0174468170  -0.0003143933
24  6  -0.0002521065   0.0000117601   0.0000000000   0.0000000000  -0.0009939667
24  7   0.0003143933   0.0002521065   0.0000117601   0.0011404608  -0.0058518394
24  8   0.0018835826
25  1  -0.1302396440   0.0134592892   0.1274153894  -0.0064765767  -0.0027754625
25  2   0.0080327534  -0.0010257811   0.0041722029   0.0013629906   0.0006881879
25  3  -0.0004874928   0.0007962022  -0.0001034380  -0.0000097249  -0.0001317728
25  4   0.0006379054  -0.0005439758  -0.0021344597  -0.0000773696   0.0001360180
25  5  -0.0001476941  -0.0005829004   0.0003739823  -0.0003143933   0.1362023570
25  6  -0.0168084154  -0.1382256728  -0.0099732177   0.0058203075   0.0183125193
25  7   0.0110778853  -0.0033185638  -0.0150529434  -0.0001274082  -0.0000181648
25  8   0.0000870810
26  1   0.0156926662  -0.0446029524  -0.0254463293   0.0103385306   0.0031456628
26  2  -0.0188936717   0.0060256468  -0.0070557916  -0.0028802455  -0.0006194134
26  3  -0.0013950622  -0.0007577877   0.0000361061   0.0000338294   0.0000320338
26  4  -0.0016270095   0.0007927699   0.0010982900   0.0001028058   0.0000690696
26  5   0.0002668117  -0.0007039944   0.0008468154  -0.0002521065  -0.0168084154
26  6   0.0445892525   0.0256005760  -0.0091618980   0.0040922584   0.0177234889
26  7  -0.0033185638  -0.0005547360   0.0035525039   0.0000435390   0.0000388841
26  8  -0.0000435635
27  1   0.1266809228  -0.0228629739  -0.2315315310  -0.0008588062   0.0011556737
27  2  -0.0021868003  -0.0002361187  -0.0006038613   0.0014257837  -0.0004294653
27  3   0.0000435291  -0.0001711729   0.0000784267   0.0000132946   0.0000727398
27  4  -0.0002411604   0.0002601015   0.0009454048   0.0000986612  -0.0000728011
27  5   0.0000347168   0.0000269905  -0.0000288949   0.0000117601  -0.1382256728
27  6   0.0256005760   0.2478843218  -0.0020173407   0.0000404113   0.0010975479
27  7   0.0150529434  -0.0035525039  -0.0175215529   0.0000706195   0.0000074489
27  8  -0.0000612180
28  1  -0.2108542695  -0.1378438847   0.0000000000   0.0085373118   0.0125254351
28  2   0.0000000000  -0.0004629642  -0.0027008878  -0.0006442250  -0.0010214544
28  3   0.0053626699   0.0000000000   0.0003263546  -0.0000371822   0.0002722619
28  4  -0.0004629642  -0.0027008878   0.0006442250  -0.0000836459  -0.0009586868
28  5   0.0000000000   0.0005088906  -0.0038317805   0.0000000000  -0.0099732177
28  6  -0.0091618980  -0.0020173407   0.2231328220   0.1485461830   0.0000000000
28  7  -0.0099732177  -0.0091618980   0.0020173407   0.0003263546  -0.0000371822
28  8  -0.0002722619
29  1  -0.1432391735  -0.1515932943   0.0000000000  -0.0185050652  -0.0343514381
29  2   0.0000000000   0.0010958165   0.0073479197  -0.0001062893   0.0010115281
29  3  -0.0018486746   0.0000000000  -0.0000922553   0.0000282423  -0.0000878274
29  4   0.0010958165   0.0073479197   0.0001062893  -0.0000158193   0.0003535040
29  5   0.0000000000  -0.0014453904   0.0003860103   0.0000000000   0.0058203075
29  6   0.0040922584   0.0000404113   0.1485461830   0.1641170519   0.0000000000
29  7   0.0058203075   0.0040922584  -0.0000404113  -0.0000922553   0.0000282423
29  8   0.0000878274
30  1   0.0000000000   0.0000000000  -0.0457283762   0.0000000000   0.0000000000
30  2   0.0006782311  -0.0002720780   0.0003593492  -0.0007218355   0.0000000000
30  3   0.0000000000   0.0007338244  -0.0000137730   0.0000158787  -0.0000403436
30  4   0.0002720780  -0.0003593492  -0.0007218355   0.0000000000   0.0000000000
30  5  -0.0000031308   0.0000000000   0.0000000000  -0.0009939667   0.0183125193
30  6   0.0177234889   0.0010975479   0.0000000000   0.0000000000   0.0446426807
30  7  -0.0183125193  -0.0177234889   0.0010975479   0.0000137730  -0.0000158787
30  8  -0.0000403436
31  1  -0.1302396440   0.0134592892  -0.1274153894  -0.0064765767  -0.0027754625
31  2  -0.0080327534   0.0006379054  -0.0005439758   0.0021344597   0.0006881879
31  3  -0.0004874928  -0.0007962022  -0.0001274082  -0.0000181648  -0.0000870810
31  4  -0.0010257811   0.0041722029  -0.0013629906  -0.0000773696   0.0001360180
31  5   0.0001476941  -0.0005829004   0.0003739823   0.0003143933   0.0110778853
31  6  -0.0033185638   0.0150529434  -0.0099732177   0.0058203075  -0.0183125193
31  7   0.1362023570  -0.0168084154   0.1382256728  -0.0001034380  -0.0000097249
31  8   0.0001317728
32  1   0.0156926662  -0.0446029524   0.0254463293   0.0103385306   0.0031456628
32  2   0.0188936717  -0.0016270095   0.0007927699  -0.0010982900  -0.0006194134
32  3  -0.0013950622   0.0007577877   0.0000435390   0.0000388841   0.0000435635
32  4   0.0060256468  -0.0070557916   0.0028802455   0.0001028058   0.0000690696
32  5  -0.0002668117  -0.0007039944   0.0008468154   0.0002521065  -0.0033185638
32  6  -0.0005547360  -0.0035525039  -0.0091618980   0.0040922584  -0.0177234889
32  7  -0.0168084154   0.0445892525  -0.0256005760   0.0000361061   0.0000338294
32  8  -0.0000320338
33  1  -0.1266809228   0.0228629739  -0.2315315310   0.0008588062  -0.0011556737
33  2  -0.0021868003   0.0002411604  -0.0002601015   0.0009454048   0.0004294653
33  3  -0.0000435291  -0.0001711729  -0.0000706195  -0.0000074489  -0.0000612180
33  4   0.0002361187   0.0006038613   0.0014257837  -0.0000986612   0.0000728011
33  5   0.0000347168  -0.0000269905   0.0000288949   0.0000117601  -0.0150529434
33  6   0.0035525039  -0.0175215529   0.0020173407  -0.0000404113   0.0010975479
33  7   0.1382256728  -0.0256005760   0.2478843218  -0.0000784267  -0.0000132946
33  8   0.0000727398
34  1  -0.0002927627   0.0004793249   0.0000293505   0.0031812943  -0.0003178321
34  2   0.0003459459  -0.0040638172  -0.0005085993  -0.0015746147  -0.1320728161
34  3  -0.0211623177   0.0420930675   0.0126797673   0.0040992204   0.0008578472
34  4  -0.0066301964  -0.0009767984   0.0015515202   0.0033057664  -0.0165931362
34  5  -0.0011498697  -0.0056389655   0.0143652175   0.0011404608  -0.0001274082
34  6   0.0000435390   0.0000706195   0.0003263546  -0.0000922553   0.0000137730
34  7  -0.0001034380   0.0000361061  -0.0000784267   0.1294362214   0.0206275312
34  8  -0.0432996736
35  1  -0.0000966087   0.0001324678   0.0000128734   0.0007276702  -0.0002352977
35  2   0.0000650703  -0.0009139121  -0.0001176655  -0.0002822224  -0.0208819513
35  3  -0.0278817186   0.0082264797   0.0040992204  -0.0077346404   0.0001332582
35  4  -0.0013925976   0.0004248715   0.0001957122  -0.0075177747   0.0000924192
35  5   0.0058527335   0.0054134944   0.0087275293  -0.0058518394  -0.0000181648
35  6   0.0000388841   0.0000074489  -0.0000371822   0.0000282423  -0.0000158787
35  7  -0.0000097249   0.0000338294  -0.0000132946   0.0206275312   0.0264910784
35  8  -0.0083303412
36  1   0.0002436057  -0.0004970515   0.0000200315  -0.0026972625   0.0003091864
36  2  -0.0000996765   0.0035839784   0.0005230299   0.0010163734   0.0423248306
36  3   0.0084285163  -0.0216522661  -0.0008578472  -0.0001332582  -0.2722588105
36  4   0.0031360453   0.0004468178   0.0004163874  -0.0037305104   0.0124790700
36  5   0.0018951407   0.0013502419  -0.0132381996   0.0018835826   0.0000870810
36  6  -0.0000435635  -0.0000612180  -0.0002722619   0.0000878274  -0.0000403436
36  7   0.0001317728  -0.0000320338   0.0000727398  -0.0432996736  -0.0083303412
36  8   0.2888080594
$end
