$vibrational normal modes
 1  1   0.0055560989   0.2140457647   0.0546560859   0.0508827514   0.0091723675
 1  2  -0.0175369933  -0.0000000000   0.3171851935  -0.0000000000   0.3686589788
 1  3   0.0634561484  -0.0000000000   0.0000000000   0.0000000000   0.0000000000
 1  4  -0.1078355894  -0.0329103782   0.0000000000   0.2152507565   0.0000000000
 1  5   0.0132787923  -0.0195175859  -0.1916301305  -0.0344829812   0.1061126850
 1  6   0.0000000000   0.1269850416   0.0709225682  -0.1143346517  -0.0000000000
 1  7  -0.0508048879   0.0568691967   0.0000000000   0.0154240346   0.0000000000
 1  8   0.0882424638
 2  1   0.0018206174   0.2873174311  -0.2001707690   0.0166732135   0.2736515759
 2  2   0.0876844171  -0.0000000000   0.2335239109  -0.0000000000   0.0066507495
 2  3  -0.1414274002  -0.0000000000  -0.0000000000   0.0000000000  -0.0000000000
 2  4   0.0218186963   0.0434407979  -0.0000000000  -0.1331633304  -0.0000000000
 2  5  -0.0067928585   0.0343091080   0.3735860232   0.0094614038   0.0477613828
 2  6  -0.0000000000   0.0836736306   0.0563714504  -0.0884473200  -0.0000000000
 2  7   0.1279633726   0.0173948096  -0.0000000000  -0.0391264787   0.0000000000
 2  8   0.0351734497
 3  1  -0.2035483205  -0.1095154186   0.3139372769   0.2445709420   0.2718310942
 3  2   0.3067402156  -0.1707126560   0.0000000000   0.3137157221   0.0000000000
 3  3  -0.0000000000   0.0112230875  -0.0401039320  -0.0518441815  -0.0089790168
 3  4  -0.0000000000  -0.0000000000  -0.2239787768   0.0000000000  -0.0001855554
 3  5   0.0000000000   0.0000000000   0.0000000000   0.0000000000   0.0000000000
 3  6   0.1511775288  -0.0000000000  -0.0000000000   0.0000000000  -0.1009171785
 3  7  -0.0000000000   0.0000000000  -0.0637953107  -0.0000000000  -0.0939701688
 3  8   0.0000000000
 4  1   0.0034431499   0.0700840806   0.1420836965   0.0315323655  -0.0518352190
 4  2  -0.1308290384   0.0000000000  -0.0128538098   0.0000000000   0.0826021480
 4  3   0.4447155920   0.0000000000   0.0000000000  -0.0000000000  -0.0000000000
 4  4   0.0466763650  -0.0335877207   0.0000000000  -0.0346528731  -0.0000000000
 4  5  -0.0868457733  -0.2062477406   0.0782900472  -0.0308023114   0.0347764694
 4  6  -0.0000000000   0.0517530532  -0.0645060095   0.1958578103  -0.0000000000
 4  7   0.0050140984   0.0060345372   0.0000000000  -0.0000160394   0.0000000000
 4  8   0.0003674755
 5  1   0.0009420267   0.2274563540  -0.1638172700   0.0086270799   0.2482838549
 5  2   0.0405761613  -0.0000000000   0.0942052489  -0.0000000000  -0.1066763028
 5  3   0.0484383961   0.0000000000   0.0000000000  -0.0000000000  -0.0000000000
 5  4   0.0798608342   0.0208336822  -0.0000000000  -0.1406944592  -0.0000000000
 5  5  -0.0346280567  -0.0942917367  -0.1977834130  -0.0001438857  -0.0362160566
 5  6   0.0000000000  -0.0578175437  -0.0399481786   0.0647894266   0.0000000000
 5  7  -0.0004271554   0.0045362326   0.0000000000   0.0001821191   0.0000000000
 5  8   0.0004480759
 6  1  -0.2830467365  -0.0100581625   0.2364655521  -0.1225381754   0.1392775817
 6  2   0.2092053914  -0.1787967541  -0.0000000000  -0.0976070772  -0.0000000000
 6  3   0.0000000000  -0.0168374084   0.0527344795   0.0094251763   0.0100670841
 6  4   0.0000000000   0.0000000000   0.1000982400  -0.0000000000  -0.0063130838
 6  5   0.0000000000   0.0000000000   0.0000000000  -0.0000000000   0.0000000000
 6  6   0.0057428477   0.0000000000  -0.0000000000   0.0000000000   0.3591755711
 6  7  -0.0000000000   0.0000000000  -0.0040734166  -0.0000000000  -0.0007345081
 6  8   0.0000000000
 7  1   0.1636800614   0.0872360486   0.0774319727   0.0133756294  -0.0960872341
 7  2  -0.1857055929   0.1476704558   0.0030562044  -0.0338562581   0.0835652639
 7  3   0.3939484688  -0.0905686158  -0.0382184485   0.1447269986  -0.1333597759
 7  4   0.0536357160  -0.0317087858  -0.1628796229  -0.1170293806   0.0048835533
 7  5   0.0852467298   0.2425920536   0.0062692190   0.0068885857  -0.0598618054
 7  6   0.0454677301  -0.0824333461   0.0367399369  -0.1661407861   0.2234548640
 7  7  -0.0047651227  -0.0016856580   0.0004774752   0.0000127001  -0.0001261491
 7  8  -0.0001745910
 8  1   0.1248654790   0.0810706545  -0.0849124633   0.2602996438   0.2933261607
 8  2   0.0262565499   0.0781804384  -0.1026078162   0.2078491593  -0.2143776020
 8  3   0.2818551103  -0.0474412973  -0.0294199142   0.0958586100  -0.0812522637
 8  4   0.0615824332  -0.0447646399   0.2128973180   0.2187552973   0.0014815398
 8  5   0.0400074075   0.0863094074   0.0197700196  -0.0079470355   0.0120155092
 8  6  -0.0206887849   0.0321427108   0.0200956592  -0.0393090841   0.0175013709
 8  7  -0.0010489563  -0.0024760448  -0.0003239123  -0.0000379128  -0.0001546047
 8  8  -0.0001235595
 9  1  -0.1592098754  -0.0030127148   0.1915146113  -0.1262343888   0.1081613695
 9  2   0.1678886694  -0.0728382814   0.0010319569  -0.1096305887  -0.0079324346
 9  3  -0.0454441175  -0.0770338608   0.0027261678   0.1044196334  -0.0808021787
 9  4   0.0006703486   0.0047929485  -0.0160401159  -0.0593484794   0.0038916602
 9  5   0.1408856949   0.4081856258  -0.0519425735  -0.0804961247   0.0757995857
 9  6  -0.0459676896   0.1016876207  -0.0573677130   0.1746899439  -0.3491097779
 9  7   0.0040371633  -0.0006683802   0.0002284954  -0.0002156951   0.0004524292
 9  8   0.0000657160
10  1   0.0039652905   0.1056591201   0.1204790541   0.0363141291  -0.0367593513
10  2  -0.1028329156  -0.0000000000  -0.0118369992   0.0000000000  -0.0408402341
10  3  -0.0813064980  -0.0000000000  -0.0000000000   0.0000000000   0.0000000000
10  4  -0.0172542999   0.0855634305  -0.0000000000   0.0064875323  -0.0000000000
10  5  -0.0901452663   0.0156392304  -0.0019279655   0.0039791583  -0.0116132265
10  6   0.0000000000   0.0024247480  -0.0075911799  -0.0025829046  -0.0000000000
10  7  -0.0001125318  -0.0000823066  -0.0000000000  -0.0000113625  -0.0000000000
10  8  -0.0000058142
11  1  -0.0029763843  -0.0395169830  -0.0016849563  -0.0272577260   0.1351468140
11  2  -0.1695210985   0.0000000000  -0.0346107523   0.0000000000   0.0603614668
11  3  -0.0407931070  -0.0000000000  -0.0000000000  -0.0000000000   0.0000000000
11  4   0.0242254075   0.0174573987  -0.0000000000  -0.0002979715  -0.0000000000
11  5  -0.0174588900   0.0022412388   0.0005871167  -0.0100271050   0.0618491850
11  6  -0.0000000000  -0.0126370719  -0.0008002319  -0.0004590016   0.0000000000
11  7   0.0005014185   0.0002153011   0.0000000000   0.0000269296  -0.0000000000
11  8  -0.0000258087
12  1   0.1628173521   0.0000443929   0.0902322172  -0.0816072196   0.0496370981
12  2   0.0786594746   0.0854662417  -0.0000000000   0.0012372308   0.0000000000
12  3  -0.0000000000   0.0115989701  -0.1073472788  -0.0132095419   0.0068733755
12  4   0.0000000000  -0.0000000000   0.0067282608   0.0000000000   0.0351585582
12  5  -0.0000000000  -0.0000000000  -0.0000000000  -0.0000000000   0.0000000000
12  6  -0.0000074863   0.0000000000  -0.0000000000   0.0000000000   0.0029311845
12  7  -0.0000000000   0.0000000000   0.0000239650   0.0000000000  -0.0000074293
12  8  -0.0000000000
13  1  -0.0877041149   0.1309740154   0.1363074884   0.0514888803   0.0036087981
13  2  -0.0435746487   0.2196563859  -0.0575079999  -0.0256156828   0.0119797195
13  3  -0.0998942371   0.0101476803  -0.0789565845  -0.0243029773  -0.0950356621
13  4   0.0526378319   0.1174635429   0.0035558453  -0.0015649945  -0.6513949270
13  5   0.6381714884  -0.1395453649   0.0042610883   0.0508203079   0.0043605789
13  6  -0.0003285528  -0.0010828733   0.0682205868   0.0161811340  -0.0017608570
13  7   0.0002826290   0.0001795018  -0.0000050392   0.0000438376  -0.0000002530
13  8  -0.0000089445
14  1  -0.0774325165  -0.1707242238   0.0837470700  -0.2010032150   0.0179417907
14  2  -0.3308131340   0.0157305523   0.1974939602   0.1350356760  -0.2109862524
14  3   0.1035817608  -0.0176913557  -0.0676595943   0.0870685735   0.5048849762
14  4  -0.3399127911   0.0012576096  -0.0063878745  -0.0073040158  -0.1256646485
14  5   0.1227913250  -0.0272818747   0.0006877067   0.0117639392  -0.0099809043
14  6  -0.0001200723   0.0020532343   0.0129963766   0.0031346360  -0.0003556877
14  7  -0.0000592554  -0.0000127602   0.0000055691   0.0000012471   0.0000001271
14  8   0.0000042799
15  1   0.4589966691   0.0000000000   0.0000000000  -0.0304132064   0.0000000000
15  2  -0.0000000000  -0.5127090726  -0.0001710263  -0.0009176430   0.0002329599
15  3   0.0028176954  -0.0094117465   0.0828490748   0.0105658646  -0.0057178139
15  4  -0.0000033218   0.0024651346  -0.0037990079  -0.0000285180  -0.2427280406
15  5  -0.0763091680   0.0213097563  -0.0018764029  -0.1533241025  -0.0367945000
15  6  -0.0000916372  -0.0233661055   0.5593940754   0.0833500487  -0.0010392805
15  7   0.0004642365   0.0002474213  -0.0000378515   0.0000405388   0.0000039153
15  8  -0.0000047094
16  1  -0.1566728516   0.0611700819   0.2017325198   0.0507963954  -0.0040921456
16  2  -0.0694695339  -0.1476704558   0.0030562044   0.0338562581   0.0835652639
16  3   0.3939484688   0.0905686158   0.0382184485  -0.1447269986   0.1333597759
16  4   0.0536357160  -0.0317087858   0.1628796229  -0.1170293806  -0.0048835533
16  5   0.0852467298   0.2425920536   0.0062692190   0.0068885857  -0.0598618054
16  6  -0.0454677301  -0.0824333461   0.0367399369  -0.1661407861  -0.2234548640
16  7  -0.0047651227  -0.0016856580  -0.0004774752   0.0000127001   0.0001261491
16  8  -0.0001745910
17  1  -0.1252901428   0.2165420854  -0.1471941560  -0.2641887145   0.1365815106
17  2  -0.0688929647  -0.0781804384  -0.1026078162  -0.2078491593  -0.2143776020
17  3   0.2818551103   0.0474412973   0.0294199142  -0.0958586100   0.0812522637
17  4   0.0615824332  -0.0447646399  -0.2128973180   0.2187552973  -0.0014815398
17  5   0.0400074075   0.0863094074   0.0197700196  -0.0079470355   0.0120155092
17  6   0.0206887849   0.0321427108   0.0200956592  -0.0393090841  -0.0175013709
17  7  -0.0010489563  -0.0024760448   0.0003239123  -0.0000379128   0.0001546047
17  8  -0.0001235595
18  1  -0.1592098754  -0.0030127148   0.1915146113  -0.1262343888   0.1081613695
18  2   0.1678886694  -0.0728382814  -0.0010319569  -0.1096305887   0.0079324346
18  3   0.0454441175  -0.0770338608   0.0027261678   0.1044196334  -0.0808021787
18  4  -0.0006703486  -0.0047929485  -0.0160401159   0.0593484794   0.0038916602
18  5  -0.1408856949  -0.4081856258   0.0519425735   0.0804961247  -0.0757995857
18  6  -0.0459676896  -0.1016876207   0.0573677130  -0.1746899439  -0.3491097779
18  7  -0.0040371633   0.0006683802   0.0002284954   0.0002156951   0.0004524292
18  8  -0.0000657160
19  1   0.0017386632  -0.0460478185   0.2126103405   0.0159226768  -0.1010491950
19  2  -0.2222201639   0.0000000000   0.1655317697  -0.0000000000  -0.1439544407
19  3  -0.1874973558   0.0000000000  -0.0000000000  -0.0000000000  -0.0000000000
19  4   0.5763246531  -0.6340498376   0.0000000000   0.0295874009   0.0000000000
19  5   0.0161161969  -0.0037931719   0.0042629443   0.0818230180   0.0689539423
19  6  -0.0000000000  -0.0091343819   0.0216967473   0.0079295623   0.0000000000
19  7   0.0001355633   0.0000358277   0.0000000000   0.0000174083   0.0000000000
19  8   0.0000251078
20  1  -0.0032494482  -0.0581216632   0.0096136247  -0.0297584452   0.1272625867
20  2  -0.1841622323   0.0000000000  -0.0140560390  -0.0000000000   0.0565938075
20  3  -0.0858353610  -0.0000000000  -0.0000000000  -0.0000000000   0.0000000000
20  4   0.1074857510  -0.0738358965   0.0000000000   0.0015873851   0.0000000000
20  5   0.0564074081  -0.0480072980   0.0023494762  -0.5886172663  -0.5141946717
20  6   0.0000000000   0.0825887791  -0.1223266127  -0.0394475686  -0.0000000000
20  7  -0.0018308531  -0.0007675805  -0.0000000000  -0.0000892820   0.0000000000
20  8   0.0000614060
21  1   0.0117628674   0.0993782796   0.0346974589  -0.4606081723  -0.0707275307
21  2   0.0002885407   0.1437008735   0.0000000000   0.3071517319   0.0000000000
21  3  -0.0000000000  -0.0037385158   0.6678344272  -0.0220907139  -0.2173086704
21  4  -0.0000000000   0.0000000000   0.0169222633   0.0000000000  -0.0163506170
21  5   0.0000000000  -0.0000000000   0.0000000000   0.0000000000  -0.0000000000
21  6   0.0000044903  -0.0000000000   0.0000000000  -0.0000000000  -0.0081417045
21  7   0.0000000000  -0.0000000000   0.0000640646  -0.0000000000   0.0000170894
21  8   0.0000000000
22  1   0.0061442271   0.2541167386   0.0303210726   0.0562688291   0.0261535068
22  2   0.0139972488  -0.0000000000  -0.1634901132   0.0000000000   0.0373177969
22  3  -0.1283159682  -0.0000000000  -0.0000000000   0.0000000000   0.0000000000
22  4  -0.5148860341  -0.7102628335   0.0000000000  -0.0522900293   0.0000000000
22  5   0.0291154979  -0.0327351048   0.0037657064  -0.1724938095   0.0901246797
22  6  -0.0000000000  -0.0255833436  -0.0226200366  -0.0082005530  -0.0000000000
22  7   0.0022324193   0.0011239336  -0.0000000000   0.0000015205   0.0000000000
22  8   0.0001023095
23  1  -0.0024073882  -0.0007495347  -0.0252283414  -0.0220468598   0.1515755497
23  2  -0.1390126786   0.0000000000  -0.0728346649   0.0000000000   0.0989217340
23  3  -0.0348102226  -0.0000000000  -0.0000000000  -0.0000000000   0.0000000000
23  4  -0.0865949635  -0.1797496266   0.0000000000  -0.0246298471  -0.0000000000
23  5  -0.0507355674   0.0429933408  -0.0191072026   0.7236043260  -0.3721229016
23  6   0.0000000000   0.0955017562   0.1111144901   0.0409463405   0.0000000000
23  7  -0.0043435979  -0.0018936657  -0.0000000000  -0.0003553696   0.0000000000
23  8   0.0003798735
24  1   0.2795340998  -0.0996926107   0.1566455888   0.2929092423   0.1763553189
24  2   0.1666369432   0.2741842937  -0.0000000000  -0.2202626986  -0.0000000000
24  3  -0.0000000000   0.0244587109   0.6932869335   0.0205934814   0.2784647923
24  4   0.0000000000  -0.0000000000  -0.0355785916  -0.0000000000  -0.0164928467
24  5   0.0000000000  -0.0000000000  -0.0000000000   0.0000000000  -0.0000000000
24  6  -0.0002297607  -0.0000000000   0.0000000000  -0.0000000000  -0.0087313977
24  7   0.0000000000   0.0000000000  -0.0008893729  -0.0000000000   0.0000326477
24  8  -0.0000000000
25  1  -0.1109412116   0.2144630769   0.0938976086   0.0658396973   0.0468672477
25  2   0.0325826533  -0.1122120661   0.3366097718   0.0855147583   0.3922465765
25  3   0.0357539909   0.4675687430  -0.0321348877   0.4234322382  -0.2572562105
25  4  -0.1323405181  -0.0406649284  -0.1939028635   0.2979109414   0.0005810518
25  5   0.0389889716   0.0488292451  -0.1195946268  -0.0082168163  -0.0423623903
25  6  -0.2910805239  -0.0788003018  -0.0547029471   0.0971821059   0.2135103545
25  7   0.0890369740  -0.5373769211   0.2496531142  -0.3167094940  -0.3999981952
25  8  -0.2163105142
26  1  -0.0884942924   0.3890037533  -0.2546462183  -0.1672587429   0.2387687908
26  2   0.0942452039  -0.0520334998   0.3442657865  -0.2238977391   0.1235560372
26  3  -0.2982738987   0.1610826708   0.0491807849   0.2108547167  -0.0736374795
26  4  -0.0799791731   0.0233576468   0.3573956583   0.1526183364  -0.0048930255
26  5   0.0985111465   0.3158787469   0.6039724748   0.0557222051  -0.2768143342
26  6   0.5918304177  -0.3830558574  -0.2350067820   0.4059373662  -0.4146681575
26  7  -0.5317107613  -0.0224589310   0.3932536543   0.0526925851   0.0725899591
26  8   0.0452842326
27  1  -0.2710485505  -0.1222979734   0.3475830773   0.2783609990   0.3019091713
27  2   0.3399298801  -0.2401647382  -0.0009049029   0.4005595071   0.0008271623
27  3   0.0005259842   0.3070991933  -0.0681249172   0.2071462609  -0.1733414371
27  4  -0.0032665270  -0.0017427045  -0.4021491849   0.0165836391   0.0008120193
27  5   0.0034797265   0.0112238055   0.0207179284   0.0105050104  -0.0520589057
27  6  -0.1335765645  -0.0697196292  -0.0424696751   0.0705435660   0.1191312093
27  7   0.1624846317  -0.3856864991   0.0744788181   0.4803773207   0.5745657923
27  8   0.3395883953
28  1   0.0064258994   0.2733079405   0.0186662983   0.0588483846   0.0342862882
28  2   0.0290999515  -0.0000000000   0.4475215247  -0.0000000000   0.4987046300
28  3  -0.0960277561  -0.0000000000  -0.0000000000   0.0000000000   0.0000000000
28  4  -0.2095072437  -0.0479084904   0.0000000000   0.5347468954   0.0000000000
28  5   0.1305721022   0.3110940796   0.0257989830   0.0746986963  -0.3066575382
28  6   0.0000000000  -0.3721051094  -0.2085113916   0.3125746837   0.0000000000
28  7   0.3991130173   0.2539707770   0.0000000000   0.4507216041  -0.0000000000
28  8  -0.6254044361
29  1   0.0007547159   0.2146942991  -0.1560669024   0.0069116882   0.2428755952
29  2   0.0305329382  -0.0000000000   0.0722707722  -0.0000000000  -0.1521455209
29  3   0.0531783019   0.0000000000   0.0000000000  -0.0000000000  -0.0000000000
29  4   0.1429917922   0.0566798818  -0.0000000000  -0.5194530376  -0.0000000000
29  5  -0.1498646399  -0.3646796782   0.1098215212  -0.1155370754   0.5348240157
29  6  -0.0000000000   0.6800739314   0.3854609066  -0.5859141527  -0.0000000000
29  7  -0.4330462756  -0.2362536341  -0.0000000000   0.3569221435  -0.0000000000
29  8  -0.5210781461
30  1  -0.0236925999  -0.1384857985   0.2887405969   0.3785058860   0.2841460471
30  2   0.2935063749  -0.0248783592   0.0000000000   0.4036063695  -0.0000000000
30  3   0.0000000000  -0.5360069469  -0.0351257200  -0.6034613340   0.2862271566
30  4  -0.0000000000  -0.0000000000  -0.3738289456   0.0000000000   0.0021589476
30  5   0.0000000000   0.0000000000  -0.0000000000  -0.0000000000  -0.0000000000
30  6  -0.2494547972   0.0000000000   0.0000000000  -0.0000000000   0.2301297114
30  7   0.0000000000  -0.0000000000   0.7422045405  -0.0000000000  -0.0195233555
30  8   0.0000000000
31  1   0.1223442553   0.2334446780   0.0033802136   0.0385893727  -0.0201248610
31  2  -0.0520620688   0.1122120661   0.3366097718  -0.0855147583   0.3922465765
31  3   0.0357539909  -0.4675687430   0.0321348877  -0.4234322382   0.2572562105
31  4  -0.1323405181  -0.0406649284   0.1939028635   0.2979109414  -0.0005810518
31  5   0.0389889716   0.0488292451  -0.1195946268  -0.0082168163  -0.0423623903
31  6   0.2910805239  -0.0788003018  -0.0547029471   0.0971821059  -0.2135103545
31  7   0.0890369740  -0.5373769211  -0.2496531142  -0.3167094940   0.3999981952
31  8  -0.2163105142
32  1   0.0936725263   0.2903515646  -0.2092918195   0.2146810072   0.3529124348
32  2   0.1635344097   0.0520334998   0.3442657865   0.2238977391   0.1235560372
32  3  -0.2982738987  -0.1610826708  -0.0491807849  -0.2108547167   0.0736374795
32  4  -0.0799791731   0.0233576468  -0.3573956583   0.1526183364   0.0048930255
32  5   0.0985111465   0.3158787469   0.6039724748   0.0557222051  -0.2768143342
32  6  -0.5918304177  -0.3830558574  -0.2350067820   0.4059373662   0.4146681575
32  7  -0.5317107613  -0.0224589310  -0.3932536543   0.0526925851  -0.0725899591
32  8   0.0452842326
33  1  -0.2710485505  -0.1222979734   0.3475830773   0.2783609990   0.3019091713
33  2   0.3399298801  -0.2401647382   0.0009049029   0.4005595071  -0.0008271623
33  3  -0.0005259842   0.3070991933  -0.0681249172   0.2071462609  -0.1733414371
33  4   0.0032665270   0.0017427045  -0.4021491849  -0.0165836391   0.0008120193
33  5  -0.0034797265  -0.0112238055  -0.0207179284  -0.0105050104   0.0520589057
33  6  -0.1335765645   0.0697196292   0.0424696751  -0.0705435660   0.1191312093
33  7  -0.1624846317   0.3856864991   0.0744788181  -0.4803773207   0.5745657923
33  8  -0.3395883953
34  1   0.0965978962   0.1459700085   0.0647962273   0.0299603656  -0.0493168321
34  2  -0.1104463347  -0.2196563859  -0.0575079999   0.0256156828   0.0119797195
34  3  -0.0998942371  -0.0101476803   0.0789565845   0.0243029773   0.0950356621
34  4   0.0526378319   0.1174635429  -0.0035558453  -0.0015649945   0.6513949270
34  5   0.6381714884  -0.1395453649   0.0042610883   0.0508203079   0.0043605789
34  6   0.0003285528  -0.0010828733   0.0682205868   0.0161811340   0.0017608570
34  7   0.0002826290   0.0001795018   0.0000050392   0.0000438376   0.0000002530
34  8  -0.0000089445
35  1   0.0664843398  -0.2486621983   0.1195783072   0.1007398167   0.1081184461
35  2  -0.2760727331  -0.0157305523   0.1974939602  -0.1350356760  -0.2109862524
35  3   0.1035817608   0.0176913557   0.0676595943  -0.0870685735  -0.5048849762
35  4  -0.3399127911   0.0012576096   0.0063878745  -0.0073040158   0.1256646485
35  5   0.1227913250  -0.0272818747   0.0006877067   0.0117639392  -0.0099809043
35  6   0.0001200723   0.0020532343   0.0129963766   0.0031346360   0.0003556877
35  7  -0.0000592554  -0.0000127602  -0.0000055691   0.0000012471  -0.0000001271
35  8   0.0000042799
36  1   0.4589966691   0.0000000000   0.0000000000  -0.0304132064   0.0000000000
36  2   0.0000000000  -0.5127090726   0.0001710263  -0.0009176430  -0.0002329599
36  3  -0.0028176954  -0.0094117465   0.0828490748   0.0105658646  -0.0057178139
36  4   0.0000033218  -0.0024651346  -0.0037990079   0.0000285180  -0.2427280406
36  5   0.0763091680  -0.0213097563   0.0018764029   0.1533241025   0.0367945000
36  6  -0.0000916372   0.0233661055  -0.5593940754  -0.0833500487  -0.0010392805
36  7  -0.0004642365  -0.0002474213  -0.0000378515  -0.0000405388   0.0000039153
36  8   0.0000047094
$end
