$coord
    1.79003965295376      4.28232976606054      2.05653311085429  c
    3.25245129555355      1.18162546720297      1.94858874663448  s
    1.19308741063729     -0.47101098728565      3.14247746879197  o
   -0.64176112798034     -2.14733140667769     -0.90263289858053  np
   -2.59120218442726     -3.75053698685618     -5.00298996125886  o
   -4.84195320446993     -5.11621010697089     -3.81140926279002  s
   -4.62642892599398     -4.84945613456769     -0.94203030472787  o
    3.21449118708189      0.62282406469170     -0.89464537299458  o
    1.24173113333504     -4.90951340610581     -0.70996118024163  o
   -2.54237695316185      0.61836994342722     -1.10244590016692  o
    3.02688953823436      5.61378986730148      1.08500930925255  h
   -0.02779558157645      4.10924621333675      1.10074830129017  h
    1.55282775981397      4.81587370644326      4.03275794393696  h
$user-defined bonds
$redundant
     number_of_atoms            13
     degrees_of_freedom         33
     internal_coordinates       33
     frozen_coordinates          0
# definitions of redundant internals
   1 k  1.0000000000000 stre   4    9           val=   3.34878
   2 k  1.0000000000000 stre   4   10           val=   3.36175
   3 k -0.3603151861242 bend   3    9    4      val=  -0.02787
       -0.3454447275839 bend   3   10    4
       -0.3608404470340 bend   8    9    4
       -0.3459547670528 bend   8   10    4
        0.3610049183957 bend   7    9    4
        0.3461037716644 bend   7   10    4
        0.3615297215156 bend   5    9    4
        0.3466039041401 bend   5   10    4
   4 k  0.3454686323937 bend   3    9    4      val=   0.52754
       -0.3603411768607 bend   3   10    4
        0.3459240109119 bend   8    9    4
       -0.3608218353151 bend   8   10    4
       -0.3460817292407 bend   7    9    4
        0.3609772894414 bend   7   10    4
       -0.3466327842670 bend   5    9    4
        0.3615499802099 bend   5   10    4
   5 k  0.3683599272231 bend   3    9    4      val=   0.03188
       -0.3419963172259 bend   3   10    4
       -0.3667045087751 bend   8    9    4
        0.3404548044004 bend   8   10    4
        0.3661718685992 bend   7    9    4
       -0.3399874527674 bend   7   10    4
       -0.3644264631834 bend   5    9    4
        0.3383605472921 bend   5   10    4
   6 k  0.3420290124949 bend   3    9    4      val=   0.20658
        0.3683761498915 bend   3   10    4
       -0.3404437455538 bend   8    9    4
       -0.3666649105408 bend   8   10    4
        0.3399492031625 bend   7    9    4
        0.3661615336128 bend   7   10    4
       -0.3383770572658 bend   5    9    4
       -0.3644602913649 bend   5   10    4
   7 k  0.4082482904639 tors  11    1    2    3 val=  60.03081
        0.4082482904639 tors  11    1    2    8
        0.4082482904639 tors  13    1    2    3
        0.4082482904639 tors  13    1    2    8
        0.4082482904639 tors  12    1    2    3
        0.4082482904639 tors  12    1    2    8
   8 k  1.0000000000000 stre   1   11           val=   2.06069
   9 k  1.0000000000000 stre   1   13           val=   2.06068
  10 k  1.0000000000000 stre   1   12           val=   2.06107
  11 k -0.4031269321455 bend  13   11    1      val=   2.02809
       -0.3897753173699 bend  12   11    1
       -0.3889496240497 bend  12   13    1
        0.4218030698991 bend   2   11    1
        0.4219996305093 bend   2   13    1
        0.4222328156046 bend   2   12    1
  12 k -0.7463819364732 bend  13   11    1      val=   0.61972
        0.3718604013225 bend  12   11    1
        0.3935115287977 bend  12   13    1
       -0.1647825094241 bend   2   11    1
       -0.1558863545881 bend   2   13    1
        0.3135740623508 bend   2   12    1
  13 k  0.0126634307694 bend  13   11    1      val=   0.00041
       -0.6602712870071 bend  12   11    1
        0.6481311420677 bend  12   13    1
       -0.2656915321987 bend   2   11    1
        0.2705308415245 bend   2   13    1
       -0.0053442734872 bend   2   12    1
  14 k -0.3137434111835 bend  13   11    1      val=   0.85718
        0.1609780651413 bend  12   11    1
        0.1594168222415 bend  12   13    1
        0.3732289063010 bend   2   11    1
        0.3773071360511 bend   2   13    1
       -0.7540403966997 bend   2   12    1
  15 k  0.0009455086988 bend  13   11    1      val=  -0.00177
        0.2676137400847 bend  12   11    1
       -0.2686801849552 bend  12   13    1
       -0.6554016588787 bend   2   11    1
        0.6531738067053 bend   2   13    1
        0.0023651885270 bend   2   12    1
  16 k  1.0000000000000 stre   2    1           val=   3.42997
  17 k  0.7077414102624 bend   8    1    2      val= 101.51364
        0.7064715820186 bend   3    1    2
  18 k -0.7064715820186 bend   8    1    2      val=   0.09046
        0.7077414102624 bend   3    1    2
  19 k  1.0000000000000 stre   4    3           val=   4.74759
  20 k  1.0000000000000 stre   3    2           val=   2.89785
  21 k  1.0000000000000 stre   2    8           val=   2.89788
  22 k  1.0000000000000 stre   8    4           val=   4.74811
  23 k -0.5000000000000 bend   4    2    3      val=  -7.30354
        0.5000000000000 bend   3    8    2
       -0.5000000000000 bend   2    4    8
        0.5000000000000 bend   8    3    4
  24 k -0.5000000000000 tors   3    2    8    4 val=  -5.55657
        0.5000000000000 tors   2    8    4    3
       -0.5000000000000 tors   8    4    3    2
        0.5000000000000 tors   4    3    2    8
  25 k  1.0000000000000 stre   4    7           val=   4.81462
  26 k  1.0000000000000 stre   7    6           val=   2.88980
  27 k  1.0000000000000 stre   6    5           val=   2.88978
  28 k  1.0000000000000 stre   5    4           val=   4.81493
  29 k -0.5000000000000 bend   4    6    7      val=  -6.99504
        0.5000000000000 bend   7    5    6
       -0.5000000000000 bend   6    4    5
        0.5000000000000 bend   5    7    4
  30 k -0.5000000000000 tors   7    6    5    4 val=   1.58022
        0.5000000000000 tors   6    5    4    7
       -0.5000000000000 tors   5    4    7    6
        0.5000000000000 tors   4    7    6    5
  31 k -0.7071061301879 bend   7    3    4      val=  -0.01592
        0.7071074321846 bend   5    8    4
  32 k  0.5008596298259 outp   7    8    3    4 val=  -1.55457
        0.5013059215037 outp   5    8    3    4
       -0.4976186406022 outp   5    7    3    4
       -0.5002076496829 outp   7    8    5    4
  33 k  0.4991330084873 outp   7    8    3    4 val=  -0.01132
       -0.4986979453006 outp   5    8    3    4
        0.5023759126422 outp   5    7    3    4
       -0.4997849953613 outp   7    8    5    4
        33 non zero eigenvalues  of BmBt
           1           4.512031997    1    0
         1
           2           4.065660531    2    0
         2
           3           3.448728622    3    0
         3
           4           3.380123674    4    0
         4
           5           3.194072897    5    0
         5
           6           2.715222816    6    0
         6
           7           2.346017513    7    0
         7
           8           2.264143783    8    0
         8
           9           1.911114179    9    0
         9
          10           1.857621250   10    0
        10
          11           1.744056163   11    0
        11
          12           1.495477205   12    0
        12
          13           1.326989640   13    0
        13
          14           1.261878413   14    0
        14
          15           1.000001834   15    0
        15
          16           0.905724775   16    0
        16
          17           0.817652704   17    0
        17
          18           0.724407791   18    0
        18
          19           0.723405048   19    0
        19
          20           0.563551598   20    0
        20
          21           0.508765987   21    0
        21
          22           0.453305682   22    0
        22
          23           0.405936871   23    0
        23
          24           0.295767125   24    0
        24
          25           0.287129017   25    0
        25
          26           0.268482498   26    0
        26
          27           0.221306647   27    0
        27
          28           0.176352292   28    0
        28
          29           0.173292546   29    0
        29
          30           0.140934485   30    0
        30
          31           0.067588565   31    0
        31
          32           0.037392292   32    0
        32
          33           0.013006231   33    0
        33
$end
