$dipgrad          cartesian dipole gradients
  -.13052680630542D+00  0.33342882749499D+00  -.33583626314349D-02
  0.10030101215804D+00  -.43265925196072D+00  -.82378635897173D-01
  -.66308242232742D-01  0.34823090124998D-01  0.33084748978669D-01
  0.90577603352996D+00  0.32380852897436D+00  -.99609915322829D-01
  0.23021373367891D+00  0.13831713167029D+01  0.14332757513052D+00
  -.12498002734616D+00  0.18993392678036D+00  0.12686269492040D+01
  -.10157510026160D+01  -.77448131793247D+00  0.17836155267532D-01
  -.47357722166139D+00  -.10256610339164D+01  -.18504929506083D-01
  -.11279380465131D+00  -.39392851882959D-01  -.87182284133071D+00
  0.27460192580625D+01  -.26575577900038D+00  0.76520193150680D+00
  -.32645275749136D+00  0.34566059620064D+01  0.48343503381012D+00
  0.74845516797587D+00  0.51369814589228D+00  0.15867090035961D+01
  -.10651223238933D+01  -.54512041535123D+00  0.15779646897121D+00
  -.52053879018413D+00  -.61642102307312D+00  0.49805653135864D-01
  -.84191224832880D-01  -.12182393505046D+00  -.84077937763003D+00
  0.74171652951821D+00  0.44065406957232D+00  -.17741772482177D+00
  0.45451419396134D+00  0.36621976867052D+00  -.34029396584990D-01
  -.17307142007036D+00  -.40921873595186D-01  0.12361660483943D+01
  -.73640806336540D+00  -.36791491461442D+00  -.31220924942071D+00
  -.32533813644725D+00  -.51161681426905D+00  -.24140555574961D+00
  -.52151651054605D-01  -.10321670139186D+00  -.12751022858153D+01
  -.81072395667306D+00  -.40455071481401D+00  -.26280893788746D+00
  -.28779176332318D+00  -.78440696121091D+00  -.31773389099776D+00
  -.19517883216404D-01  -.50610878774615D+00  -.13175037752042D+01
  -.87409744086214D+00  0.67212925165178D+00  -.64797489545275D-01
  0.63851260638903D+00  -.14706933327371D+01  0.24012645410137D-01
  -.74551261185368D-01  0.39863700907049D-01  -.40670925739354D+00
  -.86868987509665D+00  0.57768173746432D+00  -.90837189436581D-01
  0.54677883406191D+00  -.13752697509554D+01  0.16050426021367D-02
  -.98553707019456D-01  0.17694755484833D-01  -.41848386879739D+00
  0.10150760067472D-02  -.87351074229067D-01  0.49226616128484D-01
  -.52487164863985D-01  -.51740646877431D-01  0.18355581258315D-01
  0.57751118953656D-01  0.67660905670222D-01  0.39952460703708D-01
  0.30932890597737D-01  0.78820820709615D-01  0.55504688541236D-02
  0.13164655360052D-01  0.48846386688778D-01  0.28805359768264D-02
  -.12186310093324D-01  0.35814582906902D-01  0.66059916329577D-01
  0.75859681081299D-01  0.18650980074171D-01  0.15427228337699D-01
  0.27007983611373D-02  0.13625380914412D-01  -.29369658589399D-01
  0.12099244771829D-01  -.88024958101178D-01  -.10019772105076D+00
$end
