$energy      SCF               SCFKIN            SCFPOT
     1 -1801.743306197      1447.775593211     -3249.518899408
     2 -1801.744030254      1447.622631411     -3249.366661665
     3 -1801.744039041      1447.607531837     -3249.351570878
     4 -1801.744040798      1447.603289153     -3249.347329951
     5 -1801.744044255      1447.599130269     -3249.343174523
     6 -1801.744046475      1447.600786380     -3249.344832856
     7 -1801.744048786      1447.604520801     -3249.348569587
     8 -1801.744049337      1447.604369940     -3249.348419278
     9 -1801.744050281      1447.603937786     -3249.347988067
    10 -1801.744050724      1447.603659478     -3249.347710203
    11 -1801.744051279      1447.602935302     -3249.346986580
    12 -1801.744051582      1447.602780216     -3249.346831798
    13 -1801.744051244      1447.601929756     -3249.345981000
    14 -1801.744052446      1447.603022600     -3249.347075046
    15 -1801.744052510      1447.603156753     -3249.347209264
    16 -1801.744052558      1447.603338231     -3249.347390789
    17 -1801.744052596      1447.603657076     -3249.347709672
$end
