$grad          cartesian gradients
  cycle =      1    SCF energy =    -1801.7433061970   |dE/dxyz| =  0.025949
    1.80302031623188      4.28300637551106      2.06560434160169      c
    3.23974397808744      1.16852944228073      1.94018783323721      s
    1.17022594550787     -0.47026551632964      3.13052715382331      o
   -0.66033438166338     -2.13303477143257     -0.91395399616569      np
   -2.59197498572855     -3.75046341815682     -5.00398916035847      o
   -4.80346070453607     -5.16668444199317     -3.79967213174560      s
   -4.62303037586982     -4.84543803377670     -0.93414162686952      o
    3.19836430339852      0.62605870735755     -0.90379132811581      o
    1.20808222152621     -4.85780243040451     -0.71328146034380      o
   -2.54292796681483      0.59561302863231     -1.12257170202897      o
    3.04657938332011      5.60940448084071      1.09564996441313      h
   -0.01904328394731      4.13045776443254      1.11489985041758      h
    1.57475555048802      4.81061881303851      4.04453226213492      h
  0.21899449310192D-04  0.81762137235319D-04  0.33997817352138D-04
  -.90160867937339D-03  -.87568417076689D-03  -.68815516266518D-03
  0.16221132285388D-04  -.24567112840046D-03  -.83904913952892D-03
  -.18913640883866D-03  0.23690085448891D-04  -.91220520918256D-04
  0.80773661849776D-04  0.44115020551594D-03  0.47912251116067D-03
  0.11339680853002D-02  0.40679343741701D-03  0.68664407925301D-03
  0.36429514509528D-03  0.52873769636630D-03  -.23766457779573D-04
  -.56030443150412D-03  -.51712639372781D-03  0.37449617499163D-03
  -.10195808377793D-01  0.15131451349793D-01  -.98343515403831D-03
  0.10236247826110D-01  -.15075196023211D-01  0.10159115823177D-02
  -.32594709112210D-04  0.50786776256029D-04  -.14592890018816D-04
  0.49431214941942D-04  0.17346525051476D-04  0.40029151382903D-04
  -.23383892190927D-04  0.31959520805369D-04  0.10018033252290D-04
  cycle =      2    SCF energy =    -1801.7440302540   |dE/dxyz| =  0.002605
    1.80307107946745      4.28451804632021      2.06537947563568      c
    3.24465213735379      1.17268045117962      1.94312506188261      s
    1.17458570121049     -0.46824626387342      3.13122731725428      o
   -0.65900196990792     -2.13464911609325     -0.91320846552449      np
   -2.59595019052453     -3.75336912248424     -5.00298262227069      o
   -4.81107796208120     -5.16873879065486     -3.80334912335614      s
   -4.62454582191344     -4.84705571050075     -0.93780567844341      o
    3.20056900332505      0.62728030320301     -0.90096438433536      o
    1.22841760276038     -4.89087957762658     -0.71399669566921      o
   -2.56099363675706      0.62517952914650     -1.12004849780536      o
    3.04796864625695      5.61276650604167      1.09979543833168      h
   -0.01597924289291      4.12968911183131      1.10897821559613      h
    1.56828465370306      4.81082463351077      4.04384995870427      h
  -.74853530591446D-04  0.86160329347607D-04  -.10964126432977D-04
  -.20286279940152D-03  -.74691950415584D-03  -.31920426157761D-03
  0.26684326868320D-03  0.14533040084785D-03  -.43370716382185D-03
  -.58942332079237D-03  0.29335011100518D-03  -.23431798786744D-03
  -.77705213840318D-04  0.25440850432723D-03  0.32238743398771D-03
  0.43743453420930D-03  -.57637008165301D-04  0.20528952461341D-03
  0.16921722862140D-03  0.35106575954558D-03  -.12667091842467D-03
  -.17932222279349D-03  -.77377381837440D-04  0.51549938675244D-03
  -.57790119620194D-03  0.10724574402587D-02  0.19670585596820D-04
  0.88708367328039D-03  -.14582204182538D-02  0.42243051033619D-04
  -.48255043596956D-04  0.16272242148396D-04  -.12439841455159D-04
  0.33808373631317D-04  0.11056175121538D-03  0.37716374281516D-04
  -.44063780883619D-04  0.10547771407854D-04  -.55020352052182D-05
  cycle =      3    SCF energy =    -1801.7440390410   |dE/dxyz| =  0.000992
    1.80203008567138      4.28459838063827      2.06493536949437      c
    3.24548426275832      1.17448673280626      1.94439633766473      s
    1.17566704354778     -0.46784535137271      3.13255804946521      o
   -0.65723375893987     -2.13593360583904     -0.91229232266858      np
   -2.59569450134504     -3.75376887135495     -5.00286573190084      o
   -4.81357336906793     -5.16650798801871     -3.80468651947164      s
   -4.62516799271492     -4.84661407601416     -0.93883163304565      o
    3.20206561021088      0.62743679292403     -0.90006372098138      o
    1.22954526966352     -4.89608929330351     -0.71520674319653      o
   -2.55945348573232      0.62847005723569     -1.11823417519666      o
    3.04538031895720      5.61273046839426      1.09714747182694      h
   -0.01765828641431      4.12663444471662      1.10997271898896      h
    1.56860880340541      4.81240230918794      4.04317089902106      h
  -.14634372975553D-04  0.40700003854255D-04  0.89185856682050D-05
  -.54909179556972D-04  -.42867354185172D-03  -.14397720840975D-03
  0.12402925510457D-03  0.78305076840479D-04  -.29532595940651D-03
  -.30066566933851D-03  -.94060302373578D-04  -.16059657296008D-03
  -.96061826599936D-05  0.26169337183291D-03  0.30214719544119D-03
  0.21352121997342D-03  -.19459098867269D-03  0.56278182002600D-04
  0.18635884325313D-03  0.34660610123294D-03  -.62768681271308D-04
  -.13880714614034D-03  -.55989960759728D-04  0.29604479117040D-03
  0.47131174135018D-04  0.55047271743547D-04  0.44476885628697D-04
  0.28956198754315D-05  -.93306030141349D-04  -.49850473270663D-04
  -.25745660834353D-04  0.14785031835718D-04  -.15376006818446D-04
  -.17941488961171D-05  0.66456540007920D-04  0.19448789748466D-04
  -.27773731168690D-04  0.30274581386269D-05  0.58046757556163D-06
  cycle =      4    SCF energy =    -1801.7440407980   |dE/dxyz| =  0.000879
    1.80108033672583      4.28448654841514      2.06422727947846      c
    3.24611222127325      1.17562532095187      1.94493743187993      s
    1.17683643191347     -0.46776355870604      3.13350786021827      o
   -0.65582802925839     -2.13684756801755     -0.91156324653093      np
   -2.59565543460382     -3.75346021578261     -5.00286536154229      o
   -4.81532203822558     -5.16398129795995     -3.80517306906651      s
   -4.62551932347017     -4.84632126705727     -0.93906307360198      o
    3.20321925969639      0.62754619878860     -0.89972578754792      o
    1.22986800396520     -4.89856864295293     -0.71592047266320      o
   -2.55764810658444      0.62905323223097     -1.11577080477346      o
    3.04424052686291      5.61297272951490      1.09668441724990      h
   -0.01806787703814      4.12473891769259      1.10844190463688      h
    1.56668402874359      4.81251960288227      4.04228292226285      h
  0.11570282479778D-04  0.12803075200907D-04  0.13856007464952D-04
  0.14812525787278D-04  -.24488445679527D-03  -.63686045546518D-04
  0.25079236880998D-04  0.31092645773612D-04  -.20869582429484D-03
  -.19104011721893D-03  -.20284900674783D-03  -.15117259636366D-03
  0.14327847400963D-04  0.25363015042501D-03  0.27040284207125D-03
  0.14429757509227D-03  -.23223017569940D-03  0.51143992703118D-05
  0.17580316384525D-03  0.33056735562820D-03  -.22892579810474D-04
  -.11994038455176D-03  -.44412634176982D-04  0.16109833401146D-03
  0.17149770487279D-03  -.18237944240695D-03  0.43362978250361D-04
  -.20576284024187D-03  0.23538764362385D-03  -.47270026000579D-04
  -.13629497534140D-04  0.80720769988218D-05  -.99977815111174D-05
  -.90659207154786D-05  0.37463010227556D-04  0.60056849813250D-05
  -.17949600693457D-04  -.22602420215456D-05  0.38746211279417D-05
  cycle =      5    SCF energy =    -1801.7440442550   |dE/dxyz| =  0.000962
    1.79748829461107      4.28374158524320      2.06183657227673      c
    3.24805802290210      1.17859654100564      1.94669923759233      s
    1.18092506915634     -0.46795815212118      3.13678250293491      o
   -0.65126249433042     -2.13977844072309     -0.90895074205473      np
   -2.59524246049228     -3.75184168180130     -5.00295877792704      o
   -4.82080174331479     -5.15434032785543     -3.80642202206761      s
   -4.62691174602359     -4.84494766027336     -0.93951555398758      o
    3.20720564264943      0.62733730333232     -0.89831512675270      o
    1.23065365178502     -4.90461067043186     -0.71774538158213      o
   -2.54988816231867      0.62913750751315     -1.10926357614202      o
    3.03893388675275      5.61316597006521      1.09341112949030      h
   -0.02072686507414      4.11803526263448      1.10520142685380      h
    1.56156890369727      4.81346276341222      4.03924031136574      h
  0.50497086527157D-04  -.54517326933734D-04  0.10161135610698D-04
  0.15447020416559D-03  0.16769439130382D-03  0.12375919322594D-03
  -.21160575306212D-03  -.74401507935917D-04  0.87662451093706D-05
  -.31996202261020D-04  -.32434153387317D-03  -.83616705115475D-04
  0.66325474797679D-04  0.19973760775382D-03  0.15032758498101D-03
  0.25571270100500D-04  -.23279869930537D-03  -.59723658635491D-04
  0.11643140460915D-03  0.24203756044061D-03  0.57429714232171D-04
  -.74517499103699D-04  -.53858424751141D-05  -.17627803955378D-03
  0.15405965749693D-03  -.34688231486690D-03  -.37674313892344D-04
  -.25793712975020D-03  0.48765248198634D-03  0.10066331733949D-04
  0.14721461031986D-04  -.82367218574575D-05  0.48941528332236D-05
  -.15942607317854D-04  -.37426765972626D-04  -.15223963174549D-04
  0.99226418148746D-05  -.13131300246272D-04  0.71123240683590D-05
  cycle =      6    SCF energy =    -1801.7440464750   |dE/dxyz| =  0.000758
    1.79607429507436      4.28390390546593      2.06104947058631      c
    3.24877539681260      1.17995938290239      1.94703324613711      s
    1.18321792460855     -0.46819316314829      3.13807885426280      o
   -0.64910229621095     -2.14161792280709     -0.90788240473147      np
   -2.59525579431756     -3.75165028734722     -5.00354980025222      o
   -4.82428304800772     -5.14896883681627     -3.80745478241372      s
   -4.62785861000467     -4.84515387192783     -0.94014100201984      o
    3.20890602916014      0.62721905416040     -0.89791828627853      o
    1.23157243966847     -4.90661090480645     -0.71692574663693      o
   -2.54691976026283      0.62697131813504     -1.10726967880774      o
    3.03682764485949      5.61371537464677      1.09229886105466      h
   -0.02189122282528      4.11629717059889      1.10439466881561      h
    1.55993700144549      4.81412878094373      4.03828660028396      h
  0.59502662532296D-04  -.48397628996888D-04  0.17980543575380D-04
  0.10473210749318D-03  0.28617334014669D-03  0.12658329596071D-03
  -.24187967090405D-03  -.11754278724752D-03  0.86401354066012D-04
  -.48035284656578D-05  -.25615192638639D-03  -.71939588172754D-04
  0.36946663994009D-04  0.16988893342651D-03  0.80320779751730D-04
  0.46204888743517D-04  -.21504575772546D-03  -.51486024037928D-04
  0.54767575226933D-04  0.19831523197578D-03  0.67804847109443D-04
  -.25461381035541D-04  -.74921707087228D-05  -.26072370729224D-03
  0.30398039006840D-04  -.16382937272219D-03  -.28483934399803D-04
  -.10867619823784D-03  0.24154086508688D-03  0.20798389437804D-04
  0.22748564157071D-04  -.12573098527646D-04  0.16217844736488D-04
  0.49767376189003D-05  -.65958605948158D-04  -.11464027537489D-04
  0.20543484906210D-04  -.89270557659393D-05  0.79902386387332D-05
  cycle =      7    SCF energy =    -1801.7440487860   |dE/dxyz| =  0.000747
    1.79153875745346      4.28316796295890      2.05817072782313      c
    3.25182493965985      1.18255912703114      1.94869416622492      s
    1.19030188617907     -0.46929096398050      3.14177004901494      o
   -0.64342881662991     -2.14577844984367     -0.90448480327764      np
   -2.59540906550674     -3.74965436551246     -5.00429862643273      o
   -4.83329952070763     -5.13369445984457     -3.80956175864376      s
   -4.63004794720066     -4.84477949660684     -0.94130283612863      o
    3.21416302658681      0.62600030486596     -0.89566272184595      o
    1.23506390003344     -4.91102584835818     -0.71532172445530      o
   -2.53882967470140      0.62261849998748     -1.10211416294496      o
    3.02987005657696      5.61441783775952      1.08834092175834      h
   -0.02559043600178      4.11005387309050      1.10111231813296      h
    1.55384289425862      4.81540597845273      4.03465845077468      h
  -.12797932651409D-05  -.35912145856187D-04  -.10832714143483D-04
  0.11366702907489D-03  0.32328569698015D-03  0.14587774003516D-03
  -.22503611918090D-03  -.97593810059138D-04  0.17110833831246D-03
  0.55039605104668D-05  -.84092443767503D-04  0.64244956501369D-05
  -.33399584147276D-05  0.23975906122686D-04  -.68802099008280D-04
  0.11372419496780D-04  -.15893822023827D-04  -.16527205280781D-04
  -.53179709901041D-04  0.19668737298861D-04  0.48046722531225D-04
  0.27813276154198D-04  0.41463168202860D-04  -.29556578834722D-03
  -.22784219942906D-03  0.15379039378871D-03  -.87131410647423D-04
  0.26811524351800D-03  -.21934591906003D-03  0.83015568567824D-04
  0.28435472567701D-04  -.22006362080385D-04  0.31079967685255D-04
  0.22170955989997D-04  -.79604544800826D-04  -.54433145701971D-05
  0.33599387176481D-04  -.77348696563284D-05  -.12503213295822D-05
  cycle =      8    SCF energy =    -1801.7440493370   |dE/dxyz| =  0.000479
    1.79363100942764      4.28387674991039      2.05956905511692      c
    3.25070377940967      1.18127646038024      1.94784097519868      s
    1.18812220307644     -0.46904643467130      3.14020242422146      o
   -0.64580583273070     -2.14446995008608     -0.90577388569302      np
   -2.59558646786338     -3.75108123665296     -5.00442366732165      o
   -4.83104510718508     -5.13869196628048     -3.80938160662160      s
   -4.62943817678850     -4.84615147999689     -0.94143137135998      o
    3.21203037203561      0.62617109151662     -0.89635587121442      o
    1.23501993435123     -4.90832627802704     -0.71435865645328      o
   -2.54344272937322      0.62269040379096     -1.10549765407368      o
    3.03290157324065      5.61447770447375      1.09000531285937      h
   -0.02415456568653      4.11399834629890      1.10316649742099      h
    1.55706400808624      4.81527658934391      4.03643844792020      h
  0.99742394674696D-05  -.62938877007923D-05  0.43538862892767D-05
  0.24015542003042D-04  0.12654880791807D-03  0.54765016232139D-04
  -.10813398367482D-03  -.43663535766569D-04  0.73723418584137D-04
  -.22486561089607D-04  -.73868478853711D-04  -.23408577025208D-04
  -.68809241597911D-04  0.12995803182925D-03  -.19237590258570D-04
  0.13967544963300D-03  -.20088298592702D-03  0.15187804073946D-04
  -.74857824090557D-04  0.13475281482478D-03  0.43135242702164D-05
  0.14954618199781D-04  0.26863343893346D-04  -.13832157610594D-03
  -.57026763542467D-04  0.12576228768069D-03  0.24928118717016D-04
  0.78258845913837D-04  -.16774141878173D-03  -.23844211369362D-04
  0.21272843962361D-04  -.10690474757880D-04  0.21409075485757D-04
  0.19663685693949D-04  -.36671949202205D-04  0.40851179816670D-05
  0.23499144945816D-04  -.40725549945719D-05  0.20459780230020D-05
  cycle =      9    SCF energy =    -1801.7440502810   |dE/dxyz| =  0.000323
    1.79053493393785      4.28304544098654      2.05738491907350      c
    3.25309113777299      1.18252995992804      1.94906177676694      s
    1.19318725414400     -0.47006989891600      3.14251561623472      o
   -0.64208228347718     -2.14679130241797     -0.90352751216354      np
   -2.59555151188268     -3.74934796620601     -5.00462236198587      o
   -4.83701512369108     -5.12815071206192     -3.81077435597737      s
   -4.63030808500992     -4.84586665814229     -0.94222264047389      o
    3.21588340600403      0.62483494212869     -0.89450214472859      o
    1.23775680611348     -4.91135075314164     -0.71301831947453      o
   -2.53919817210958      0.62080230295934     -1.10149262598840      o
    3.02802346864317      5.61482676904314      1.08713912906084      h
   -0.02659259094484      4.10960734004899      1.10039206144548      h
    1.55227076049983      4.81593053579112      4.03366645821068      h
  -.34574808210674D-04  0.20536923948100D-05  -.15752286286475D-04
  0.38703461207490D-04  0.41740825775349D-04  0.19945109205111D-04
  -.43915548424422D-04  0.15470683345953D-04  0.89771385635373D-04
  0.56498020756024D-04  -.31556292653612D-04  0.17204172635843D-04
  -.83169835630059D-04  0.12678029528979D-04  -.89527822368041D-04
  0.56409099538968D-04  -.47289042575116D-04  0.11618071305008D-06
  -.10975252886247D-03  0.12011077155094D-04  -.67798940044383D-05
  0.58314536998338D-04  0.77226156019350D-04  -.56575829445293D-04
  -.94407798130192D-04  0.45961311258225D-04  -.28928649328464D-04
  0.11490074546217D-03  -.10200800478088D-03  0.48506774179113D-04
  0.13649171787034D-04  -.60554001106716D-05  0.16550267029292D-04
  0.14235634985482D-04  -.23577203998926D-04  0.50772203019633D-06
  0.13109798460753D-04  0.33441709745841D-05  0.49628611202834D-05
  cycle =     10    SCF energy =    -1801.7440507240   |dE/dxyz| =  0.000272
    1.79098001671314      4.28320635405336      2.05772067800326      c
    3.25288485028298      1.18212738932478      1.94896531581388      s
    1.19295969619580     -0.47018179292161      3.14227225766920      o
   -0.64263403629558     -2.14661529453940     -0.90360039729159      np
   -2.59540098115053     -3.74988653726787     -5.00459339517053      o
   -4.83727358472145     -5.12816871721667     -3.81094313149590      s
   -4.63009896318040     -4.84667210280148     -0.94237471376538      o
    3.21545740593719      0.62448494535924     -0.89440105275587      o
    1.23857379715790     -4.91035379308630     -0.71241869298048      o
   -2.54061430004764      0.62054518002379     -1.10308851511415      o
    3.02834023190391      5.61475676617546      1.08697390176342      h
   -0.02660541897281      4.11057679228525      1.10142162455553      h
    1.55343128617756      4.81618081061147      4.03406612076859      h
  -.24206768008739D-04  0.16775844825290D-04  -.50553511947715D-05
  -.12808788202534D-04  -.40435670531025D-04  -.17279444758600D-04
  0.28454636197495D-04  0.39531646665480D-04  0.42884695518275D-04
  0.45942975555491D-04  -.36150594428186D-04  0.50655525910326D-04
  -.99777034893833D-04  0.34302173696155D-04  -.80923860307891D-04
  0.79844817790331D-04  -.86998004260153D-04  0.11111810934494D-04
  -.11773039615193D-03  0.32387671690337D-04  -.25121237886339D-04
  0.59502845306980D-04  0.63527500947735D-04  0.20679119661082D-04
  -.23554986142926D-04  0.22807352394238D-04  -.80987080119943D-05
  0.43588191877220D-04  -.44335626267156D-04  -.48870911638632D-05
  0.66310459581054D-05  0.20852817694816D-06  0.83999074489416D-05
  0.91408058118247D-05  -.57973864596716D-05  0.47438120938104D-05
  0.49726469132927D-05  0.41766200684634D-05  0.28908460247834D-05
  cycle =     11    SCF energy =    -1801.7440512790   |dE/dxyz| =  0.000355
    1.79069814776646      4.28313591994514      2.05723010270124      c
    3.25334412444098      1.18205539558159      1.94906199171515      s
    1.19427657408844     -0.47072569402190      3.14254839174291      o
   -0.64213262809791     -2.14709036690415     -0.90304817429393      np
   -2.59475294250940     -3.75002419461857     -5.00467941767938      o
   -4.83999791336096     -5.12353738258755     -3.81188317797368      s
   -4.62945143131446     -4.84835719350301     -0.94297441124209      o
    3.21598934378679      0.62347919236994     -0.89386746768093      o
    1.24073471458754     -4.90978617705772     -0.71036683477187      o
   -2.54233345525300      0.61894162267410     -1.10267207877059      o
    3.02774080603329      5.61481542184096      1.08623443241814      h
   -0.02696089929531      4.11073232849656      1.10094654223165      h
    1.55284555912760      4.81636112778463      4.03347010160336      h
  -.32553293705107D-05  0.34429832408200D-04  0.12116894178238D-04
  -.63544746232935D-04  -.11761080263994D-03  -.69869882153739D-04
  0.12046387687548D-03  0.55873492595282D-04  -.10966496581943D-04
  0.90839116968056D-04  -.11794345352811D-04  0.29567257725738D-04
  -.10041726201493D-03  0.19465514817796D-05  -.88658073181591D-04
  0.42488094965876D-04  -.40484679368902D-04  0.33879653624780D-05
  -.11209812836466D-03  -.54469721781913D-05  -.32441975337250D-04
  0.71278649679485D-04  0.37044730204050D-04  0.13666300675652D-03
  0.54909917562185D-04  -.34462611601782D-04  0.33985111809631D-04
  -.80985380151333D-04  0.45164847357171D-04  -.11754955683063D-04
  -.72095386327575D-05  0.65354153502284D-05  -.41568421620397D-05
  -.26647196351703D-05  0.25084391956254D-04  0.20861655865012D-05
  -.98045479464126D-05  0.37201648606100D-05  0.41836015540753D-07
  cycle =     12    SCF energy =    -1801.7440515820   |dE/dxyz| =  0.000280
    1.79054252027536      4.28278170406767      2.05708396527953      c
    3.25329047593617      1.18196563902407      1.94912567168207      s
    1.19406311225054     -0.47075279500024      3.14265125979743      o
   -0.64223094356030     -2.14681857243961     -0.90287764394426      np
   -2.59415905532942     -3.75004534296108     -5.00428662775813      o
   -4.84008955586903     -5.12265726334747     -3.81164600618521      s
   -4.62895707766943     -4.84843380557708     -0.94265469502792      o
    3.21584706177981      0.62329046337314     -0.89389650665261      o
    1.24081491816826     -4.90943698260743     -0.71064976168062      o
   -2.54213203024073      0.61946264543178     -1.10292849921951      o
    3.02740047940359      5.61442289259059      1.08581339315590      h
   -0.02719976106044      4.11008096681992      1.10096798856968      h
    1.55280985591568      4.81614045062574      4.03329746198363      h
  0.69489444145532D-05  0.12195025639095D-04  0.10411936554933D-04
  -.33530406431836D-04  -.72534656823109D-04  -.33615880969506D-04
  0.88615406800940D-04  0.41035014799462D-04  -.83811157658431D-05
  0.62205309607322D-04  -.12875673558455D-04  0.60613221931405D-04
  -.76886977709023D-04  0.13903834783946D-04  -.83601330299388D-04
  0.34125256149764D-04  -.59722205151047D-04  0.58300136984712D-06
  -.10000343702465D-03  0.16502844228938D-05  -.19761491087067D-04
  0.55137314406650D-04  0.25747601193338D-04  0.93079943315200D-04
  0.44335525022809D-04  -.40122861697967D-04  0.74352061991689D-05
  -.55413115951808D-04  0.68585596329385D-04  -.20029238459007D-04
  -.66193249841362D-05  0.16348486626683D-05  -.60422530512305D-05
  -.94630509090976D-05  0.22330992183406D-04  -.17528256135435D-06
  -.94514774459098D-05  -.18277895366126D-05  -.51672919987311D-06
  cycle =     13    SCF energy =    -1801.7440512440   |dE/dxyz| =  0.000752
    1.78902539753298      4.27949851082543      2.05505500208403      c
    3.25255885118805      1.18103573504670      1.94915949779341      s
    1.19267173413622     -0.47155417031977      3.14360602715694      o
   -0.64254598454163     -2.14489719083117     -0.90096628533123      np
   -2.58677910279879     -3.75070883166801     -5.00061778501739      o
   -4.84423859247236     -5.10739396376812     -3.81061958739289      s
   -4.62245418804271     -4.85181786205423     -0.94041044884930      o
    3.21428717992537      0.62064198340741     -0.89449079671769      o
    1.24382677802219     -4.90535659791588     -0.70988027999424      o
   -2.54346853928742      0.62118206094770     -1.10355582867992      o
    3.02448403295796      5.61077243547328      1.08159279137312      h
   -0.02931545388583      4.10469414422217      1.10010106815584      h
    1.55194788726604      4.81390374663449      4.03102662541930      h
  0.12655393632932D-03  -.18181435168607D-03  0.13645719952882D-04
  0.13292320019076D-03  0.36523329916172D-03  0.22928227651775D-03
  -.16149489043471D-03  -.14978624522222D-03  0.73029202063424D-05
  -.11633043437165D-03  0.12747377496147D-03  0.14207726573101D-03
  0.19128833595516D-03  0.14863349552030D-04  -.13310889556806D-04
  -.16341723367219D-03  -.14826771646881D-04  -.55085555890066D-04
  0.10156250144089D-03  -.49571441160579D-04  0.10769482853501D-03
  -.69915731203629D-04  -.14244590752455D-03  -.25382672885499D-03
  0.55699645064244D-04  -.21405691983389D-05  -.59060433349911D-04
  -.20674030477785D-04  0.11663470990975D-03  -.64873195746551D-04
  -.57030855735718D-05  -.37706288980033D-04  -.29986781033386D-04
  -.55470575861083D-04  0.79286751253349D-05  -.20198436491592D-04
  -.15021597341180D-04  -.53842198824761D-04  -.36609897700046D-05
  cycle =     14    SCF energy =    -1801.7440524460   |dE/dxyz| =  0.000183
    1.79012095275526      4.28183833203288      2.05644328867062      c
    3.25269729047532      1.18161673967991      1.94872478121476      s
    1.19319564877767     -0.47103431930533      3.14264727789886      o
   -0.64225980969147     -2.14626331335893     -0.90254944845426      np
   -2.59122939315382     -3.75044056260993     -5.00302686876713      o
   -4.84129583920541     -5.11725123071799     -3.81126796068346      s
   -4.62631169436487     -4.84959239698022     -0.94185276929355      o
    3.21493200523998      0.62259446168238     -0.89460451612438      o
    1.24123638665013     -4.90847656202590     -0.71005738445713      o
   -2.54273083036443      0.61970176251959     -1.10246463343336      o
    3.02677404764435      5.61337886046744      1.08479697898598      h
   -0.02771041219795      4.10863872273988      1.10055820432400      h
    1.55258164743530      4.81528950587622      4.03265305011905      h
  0.40345816030407D-04  -.44386117521888D-04  0.11508911105018D-04
  0.20590105762608D-05  0.91233139006164D-04  0.31169088746452D-04
  -.21494368276365D-04  -.46248684409278D-04  0.13281008161670D-04
  0.16073912499692D-04  0.66326393094229D-04  0.29949547624142D-04
  0.25437607495959D-05  0.17256650865161D-04  -.43426574134031D-04
  0.16194840029016D-05  -.53784212154184D-04  -.14973190410217D-04
  -.27175512840927D-04  -.39531505180435D-07  0.25013301492294D-04
  0.19540563268805D-04  -.37125360768719D-04  -.45070168159356D-04
  -.68867452007737D-05  -.10957832085268D-04  -.18387705451595D-05
  -.66817572381694D-05  0.30504708362855D-04  0.34419980123879D-05
  -.30186191515291D-05  -.74567125567526D-05  -.86649914079473D-05
  -.87367807726224D-05  0.68642504742478D-05  -.29345231751243D-05
  -.81888280272224D-05  -.12186730578456D-04  0.25443320179619D-05
  cycle =     15    SCF energy =    -1801.7440525100   |dE/dxyz| =  0.000225
    1.78996338630906      4.28184029458854      2.05638519569721      c
    3.25267165855534      1.18162795106843      1.94875043882074      s
    1.19330867205913     -0.47110676999869      3.14275831754015      o
   -0.64208039632395     -2.14652960807272     -0.90237781945821      np
   -2.59100122302543     -3.75054539095179     -5.00288787383125      o
   -4.84186265866048     -5.11617629365618     -3.81129823918807      s
   -4.62622607727495     -4.84973146313864     -0.94183126447382      o
    3.21491001786665      0.62245845415837     -0.89453925556149      o
    1.24164921879316     -4.90858051671207     -0.71004606607131      o
   -2.54247998708677      0.61943299249508     -1.10273268299699      o
    3.02648690249457      5.61336657790883      1.08455180115540      h
   -0.02794510085262      4.10851131207529      1.10068798000164      h
    1.55260558714636      4.81543246023555      4.03257946836600      h
  0.37020713779645D-04  -.37305983773273D-04  0.87543055776740D-05
  -.69174076156031D-05  0.90394841556485D-04  0.23984440844060D-04
  -.11256321125863D-04  -.49060724955474D-04  0.10386515848282D-04
  -.16841490084296D-04  0.53945275597655D-04  0.93243796464026D-04
  0.37473366157670D-04  -.43149549853183D-04  -.34665507286036D-04
  -.65305006884842D-04  0.64518289631721D-04  -.20335929393767D-04
  0.90551160525365D-05  -.58606124908156D-04  0.21115387037085D-04
  0.19247202628137D-04  -.45268567610446D-04  -.40195554227296D-04
  0.13631499623301D-04  0.89710319564063D-05  -.19134734326576D-04
  0.41417462952609D-05  0.26821279512035D-04  -.38342150335602D-04
  -.48342167511262D-05  -.69998289076167D-05  -.90895096940546D-05
  -.93929943354443D-05  0.45859479005372D-05  0.94393822253069D-06
  -.60221975299868D-05  -.88458871640995D-05  0.33350164114765D-05
  cycle =     16    SCF energy =    -1801.7440525580   |dE/dxyz| =  0.000130
    1.79006796099811      4.28206935808626      2.05646177645916      c
    3.25258584346972      1.18162937381198      1.94866352652533      s
    1.19323084279463     -0.47106704273497      3.14263629794131      o
   -0.64204409280116     -2.14677730687976     -0.90248287549798      np
   -2.59123586144413     -3.75056080185557     -5.00293111690532      o
   -4.84180856423710     -5.11654780318636     -3.81127043652761      s
   -4.62635125591487     -4.84968491438566     -0.94185578918881      o
    3.21473516930884      0.62261838551218     -0.89460444948956      o
    1.24164997084717     -4.90883893540968     -0.71016882678893      o
   -2.54253163467440      0.61906976016283     -1.10260747229785      o
    3.02693944783317      5.61363545709828      1.08511794327201      h
   -0.02763460978157      4.10900894791234      1.10036518877972      h
    1.55239678360164      4.81544552186814      4.03267623371853      h
  0.23976655651126D-04  -.22634873408478D-04  0.77212196334386D-05
  -.12704644067441D-04  0.55511883608972D-04  0.14216249297760D-04
  -.53632994934105D-05  -.39169393192040D-04  0.39928402255640D-05
  0.11046996610364D-04  0.62084863350798D-04  0.41063442761224D-04
  -.53107713888778D-05  0.55594474179799D-05  -.33008612011720D-04
  0.54606636119559D-05  -.31645664648750D-04  -.46936036177669D-05
  -.22937835066017D-04  -.45586778014695D-05  0.68987836936429D-05
  0.16150175238039D-04  -.33466122236092D-04  -.23671353780230D-04
  -.88317157747042D-05  0.63480458436516D-05  -.93184775824540D-05
  0.52868098698866D-05  0.56823873499923D-05  -.13386052768460D-05
  -.72989925148370D-06  -.25615766703346D-05  -.28542561059108D-05
  -.49675417024275D-06  0.60326551918344D-05  -.43677651717644D-06
  -.55464272616379D-05  -.71829607685148D-05  0.14291336047911D-05
$end
