$hessapprox internal
  0.511141870373D+00  0.536959338388D-02  0.492612470157D+00  0.198990462012D-02
  0.170452069088D-02  0.200310696811D+00 -0.117218028700D-01 -0.194114045038D-01
  0.384558778133D-02  0.254793683297D+00 -0.335499208820D-02 -0.614997312928D-02
 -0.110673480564D-02  0.804009923940D-02  0.211015433723D+00  0.170945976852D-01
  0.227192889435D-01  0.144114839490D-01  0.129658190763D-01 -0.509365051293D-01
  0.581122112862D+00  0.850548819344D-03  0.111439219746D-02  0.857420053748D-03
 -0.378153074123D-02 -0.363528610957D-02  0.201128950548D-01  0.437032626253D-02
 -0.260517505244D-03  0.158252862155D-04 -0.262390472890D-03  0.298271151595D-04
  0.894749354840D-03 -0.620230218247D-02 -0.353656661076D-03  0.432031123184D+00
 -0.188375148708D-03 -0.668526710061D-04 -0.124993389677D-05 -0.179272553088D-02
 -0.558304459147D-03  0.825134953837D-03  0.244625426125D-03 -0.543817604311D-04
  0.432023227541D+00 -0.264296829418D-03 -0.279984432263D-02  0.568631884450D-03
  0.477556195515D-02 -0.121467064449D-02  0.162394391706D-01  0.731860077432D-03
 -0.211063314574D-03 -0.446555477940D-04  0.432128586658D+00  0.130625722434D-02
  0.535083864905D-03 -0.158053692257D-02  0.160586024257D-01  0.373519562988D-02
 -0.691841535493D-02 -0.119735913600D-03 -0.124458060961D-03 -0.275675997705D-03
 -0.611597100567D-03  0.328595933922D+00  0.383324146676D-02  0.105839196553D-01
  0.549593802872D-03 -0.452758678756D-02  0.107181446225D-03 -0.573906170719D-02
 -0.540289422184D-03 -0.204642307911D-04 -0.858141217436D-04  0.165605093262D-02
  0.271825741306D-02  0.316984392220D+00 -0.648199601917D-03 -0.896126511825D-03
 -0.526269557747D-03  0.189568719599D-02  0.270448380132D-02 -0.145989886718D-01
 -0.854061710750D-03  0.197486140110D-03 -0.984869296771D-04 -0.441342643190D-03
 -0.507039353057D-04  0.945398249532D-04  0.322395405140D+00 -0.406780172506D-02
 -0.160846314508D-02  0.183940869895D-02 -0.152703423292D-01 -0.386649331565D-02
  0.743315429043D-02  0.579724707753D-03 -0.222888125513D-03  0.435559197561D-03
  0.155136086047D-02  0.678289358259D-02 -0.572608004200D-02 -0.128850783822D-03
  0.339880150273D+00 -0.109741036621D-03  0.885310588631D-03  0.947958130195D-04
 -0.269029573151D-03  0.102815469958D-02 -0.584495373343D-02 -0.366907816067D-03
  0.295105584060D-04 -0.296162962420D-04  0.307443839626D-03  0.956604557133D-03
 -0.131397420448D-02  0.273230672481D-03 -0.147212062249D-02  0.347423134884D+00
  0.702065992919D-02  0.201564076537D-01 -0.868514586119D-03  0.211798518088D-01
  0.520514583381D-02 -0.107363721027D-01 -0.637753034717D-05 -0.889206224701D-03
 -0.423313294787D-03  0.366989311515D-02 -0.888382755230D-02 -0.814688162515D-02
 -0.561826853603D-03  0.852236165131D-03 -0.149604041943D-02  0.311447630146D+00
 -0.142064046943D-01 -0.925124411579D-02 -0.903667557379D-02 -0.704870067939D-01
  0.555644480470D-02 -0.170549818131D+00 -0.731902725277D-02  0.325181603355D-02
  0.957276697233D-03 -0.126470702608D-01 -0.182389048430D-02  0.456714515854D-02
  0.396143129139D-02 -0.111088098732D-02  0.451345456673D-03 -0.535908025516D-02
  0.636362998229D+00 -0.905746385051D-03  0.502199321994D-03 -0.168121717451D-02
  0.959733854767D-02  0.122016603556D-01 -0.599875498183D-01 -0.413050768337D-02
  0.906746355847D-03 -0.721955026649D-03 -0.772528236076D-03  0.201352387358D-02
 -0.169645755706D-02  0.270748308574D-02 -0.465934843461D-02  0.549730617933D-03
 -0.442828410612D-02  0.134090021834D-01  0.475934616603D+00  0.432546451233D-02
  0.113007322572D-01  0.182077575506D-02 -0.608720151116D-02  0.338283285868D-04
 -0.455089579364D-02  0.305749616317D-03 -0.383878100356D-03  0.262115975387D-03
  0.204206749117D-02  0.216977733242D-02 -0.714489770370D-02 -0.394016923495D-03
 -0.224599613847D-02 -0.184394434382D-02 -0.111765315987D-01 -0.702125482329D-02
 -0.345278738814D-02  0.460570126986D+00 -0.992517931247D-02 -0.234044128261D-01
  0.325791787121D-02 -0.379005552948D-01 -0.683655646987D-02  0.112350751058D-01
  0.734041960037D-05  0.100551012043D-02  0.925459237013D-03 -0.240182754213D-02
  0.201976841241D-01  0.282318170002D-02  0.129174629226D-02 -0.103340408517D-01
  0.454842057583D-03  0.528554905181D-01 -0.341442459006D-02  0.358497462229D-02
  0.938205129148D-02  0.816941006379D+00 -0.978738464571D-02 -0.238685082370D-01
  0.354507085448D-02 -0.327209422895D-01 -0.957514788800D-02  0.305276845783D-01
  0.496486070927D-03  0.841144583963D-03  0.705673812221D-03 -0.208072601884D-02
  0.192613384021D-01  0.419484070547D-02  0.512484616433D-03 -0.951651877357D-02
  0.346951494518D-03  0.541015091431D-01 -0.862259772357D-02  0.159383513043D-02
  0.925696218657D-02 -0.796930305272D-01  0.814826102412D+00  0.157518592709D-02
  0.679837572575D-02  0.790526632559D-03 -0.389018421824D-02  0.463340083178D-02
 -0.325709120077D-01 -0.142244956529D-02  0.141494529278D-03  0.590276034942D-04
  0.366077260151D-03  0.210977114798D-02 -0.509160600412D-02  0.719427664963D-03
 -0.163775414660D-02 -0.110825992055D-02 -0.831635501166D-02  0.359765381790D-02
  0.266462671908D-02 -0.428911578080D-01  0.768784655782D-02  0.682461384808D-02
  0.450021021820D+00 -0.467611664084D-02 -0.747965459604D-02 -0.478828513438D-03
 -0.138799083890D-01 -0.759297810200D-03 -0.147295964198D-01 -0.373476220795D-03
  0.472016092840D-03  0.404536155177D-03 -0.183575952484D-02  0.337718616587D-02
  0.951458374163D-03  0.689822663127D-03 -0.457495201948D-03  0.375787898407D-03
  0.106813256296D-01  0.163379431868D-01  0.178968339141D-02  0.465089067693D-02
 -0.144549255839D-01 -0.162416786973D-01  0.555620568899D-02  0.286401665826D+00
  0.332324018758D-02  0.179521721215D-01 -0.293445770106D-02 -0.246383154611D-01
  0.182778561336D-02 -0.626517793739D-01 -0.400709689720D-02  0.115129621955D-02
 -0.454376789238D-03 -0.125313388270D-02  0.128821511365D-02 -0.428156677228D-02
  0.133541573194D-02 -0.121544842940D-01 -0.184624388388D-02 -0.198146090798D-01
  0.718946393323D-01  0.240764424573D-02  0.462145628042D-02  0.644613678491D-02
  0.104730791333D-01  0.108613450096D-01  0.495274466142D-02  0.213892772844D+00
  0.367778290785D-02  0.198532819321D-02 -0.494826065375D-03  0.537062094141D-02
  0.752738339940D-02 -0.404299649361D-01 -0.153331856856D-02  0.480255225757D-03
  0.139761774452D-03 -0.241328113366D-02 -0.204386336471D-02  0.886635638677D-03
  0.865762928509D-03  0.992390161441D-02  0.554937176456D-03  0.260434414411D-02
  0.999238563659D-03  0.766709936428D-02 -0.621369223934D-01  0.615169714915D-02
  0.103646617244D-02 -0.667782727437D-01  0.588972442699D-02  0.407307004850D-01
  0.368369047875D+00 -0.474593576805D-02 -0.128338022187D-01  0.524419984820D-03
 -0.896115047144D-02 -0.284164161178D-02  0.975656056672D-02  0.618943771922D-03
  0.224931382474D-03  0.339678078384D-03 -0.185128615733D-02  0.279837692812D-02
  0.477866774663D-02  0.669951591624D-04  0.151511660843D-02  0.100759280132D-02
  0.192171237147D-01 -0.311114730252D-02  0.134587660458D-02  0.774309677544D-02
 -0.219843140246D-01 -0.233220077898D-01  0.530706717012D-02 -0.453140801251D-02
  0.646116187780D-02  0.242023003738D-03  0.896812165547D+00 -0.401586108138D-02
 -0.116981948920D-01  0.258860707950D-03 -0.281586258285D-03 -0.184931911068D-02
  0.117454105891D-01  0.432752428096D-04  0.278882884992D-03 -0.744578289678D-04
 -0.163131491844D-02  0.175108726646D-02  0.551207074012D-02  0.441391771255D-05
  0.143248853662D-02  0.103959272064D-02  0.173781156282D-01 -0.496493939225D-02
  0.250348776892D-02  0.668107729601D-02 -0.201856920417D-01 -0.200926393075D-01
  0.488585388606D-02 -0.522898296007D-02  0.980341378775D-02 -0.199500705922D-02
 -0.921382076355D-02  0.898258142679D+00  0.205498135153D-02 -0.117755487270D-02
 -0.108891930112D-02  0.596106486515D-02  0.102649317809D-01 -0.570899976662D-01
 -0.243692574893D-02  0.795163624122D-03  0.774319862032D-04 -0.362813405850D-02
 -0.236238121471D-02  0.246388086758D-02  0.149501410508D-02  0.112429072330D-01
  0.108620328872D-02  0.507830826237D-02  0.697690374494D-02  0.114337134644D-01
 -0.666226692831D-01  0.517290624665D-02 -0.726005870265D-03 -0.743359912102D-01
  0.669950606782D-02  0.461753459987D-01 -0.140699954417D+00 -0.149373463980D-02
 -0.362669272014D-02  0.347540693733D+00 -0.158601091259D-02 -0.252039159159D-02
 -0.252209619004D-05  0.410631350898D-03 -0.828176234861D-03  0.476438084054D-02
  0.404976447618D-03 -0.398438530157D-04  0.160080308795D-03  0.570019451928D-04
  0.554121685551D-03 -0.294014040245D-03 -0.441123617388D-04  0.770080120568D-03
  0.126894705105D-03  0.231621641658D-02 -0.114096911728D-02 -0.844490006313D-03
  0.459134033189D-02 -0.238495647841D-02 -0.258151598169D-02  0.489817245802D-02
 -0.298746213710D-03 -0.412885857129D-02  0.710305639048D-02 -0.593421358968D-03
 -0.972402234296D-03  0.768333812521D-02  0.288038918007D+00  0.148642225936D-01
  0.136601967286D-01  0.926773406254D-02 -0.627283087408D-01 -0.372413860555D-01
  0.210157462610D+00  0.174602949907D-01 -0.408381668417D-02  0.420594023080D-02
  0.794321454440D-02  0.231059457355D-02 -0.105442760362D-01 -0.804889362308D-02
  0.999920611735D-02 -0.322430399089D-02  0.831652720967D-02 -0.874701676757D-01
 -0.462393747088D-01  0.150282885284D-01 -0.314665799243D-02 -0.104916545782D-01
  0.256144703110D-01 -0.347974316677D-02 -0.488290243642D-01 -0.143877711882D-01
  0.939137267422D-02 -0.635257856473D-02 -0.338062639233D-02  0.324595752598D-02
  0.276684497826D+00 -0.255229005870D-02 -0.251993143398D-02 -0.143120021068D-02
  0.401217797799D-02  0.399369258694D-02 -0.291501533776D-01 -0.209790227551D-02
  0.530356243316D-03 -0.356332879989D-03 -0.125875010552D-02 -0.574466789538D-04
  0.109892111914D-02  0.108288837319D-02 -0.144463269144D-02  0.413995975324D-03
 -0.751813230504D-03  0.159507809588D-01  0.510237934722D-02  0.273666432248D-02
 -0.351228469471D-03 -0.850343373266D-04  0.415247551245D-02  0.702154508396D-03
  0.563418611804D-02  0.100240697078D-01 -0.109278300569D-02  0.224712885693D-03
  0.108921302722D-01 -0.857258683312D-03 -0.199465811150D-01  0.202644417730D+00
 -0.947249357040D-02 -0.272286212025D-01 -0.112789234958D-01  0.304039412744D-01
  0.198191996563D-01 -0.132599384239D+00 -0.101242078374D-01  0.373821280617D-02
 -0.214606100734D-02 -0.139242042727D-01 -0.122992096817D-01  0.276102509673D-01
  0.494070430146D-02  0.143644920126D-01  0.674868246150D-02  0.272202371017D-01
  0.950349174100D-01  0.354303270978D-01  0.332918616632D-01 -0.174652342155D-01
 -0.195253837877D-01  0.399950908465D-01 -0.301884890659D-02  0.799443696547D-01
  0.230889943423D-01 -0.251720290428D-01 -0.182507488768D-01  0.248277241531D-01
 -0.788574714929D-02 -0.142449670614D+00  0.166616389778D-01  0.211873015029D+00
 -0.257702430686D-02 -0.644648211293D-02 -0.211974504805D-02  0.525178726502D-02
  0.847599833832D-02 -0.457982990311D-01 -0.275959208375D-02  0.866338056153D-03
 -0.348844719971D-03 -0.257770031309D-02 -0.641661201504D-03  0.339406205933D-02
  0.203715780566D-02  0.143029622448D-02  0.153205058719D-02  0.473644818133D-02
  0.154066587796D-01  0.104135969001D-01  0.399588676928D-02 -0.182284474934D-02
 -0.476284222054D-02  0.724565291050D-02  0.623498051677D-03  0.986448339860D-02
  0.494784723274D-02 -0.356426720642D-02 -0.350378777047D-02  0.667612283047D-02
 -0.964394881263D-03 -0.291053605283D-01  0.351217618740D-02  0.548641146361D-02
  0.205075207042D+00
$end
