$hessian (projected)
 1  1   0.5223911004   0.0926070219   0.0034537450  -0.0922333009   0.0697245889
 1  2  -0.0086472878   0.0123325224  -0.0309308914   0.0046765226  -0.0008842727
 1  3  -0.0015914889   0.0009156687   0.0001607747   0.0001111612   0.0000796736
 1  4  -0.0001277139  -0.0000623477   0.0000045215   0.0001406804   0.0001029128
 1  5   0.0000332143   0.0102716988  -0.0055088844   0.0056831490   0.0001676895
 1  6   0.0001880448  -0.0003870302   0.0012409098  -0.0002642438   0.0002421195
 1  7  -0.1437303540  -0.1102560234   0.0782329741  -0.2617447364  -0.0206183421
 1  8  -0.1136777219  -0.0479849981   0.0064984922   0.0293904516
 2  1   0.0926070219   0.3819019955  -0.0034708056   0.0286058620  -0.0961803547
 2  2  -0.0016584225  -0.0007419605  -0.0230955026   0.0057118553   0.0020128205
 2  3  -0.0000709541   0.0019608333  -0.0003262070  -0.0002205181  -0.0003240232
 2  4   0.0002193716   0.0001135482   0.0001789586  -0.0004111130  -0.0002575748
 2  5  -0.0002312696   0.0046550206  -0.0058089390  -0.0067483279   0.0002276765
 2  6  -0.0006295637  -0.0003328582  -0.0016287081   0.0004525053  -0.0008622281
 2  7  -0.1069464413  -0.1564814046   0.0839118969  -0.0253843978  -0.0401362073
 2  8  -0.0111678378   0.0071110543  -0.0595870301  -0.0669677711
 3  1   0.0034537450  -0.0034708056   0.5664202643  -0.0198103741   0.0189511943
 3  2  -0.0419963014   0.0052914137   0.0129856419   0.0011717494   0.0019072661
 3  3   0.0001496527  -0.0026010278  -0.0001244293  -0.0000430710   0.0000108357
 3  4   0.0000815897   0.0000403677  -0.0001098271  -0.0000402921  -0.0000283482
 3  5   0.0000809783   0.0160193415  -0.0342332378  -0.0140467954  -0.0003607404
 3  6  -0.0003605077   0.0007444073  -0.0001466450  -0.0001743488   0.0005117370
 3  7   0.0774721419   0.0849357579  -0.1060327781  -0.1149464219  -0.0088016416
 3  8  -0.1054958187   0.0312034049  -0.0699506537  -0.2986574236
 4  1  -0.0922333009   0.0286058620  -0.0198103741   0.4268825234   0.0977223370
 4  2  -0.0177716249  -0.2377539677  -0.1231344618   0.0681818353  -0.0088604570
 4  3  -0.0150285957  -0.0220736490   0.0004832302   0.0003783737   0.0012687991
 4  4  -0.0003028076  -0.0002827062  -0.0011009980   0.0008446021   0.0007271264
 4  5   0.0006027099  -0.0753569685  -0.0052086602  -0.0134495716  -0.0028748165
 4  6   0.0031364239   0.0017281016   0.0014880116  -0.0009592805   0.0029410173
 4  7   0.0056521322  -0.0178686372  -0.0005337518  -0.0164154617   0.0334481542
 4  8   0.0005011282  -0.0015527195  -0.0015359356  -0.0004836219
 5  1   0.0697245889  -0.0961803547   0.0189511943   0.0977223370   0.3517578344
 5  2   0.0045528693  -0.1448594772  -0.1552317290   0.0574941238  -0.0228711537
 5  3  -0.0041587803  -0.0199286258   0.0012353934   0.0007361716   0.0016081707
 5  4  -0.0007138999  -0.0004496331  -0.0009415316   0.0016548789   0.0010019415
 5  5   0.0008106569  -0.0170177678  -0.0699306994  -0.0662289337   0.0004574875
 5  6   0.0020698801   0.0020179578   0.0048416286  -0.0096225001   0.0011711522
 5  7   0.0043819399  -0.0090026330  -0.0013310463   0.0063868396  -0.0100652482
 5  8   0.0002735190  -0.0009427952  -0.0009242499   0.0015504933
 6  1  -0.0086472878  -0.0016584225  -0.0419963014  -0.0177716249   0.0045528693
 6  2   0.5072433573   0.0822531044   0.0660744776  -0.1093260009  -0.0241993552
 6  3  -0.0160044970   0.0106418496   0.0010602754   0.0008030751   0.0002181270
 6  4  -0.0012007529  -0.0007233811   0.0008866056   0.0013131821   0.0007152327
 6  5  -0.0004692355  -0.0366556321  -0.0579980876  -0.3570773574   0.0009824354
 6  6   0.0033770606  -0.0031568930   0.0045333212  -0.0017432704  -0.0031795788
 6  7  -0.0048119094   0.0106229185  -0.0019818053  -0.0068399328   0.0138222238
 6  8   0.0010405343   0.0099841765  -0.0218401990  -0.0028433014
 7  1   0.0123325224  -0.0007419605   0.0052914137  -0.2377539677  -0.1448594772
 7  2   0.0822531044   0.2125377706   0.1463250697  -0.1014366145  -0.0112325746
 7  3   0.0018854173   0.0053190590  -0.0018031512  -0.0014717166  -0.0025054578
 7  4   0.0005873202   0.0004450951   0.0009550533  -0.0011930589  -0.0008746406
 7  5  -0.0013401664   0.0193197484   0.0035925059   0.0179871933   0.0064223913
 7  6  -0.0054051743   0.0004497111  -0.0031637973   0.0054177827  -0.0063877472
 7  7   0.0013050884   0.0016875315  -0.0002272343   0.0029041229  -0.0053930649
 7  8   0.0004967370  -0.0002624144  -0.0006073683  -0.0008550517
 8  1  -0.0309308914  -0.0230955026   0.0129856419  -0.1231344618  -0.1552317290
 8  2   0.0660744776   0.1463250697   0.1777222539  -0.0822653728   0.0048509052
 8  3  -0.0163784559   0.0017765336  -0.0018830043  -0.0008905874  -0.0020186965
 8  4   0.0005756407   0.0004139759   0.0007357584  -0.0012089959  -0.0011090922
 8  5  -0.0008899176   0.0068205430   0.0147159439   0.0071032430  -0.0004074079
 8  6  -0.0031283335  -0.0047030078  -0.0026980329   0.0109431122   0.0015745771
 8  7   0.0045200829  -0.0094282344  -0.0003031272  -0.0019862259   0.0043572497
 8  8  -0.0000836902  -0.0008432214   0.0011093993   0.0000135806
 9  1   0.0046765226   0.0057118553   0.0011717494   0.0681818353   0.0574941238
 9  2  -0.1093260009  -0.1014366145  -0.0822653728   0.1485775491  -0.0053539093
 9  3  -0.0036563495  -0.0267069126  -0.0024228333  -0.0017274745  -0.0021209861
 9  4   0.0012774763   0.0008516692   0.0000688109  -0.0020421001  -0.0013476226
 9  5   0.0007520377   0.0372644921   0.0239841723  -0.0150072559   0.0046252824
 9  6  -0.0066332067   0.0015874621  -0.0049101705   0.0057569340  -0.0010328538
 9  7  -0.0002510936   0.0012691285   0.0014271316   0.0007454632  -0.0017645058
 9  8  -0.0008864294  -0.0003543506   0.0023266490   0.0014956977
10  1  -0.0008842727   0.0020128205   0.0019072661  -0.0088604570  -0.0228711537
10  2  -0.0241993552  -0.0112325746   0.0048509052  -0.0053539093   0.4200955085
10  3  -0.3502475765   0.0677010297  -0.0108353323   0.0022738125  -0.0027384766
10  4  -0.0125189481  -0.0132385493  -0.0208893766  -0.0168260151  -0.0012073814
10  5   0.0092045947  -0.0209250671  -0.0017501280   0.0122990857  -0.1716197088
10  6   0.1938826093  -0.0193155203  -0.1660363268   0.1821661754  -0.0194068238
10  7  -0.0007335555   0.0004512617  -0.0003940477   0.0013913002   0.0024201624
10  8   0.0010198543  -0.0010145507   0.0012570420   0.0001656791
11  1  -0.0015914889  -0.0000709541   0.0001496527  -0.0150285957  -0.0041587803
11  2  -0.0160044970   0.0018854173  -0.0163784559  -0.0036563495  -0.3502475765
11  3   0.7082681180  -0.0085002806   0.0034968056  -0.0140337123  -0.0025393219
11  4  -0.0144039557  -0.0022284095  -0.0138095670  -0.0009072112  -0.0164722336
11  5   0.0062872960  -0.0030392522  -0.0196061444   0.0052354192   0.1915663284
11  6  -0.3196718413   0.0167070061   0.1877576191  -0.3120076137   0.0169555808
11  7   0.0008991157  -0.0000773057   0.0001480831  -0.0009839623  -0.0038419105
11  8  -0.0017232151   0.0005967563   0.0002792433   0.0007501931
12  1   0.0009156687   0.0019608333  -0.0026010278  -0.0220736490  -0.0199286258
12  2   0.0106418496   0.0053190590   0.0017765336  -0.0267069126   0.0677010297
12  3  -0.0085002806   0.1260340222   0.0056326754   0.0023534774  -0.0220057416
12  4  -0.0212308012  -0.0132050324   0.0078554333   0.0012818572   0.0005872238
12  5  -0.0134497510   0.0005245222   0.0019022235  -0.0134928551  -0.0199500111
12  6   0.0178626608  -0.0331342759  -0.0179275248   0.0142001672  -0.0336243988
12  7  -0.0001634724   0.0014538758  -0.0000783177   0.0000944659  -0.0000190527
12  8   0.0007148022  -0.0001238196  -0.0004440037  -0.0001528268
13  1   0.0001607747  -0.0003262070  -0.0001244293   0.0004832302   0.0012353934
13  2   0.0010602754  -0.0018031512  -0.0018830043  -0.0024228333  -0.0108353323
13  3   0.0034968056   0.0056326754   0.2642410307   0.1541520736  -0.1243927907
13  4  -0.2707847471  -0.1630095010   0.1077195160   0.0162436613   0.0094476597
13  5   0.0192848031  -0.0010575453  -0.0009167148  -0.0014565177  -0.0024788674
13  6   0.0023123175  -0.0054420751   0.0058029242  -0.0044879371   0.0001019396
13  7  -0.0000102246  -0.0000420396   0.0000321845   0.0000408078   0.0001096568
13  8   0.0001087490  -0.0000025610  -0.0000885026  -0.0001014970
14  1   0.0001111612  -0.0002205181  -0.0000430710   0.0003783737   0.0007361716
14  2   0.0008030751  -0.0014717166  -0.0008905874  -0.0017274745   0.0022738125
14  3  -0.0140337123   0.0023534774   0.1541520736   0.1054262143  -0.0709943171
14  4  -0.1633062712  -0.1055821664   0.0626003994   0.0102097882   0.0108401997
14  5   0.0116862791  -0.0007965369  -0.0009578108  -0.0010229897  -0.0012957888
14  6   0.0072532349   0.0015990979  -0.0002681982  -0.0026336334  -0.0052865589
14  7  -0.0000152854  -0.0000306355   0.0000100109   0.0000437721   0.0001341725
14  8   0.0001121828  -0.0000151841  -0.0000409291  -0.0000901113
15  1   0.0000796736  -0.0003240232   0.0000108357   0.0012687991   0.0016081707
15  2   0.0002181270  -0.0025054578  -0.0020186965  -0.0021209861  -0.0027384766
15  3  -0.0025393219  -0.0220057416  -0.1243927907  -0.0709943171   0.1463851705
15  4   0.0944011466   0.0541310661  -0.1080536838   0.0365120570   0.0225153863
15  5  -0.0155279086  -0.0020377630  -0.0017052924   0.0004617580  -0.0043240441
15  6   0.0053454204  -0.0003985467   0.0036939359  -0.0060476592   0.0010543328
15  7  -0.0000515024  -0.0000996186   0.0000009862   0.0000868001   0.0001562944
15  8   0.0000292166   0.0000076223  -0.0000274090  -0.0000535600
16  1  -0.0001277139   0.0002193716   0.0000815897  -0.0003028076  -0.0007138999
16  2  -0.0012007529   0.0005873202   0.0005756407   0.0012774763  -0.0125189481
16  3  -0.0144039557  -0.0212308012  -0.2707847471  -0.1633062712   0.0944011466
16  4   0.3348960222   0.2068665833  -0.0424230409  -0.0524168338  -0.0318663822
16  5  -0.0359604636   0.0009405230   0.0008296528   0.0007513660   0.0017848694
16  6  -0.0006283544   0.0026801907  -0.0020698526   0.0024628974   0.0016481949
16  7   0.0000176657   0.0000167238  -0.0000113460  -0.0000159574  -0.0001048454
16  8  -0.0000897631   0.0000104599   0.0000528392   0.0000762033
17  1  -0.0000623477   0.0001135482   0.0000403677  -0.0002827062  -0.0004496331
17  2  -0.0007233811   0.0004450951   0.0004139759   0.0008516692  -0.0132385493
17  3  -0.0022284095  -0.0132050324  -0.1630095010  -0.1055821664   0.0541310661
17  4   0.2068665833   0.1366979227  -0.0030659034  -0.0326656128  -0.0279846569
17  5  -0.0408634009   0.0007017698   0.0005220399   0.0004791482   0.0007308442
17  6  -0.0029258303   0.0006420218   0.0005224710   0.0014801840   0.0017369826
17  7   0.0000222662   0.0000138265  -0.0000061288  -0.0000429637  -0.0001022486
17  8  -0.0000696549   0.0000126512   0.0000314477   0.0000522460
18  1   0.0000045215   0.0001789586  -0.0001098271  -0.0011009980  -0.0009415316
18  2   0.0008866056   0.0009550533   0.0007357584   0.0000688109  -0.0208893766
18  3  -0.0138095670   0.0078554333   0.1077195160   0.0626003994  -0.1080536838
18  4  -0.0424230409  -0.0030659034   0.5088961703  -0.0494337892  -0.0490552420
18  5  -0.4039555361   0.0010109486   0.0007249047  -0.0004948908   0.0030662269
18  6  -0.0000515715  -0.0024271336   0.0011084317   0.0027222024  -0.0026825281
18  7   0.0000615443   0.0000920811  -0.0000039214  -0.0000729979  -0.0001037402
18  8   0.0000334317  -0.0000060398  -0.0000267489  -0.0000129309
19  1   0.0001406804  -0.0004111130  -0.0000402921   0.0008446021   0.0016548789
19  2   0.0013131821  -0.0011930589  -0.0012089959  -0.0020421001  -0.0168260151
19  3  -0.0009072112   0.0012818572   0.0162436613   0.0102097882   0.0365120570
19  4  -0.0524168338  -0.0326656128  -0.0494337892   0.0561813820   0.0298857640
19  5   0.0127214886  -0.0032394990  -0.0028149142  -0.0016699692  -0.0066482094
19  6   0.0028498839   0.0002765413   0.0068800706  -0.0065818750   0.0010540525
19  7  -0.0000442834  -0.0000975426   0.0000201972   0.0000697147   0.0001558280
19  8   0.0000887983   0.0000077882  -0.0000688783  -0.0000820235
20  1   0.0001029128  -0.0002575748  -0.0000283482   0.0007271264   0.0010019415
20  2   0.0007152327  -0.0008746406  -0.0011090922  -0.0013476226  -0.0012073814
20  3  -0.0164722336   0.0005872238   0.0094476597   0.0108401997   0.0225153863
20  4  -0.0318663822  -0.0279846569  -0.0490552420   0.0298857640   0.0319582788
20  5   0.0266146657  -0.0024133426  -0.0014905746  -0.0010090221  -0.0013961831
20  6   0.0087183310   0.0003088624  -0.0024156359  -0.0052653679   0.0006514874
20  7  -0.0000612319  -0.0000571627   0.0000227327   0.0000770164   0.0001619697
20  8   0.0000742627  -0.0000056815  -0.0000440579  -0.0000496186
21  1   0.0000332143  -0.0002312696   0.0000809783   0.0006027099   0.0008106569
21  2  -0.0004692355  -0.0013401664  -0.0008899176   0.0007520377   0.0092045947
21  3   0.0062872960  -0.0134497510   0.0192848031   0.0116862791  -0.0155279086
21  4  -0.0359604636  -0.0408634009  -0.4039555361   0.0127214886   0.0266146657
21  5   0.4278079393  -0.0013764220  -0.0011266619  -0.0001152898  -0.0029800555
21  6   0.0004946704   0.0023223769  -0.0002347842  -0.0028037147   0.0025823912
21  7  -0.0000579277  -0.0000945578   0.0000060412   0.0000746439   0.0001009342
21  8  -0.0000312962   0.0000283649   0.0000150202  -0.0000027474
22  1   0.0102716988   0.0046550206   0.0160193415  -0.0753569685  -0.0170177678
22  2  -0.0366556321   0.0193197484   0.0068205430   0.0372644921  -0.0209250671
22  3  -0.0030392522   0.0005245222  -0.0010575453  -0.0007965369  -0.0020377630
22  4   0.0009405230   0.0007017698   0.0010109486  -0.0032394990  -0.0024133426
22  5  -0.0013764220   0.0676030712   0.0150484005  -0.0178618686   0.0081334922
22  6  -0.0074195009   0.0012815420  -0.0081028515   0.0038364880   0.0009894267
22  7   0.0000558920   0.0013171736  -0.0000277991   0.0026010816  -0.0056724717
22  8  -0.0000033994  -0.0002435760   0.0039794765   0.0008726111
23  1  -0.0055088844  -0.0058089390  -0.0342332378  -0.0052086602  -0.0699306994
23  2  -0.0579980876   0.0035925059   0.0147159439   0.0239841723  -0.0017501280
23  3  -0.0196061444   0.0019022235  -0.0009167148  -0.0009578108  -0.0017052924
23  4   0.0008296528   0.0005220399   0.0007249047  -0.0028149142  -0.0014905746
23  5  -0.0011266619   0.0150484005   0.0781107698   0.0682766718  -0.0017108519
23  6  -0.0054385728   0.0002163655  -0.0028912031   0.0114488942   0.0004858294
23  7  -0.0003423463   0.0023429127  -0.0002013681  -0.0025528043   0.0039898359
23  8   0.0004606030   0.0042259480  -0.0078976555  -0.0007861224
24  1   0.0056831490  -0.0067483279  -0.0140467954  -0.0134495716  -0.0662289337
24  2  -0.3570773574   0.0179871933   0.0071032430  -0.0150072559   0.0122990857
24  3   0.0052354192  -0.0134928551  -0.0014565177  -0.0010229897   0.0004617580
24  4   0.0007513660   0.0004791482  -0.0004948908  -0.0016699692  -0.0010090221
24  5  -0.0001152898  -0.0178618686   0.0682766718   0.3929872969   0.0000253599
24  6  -0.0032192040   0.0021719530  -0.0045027055   0.0037148300   0.0034270018
24  7  -0.0010438031  -0.0015610081  -0.0000415129   0.0015087172  -0.0011226562
24  8  -0.0002165376   0.0017295645  -0.0038971705   0.0014444853
25  1   0.0001676895   0.0002276765  -0.0003607404  -0.0028748165   0.0004574875
25  2   0.0009824354   0.0064223913  -0.0004074079   0.0046252824  -0.1716197088
25  3   0.1915663284  -0.0199500111  -0.0024788674  -0.0012957888  -0.0043240441
25  4   0.0017848694   0.0007308442   0.0030662269  -0.0066482094  -0.0013961831
25  5  -0.0029800555   0.0081334922  -0.0017108519   0.0000253599   0.1586493251
25  6  -0.1927038259   0.0185705223   0.0084463376   0.0051784761   0.0005453823
25  7   0.0000771614   0.0001057978   0.0000364623  -0.0002163446  -0.0006164690
25  8  -0.0002768900   0.0001566803  -0.0001360839   0.0000400696
26  1   0.0001880448  -0.0006295637  -0.0003605077   0.0031364239   0.0020698801
26  2   0.0033770606  -0.0054051743  -0.0031283335  -0.0066332067   0.1938826093
26  3  -0.3196718413   0.0178626608   0.0023123175   0.0072532349   0.0053454204
26  4  -0.0006283544  -0.0029258303  -0.0000515715   0.0028498839   0.0087183310
26  5   0.0004946704  -0.0074195009  -0.0054385728  -0.0032192040  -0.1927038259
26  6   0.3085675721  -0.0173214275   0.0037443034   0.0047361451   0.0003843753
26  7  -0.0001761350  -0.0000978046   0.0000308254   0.0002301171   0.0007087720
26  8   0.0003041458  -0.0000107095  -0.0001619891  -0.0002132414
27  1  -0.0003870302  -0.0003328582   0.0007444073   0.0017281016   0.0020179578
27  2  -0.0031568930   0.0004497111  -0.0047030078   0.0015874621  -0.0193155203
27  3   0.0167070061  -0.0331342759  -0.0054420751   0.0015990979  -0.0003985467
27  4   0.0026801907   0.0006420218  -0.0024271336   0.0002765413   0.0003088624
27  5   0.0023223769   0.0012815420   0.0002163655   0.0021719530   0.0185705223
27  6  -0.0173214275   0.0217138339   0.0001689442   0.0010879831   0.0105749566
27  7   0.0000932247  -0.0002918528   0.0000357909  -0.0000440888  -0.0001207484
27  8  -0.0000539950  -0.0000600636   0.0001906000   0.0000200636
28  1   0.0012409098  -0.0016287081  -0.0001466450   0.0014880116   0.0048416286
28  2   0.0045333212  -0.0031637973  -0.0026980329  -0.0049101705  -0.1660363268
28  3   0.1877576191  -0.0179275248   0.0058029242  -0.0002681982   0.0036939359
28  4  -0.0020698526   0.0005224710   0.0011084317   0.0068800706  -0.0024156359
28  5  -0.0002347842  -0.0081028515  -0.0028912031  -0.0045027055   0.0084463376
28  6   0.0037443034   0.0001689442   0.1571721316  -0.1855334599   0.0189957171
28  7   0.0001983276  -0.0001813136   0.0000465321  -0.0017817180  -0.0010432330
28  8  -0.0007029592  -0.0000741667  -0.0002062374  -0.0001220930
29  1  -0.0002642438   0.0004525053  -0.0001743488  -0.0009592805  -0.0096225001
29  2  -0.0017432704   0.0054177827   0.0109431122   0.0057569340   0.1821661754
29  3  -0.3120076137   0.0142001672  -0.0044879371  -0.0026336334  -0.0060476592
29  4   0.0024628974   0.0014801840   0.0027222024  -0.0065818750  -0.0052653679
29  5  -0.0028037147   0.0038364880   0.0114488942   0.0037148300   0.0051784761
29  6   0.0047361451   0.0010879831  -0.1855334599   0.2972753721  -0.0172072526
29  7  -0.0009269105   0.0003372032  -0.0003706813   0.0007646950   0.0025317295
29  8   0.0013310220  -0.0010728077   0.0003239695  -0.0004662116
30  1   0.0002421195  -0.0008622281   0.0005117370   0.0029410173   0.0011711522
30  2  -0.0031795788  -0.0063877472   0.0015745771  -0.0010328538  -0.0194068238
30  3   0.0169555808  -0.0336243988   0.0001019396  -0.0052865589   0.0010543328
30  4   0.0016481949   0.0017369826  -0.0026825281   0.0010540525   0.0006514874
30  5   0.0025823912   0.0009894267   0.0004858294   0.0034270018   0.0005453823
30  6   0.0003843753   0.0105749566   0.0189957171  -0.0172072526   0.0235044404
30  7  -0.0005405893  -0.0000498745  -0.0002443178  -0.0002115027   0.0004287129
30  8  -0.0009319537   0.0000288131   0.0000172164   0.0000407711
31  1  -0.1437303540  -0.1069464413   0.0774721419   0.0056521322   0.0043819399
31  2  -0.0048119094   0.0013050884   0.0045200829  -0.0002510936  -0.0007335555
31  3   0.0008991157  -0.0001634724  -0.0000102246  -0.0000152854  -0.0000515024
31  4   0.0000176657   0.0000222662   0.0000615443  -0.0000442834  -0.0000612319
31  5  -0.0000579277   0.0000558920  -0.0003423463  -0.0010438031   0.0000771614
31  6  -0.0001761350   0.0000932247   0.0001983276  -0.0009269105  -0.0005405893
31  7   0.1516544996   0.1173961312  -0.0858714465  -0.0117986820  -0.0171522561
31  8   0.0151241222  -0.0026436676  -0.0015989296   0.0000407113
32  1  -0.1102560234  -0.1564814046   0.0849357579  -0.0178686372  -0.0090026330
32  2   0.0106229185   0.0016875315  -0.0094282344   0.0012691285   0.0004512617
32  3  -0.0000773057   0.0014538758  -0.0000420396  -0.0000306355  -0.0000996186
32  4   0.0000167238   0.0000138265   0.0000920811  -0.0000975426  -0.0000571627
32  5  -0.0000945578   0.0013171736   0.0023429127  -0.0015610081   0.0001057978
32  6  -0.0000978046  -0.0002918528  -0.0001813136   0.0003372032  -0.0000498745
32  7   0.1173961312   0.1661864940  -0.0916835885   0.0008971297  -0.0006587245
32  8   0.0000803179   0.0065738070   0.0069534687  -0.0046735795
33  1   0.0782329741   0.0839118969  -0.1060327781  -0.0005337518  -0.0013310463
33  2  -0.0019818053  -0.0002272343  -0.0003031272   0.0014271316  -0.0003940477
33  3   0.0001480831  -0.0000783177   0.0000321845   0.0000100109   0.0000009862
33  4  -0.0000113460  -0.0000061288  -0.0000039214   0.0000201972   0.0000227327
33  5   0.0000060412  -0.0000277991  -0.0002013681  -0.0000415129   0.0000364623
33  6   0.0000308254   0.0000357909   0.0000465321  -0.0003706813  -0.0002443178
33  7  -0.0858714465  -0.0916835885   0.1106565837  -0.0074877025  -0.0106382022
33  8   0.0075911882   0.0161849778   0.0204105934  -0.0113350686
34  1  -0.2617447364  -0.0253843978  -0.1149464219  -0.0164154617   0.0063868396
34  2  -0.0068399328   0.0029041229  -0.0019862259   0.0007454632   0.0013913002
34  3  -0.0009839623   0.0000944659   0.0000408078   0.0000437721   0.0000868001
34  4  -0.0000159574  -0.0000429637  -0.0000729979   0.0000697147   0.0000770164
34  5   0.0000746439   0.0026010816  -0.0025528043   0.0015087172  -0.0002163446
34  6   0.0002301171  -0.0000440888  -0.0017817180   0.0007646950  -0.0002115027
34  7  -0.0117986820   0.0008971297  -0.0074877025   0.2779343068   0.0221007069
34  8   0.1227103724   0.0070315661   0.0004500772   0.0043821839
35  1  -0.0206183421  -0.0401362073  -0.0088016416   0.0334481542  -0.0100652482
35  2   0.0138222238  -0.0053930649   0.0043572497  -0.0017645058   0.0024201624
35  3  -0.0038419105  -0.0000190527   0.0001096568   0.0001341725   0.0001562944
35  4  -0.0001048454  -0.0001022486  -0.0001037402   0.0001558280   0.0001619697
35  5   0.0001009342  -0.0056724717   0.0039898359  -0.0011226562  -0.0006164690
35  6   0.0007087720  -0.0001207484  -0.0010432330   0.0025317295   0.0004287129
35  7  -0.0171522561  -0.0006587245  -0.0106382022   0.0221007069   0.0441907078
35  8   0.0109245865  -0.0076338261  -0.0012700979  -0.0028622047
36  1  -0.1136777219  -0.0111678378  -0.1054958187   0.0005011282   0.0002735190
36  2   0.0010405343   0.0004967370  -0.0000836902  -0.0008864294   0.0010198543
36  3  -0.0017232151   0.0007148022   0.0001087490   0.0001121828   0.0000292166
36  4  -0.0000897631  -0.0000696549   0.0000334317   0.0000887983   0.0000742627
36  5  -0.0000312962  -0.0000033994   0.0004606030  -0.0002165376  -0.0002768900
36  6   0.0003041458  -0.0000539950  -0.0007029592   0.0013310220  -0.0009319537
36  7   0.0151241222   0.0000803179   0.0075911882   0.1227103724   0.0109245865
36  8   0.1088391206  -0.0252990277  -0.0005162417  -0.0106322632
37  1  -0.0479849981   0.0071110543   0.0312034049  -0.0015527195  -0.0009427952
37  2   0.0099841765  -0.0002624144  -0.0008432214  -0.0003543506  -0.0010145507
37  3   0.0005967563  -0.0001238196  -0.0000025610  -0.0000151841   0.0000076223
37  4   0.0000104599   0.0000126512  -0.0000060398   0.0000077882  -0.0000056815
37  5   0.0000283649  -0.0002435760   0.0042259480   0.0017295645   0.0001566803
37  6  -0.0000107095  -0.0000600636  -0.0000741667  -0.0010728077   0.0000288131
37  7  -0.0026436676   0.0065738070   0.0161849778   0.0070315661  -0.0076338261
37  8  -0.0252990277   0.0465721595  -0.0079959913  -0.0333236228
38  1   0.0064984922  -0.0595870301  -0.0699506537  -0.0015359356  -0.0009242499
38  2  -0.0218401990  -0.0006073683   0.0011093993   0.0023266490   0.0012570420
38  3   0.0002792433  -0.0004440037  -0.0000885026  -0.0000409291  -0.0000274090
38  4   0.0000528392   0.0000314477  -0.0000267489  -0.0000688783  -0.0000440579
38  5   0.0000150202   0.0039794765  -0.0078976555  -0.0038971705  -0.0001360839
38  6  -0.0001619891   0.0001906000  -0.0002062374   0.0003239695   0.0000172164
38  7  -0.0015989296   0.0069534687   0.0204105934   0.0004500772  -0.0012700979
38  8  -0.0005162417  -0.0079959913   0.0612284810   0.0737423476
39  1   0.0293904516  -0.0669677711  -0.2986574236  -0.0004836219   0.0015504933
39  2  -0.0028433014  -0.0008550517   0.0000135806   0.0014956977   0.0001656791
39  3   0.0007501931  -0.0001528268  -0.0001014970  -0.0000901113  -0.0000535600
39  4   0.0000762033   0.0000522460  -0.0000129309  -0.0000820235  -0.0000496186
39  5  -0.0000027474   0.0008726111  -0.0007861224   0.0014444853   0.0000400696
39  6  -0.0002132414   0.0000200636  -0.0001220930  -0.0004662116   0.0000407711
39  7   0.0000407113  -0.0046735795  -0.0113350686   0.0043821839  -0.0028622047
39  8  -0.0106322632  -0.0333236228   0.0737423476   0.3206891042
$end
