$vibrational normal modes
 1  1   0.2800415095   0.1654995699   0.3262952224  -0.0332113470  -0.0853753361
 1  2   0.0696079875   0.1077491684   0.3549403421   0.3025023989   0.1369902873
 1  3   0.1718618032   0.0903829640   0.0607997306   0.0226203530   0.0048589857
 1  4  -0.0012500876   0.0592477970  -0.0192838569   0.0216731838  -0.0092487688
 1  5   0.0984698385   0.0267819594  -0.0042487779  -0.0102782341   0.1514594263
 1  6  -0.0071886477  -0.0698017122  -0.0655650814  -0.1319842672  -0.1264462761
 1  7   0.0448682057  -0.0445732603   0.0029026558   0.0605968701  -0.0448430615
 1  8  -0.0272972399  -0.0192628787  -0.0407717984  -0.0745259261
 2  1  -0.1462717875   0.1098813788  -0.0949703607  -0.1491997491  -0.1215219320
 2  2  -0.1512593358   0.0646295805  -0.0444797616   0.1217466867   0.0743341049
 2  3   0.2322710117   0.0581871851  -0.0403045365  -0.1631072010   0.0031925346
 2  4  -0.0007486099   0.0763193386  -0.0101501896   0.0115272747   0.0536023657
 2  5   0.0529524429   0.2396774348  -0.0022047168   0.0329856760  -0.3900014747
 2  6  -0.0318408337  -0.0351701697  -0.0355499127  -0.0294500897  -0.0136989977
 2  7   0.0045488486  -0.0228080798   0.0015588865  -0.1235717737  -0.0266524050
 2  8  -0.0149043759   0.0373928878  -0.0220752937  -0.0356969656
 3  1  -0.0014457881   0.0371152487  -0.0155006293   0.0203993127   0.3631787803
 3  2  -0.0492781887  -0.2360402582   0.1581210881   0.1911575506  -0.2608122993
 3  3   0.1601986839  -0.1501417742   0.0185433722  -0.0323328346  -0.0101289962
 3  4   0.0002911437   0.0497915003   0.0365422269  -0.0414152488   0.0078167139
 3  5  -0.1960438797   0.0782227219  -0.0026250028   0.0038837140  -0.0298796305
 3  6  -0.0123452145  -0.0454129690   0.1315247753  -0.0734898982  -0.0679835505
 3  7   0.0279495498   0.0818751034  -0.0057815479  -0.0032003279  -0.0289345201
 3  8   0.0558141581   0.0004854023   0.0817556348  -0.0468069701
 4  1   0.1189705068   0.0312036050   0.2811015429  -0.0240279585  -0.0204889599
 4  2  -0.0909006998   0.1168762348   0.1177641257   0.0151604607  -0.0422378244
 4  3  -0.0170741714  -0.0281998418  -0.1549465593  -0.2477410090  -0.0082345576
 4  4   0.0040543984  -0.1113576923   0.0127315254  -0.0016728796   0.0230958066
 4  5  -0.0441363877  -0.1173610905   0.0899790854   0.1810378665  -0.0930715521
 4  6  -0.0191640584   0.0061206893  -0.0012480531   0.0169700981   0.1612636731
 4  7  -0.0608799046   0.1662590047  -0.0111372235   0.0026092315  -0.0066292448
 4  8  -0.0016960116   0.0001080284  -0.0003198133  -0.0005365787
 5  1  -0.2219980003   0.0388370929  -0.1130039379  -0.1491588846  -0.0836513885
 5  2  -0.2327907262   0.0691775813  -0.1500101970  -0.0057577304  -0.0222724657
 5  3   0.1414806170  -0.0054548441  -0.1281581158  -0.2530256785  -0.0039132329
 5  4   0.0018232524   0.0007062900   0.0069742433  -0.0010391273   0.0449059849
 5  5  -0.0240602447   0.0760272331   0.0385430616   0.0728090242   0.1914535383
 5  6  -0.0175772449  -0.0321939616  -0.0004987299  -0.0697168670   0.0912870928
 5  7  -0.0396917014   0.0904227846  -0.0060177242   0.0036820353  -0.0008814736
 5  8  -0.0009422373  -0.0001512228  -0.0001735698   0.0000721944
 6  1  -0.0083708009   0.2584453775  -0.1097618984   0.1436404441   0.1544160037
 6  2   0.1181688108  -0.2414802540   0.0132928738   0.0044822730   0.0847722063
 6  3   0.0260995318   0.0575444437  -0.1118316206  -0.1919672317   0.0162788541
 6  4  -0.0039548443  -0.0557135376  -0.0237418190   0.0031925164   0.0246045334
 6  5   0.0879362326  -0.0381710994   0.0554146558   0.1103411704   0.0052630777
 6  6  -0.0143687410  -0.0057586628   0.0025129974  -0.0105814111   0.1085221969
 6  7  -0.0574100327  -0.3208276448   0.0222204659   0.0022872409  -0.0035085529
 6  8   0.0035615779   0.0000131502   0.0006407683  -0.0002478649
 7  1   0.0110744906  -0.1244592494   0.3193839647  -0.0891305381   0.0384248783
 7  2  -0.2173391359   0.2286329100   0.0138133357  -0.1050125320  -0.1982332609
 7  3  -0.0625451275  -0.0755232730  -0.2386707811  -0.3752848850   0.0507224872
 7  4   0.0263962299  -0.1390827586  -0.0196175705   0.1190544385   0.0673332129
 7  5   0.0577240131   0.1106614325  -0.0116699797  -0.0253318850   0.0391383896
 7  6   0.0358684750   0.0420356810   0.0289252168   0.0605356783  -0.2066090808
 7  7   0.0811545084  -0.3108724176   0.0205664182  -0.0051890088   0.0024159516
 7  8   0.0000170283   0.0000909256   0.0003818550   0.0002274781
 8  1  -0.1263446680   0.1802343025  -0.0947916109  -0.1352911874  -0.1975742467
 8  2  -0.0777697004   0.0928438226  -0.0293754481   0.1323561997   0.1560748849
 8  3   0.1851586513   0.0856198092  -0.0151799394  -0.0988488507   0.0095047579
 8  4  -0.0008126594   0.0261113028   0.0039558705   0.0077322338  -0.0035559620
 8  5  -0.2511159701  -0.2167731364   0.0068111301  -0.0073049303   0.0016776272
 8  6   0.0308148617   0.0447867604   0.0538978581   0.0949897753  -0.1326209439
 8  7   0.0542405932  -0.2374255907   0.0152719666  -0.0034395121  -0.0007581236
 8  8  -0.0004860443   0.0000974226   0.0000783120   0.0000440200
 9  1  -0.0620751151   0.1856678432  -0.0185173876   0.0505399421   0.0983403942
 9  2   0.1146598148  -0.0222543378  -0.0021635688  -0.0180739978   0.0564960209
 9  3   0.0037075034   0.0878292093  -0.0977754514  -0.1682216713   0.1180579168
 9  4   0.0342273968  -0.0569572689  -0.0451327943   0.1951689473   0.0163032309
 9  5  -0.0581675190  -0.0739727804  -0.2011577539  -0.4719977158  -0.0384529649
 9  6  -0.0754665434  -0.0269855276  -0.0200578651  -0.0515056836   0.0753513510
 9  7  -0.0211415651   0.2047503841  -0.0158611440   0.0011716318   0.0017504169
 9  8  -0.0004074101  -0.0001853612  -0.0003124734   0.0000477032
10  1  -0.0057671460   0.0708124545   0.0962537990   0.1388298726  -0.0040065631
10  2  -0.1738499198  -0.0530370848  -0.0642034515  -0.0031009668   0.0019438682
10  3   0.0218324403   0.0032103951  -0.0315192097   0.0928391242   0.0078532345
10  4  -0.0149674955   0.0090515611  -0.0319845499   0.0010609791  -0.0859790987
10  5  -0.0024999744   0.0024683666   0.0033151009   0.0026276164  -0.0003309360
10  6  -0.0058543499  -0.0441556149  -0.0000232051   0.0043343826  -0.0011256486
10  7  -0.0007302943   0.0012334529  -0.0014952163   0.0002573077  -0.0000950518
10  8   0.0000096026   0.0000120530  -0.0000031250   0.0000202910
11  1   0.0127406324   0.1034435603  -0.0433456039  -0.1912174224  -0.0019576213
11  2  -0.1368118821  -0.0318651383   0.0721082911  -0.0227679946   0.0000551624
11  3  -0.0586130116  -0.0026184611  -0.0410628799   0.0477267040   0.0042679799
11  4  -0.0078568384   0.0192652457  -0.0172387820   0.0005436062  -0.0644097079
11  5  -0.0012778624   0.0044156427   0.0020915242   0.0008474581  -0.0013281927
11  6   0.0101163708   0.0647859161   0.0000579516  -0.0060495134  -0.0003806793
11  7  -0.0007124944   0.0006853496  -0.0007963343  -0.0003697368   0.0001784913
11  8   0.0000031330  -0.0000240840  -0.0000016611  -0.0000128788
12  1  -0.1120736710   0.1289158413   0.0613741449  -0.0296859373   0.0365223343
12  2   0.1194007213   0.1102054701  -0.0100944768  -0.0078558404  -0.0034442876
12  3  -0.0044304595  -0.0040516133  -0.0269940815   0.0595679671  -0.0156975744
12  4   0.0286919697   0.0105255792   0.0630621156  -0.0022510467  -0.0606908996
12  5   0.0052966990   0.0024598548   0.0022293028   0.0015451927  -0.0005250961
12  6  -0.0001818233  -0.0045159550  -0.0000317636   0.0005262009  -0.0006461718
12  7  -0.0006759437  -0.0024523848   0.0029763166   0.0000281090   0.0000008895
12  8  -0.0000174954  -0.0000005080   0.0000061932   0.0000066891
13  1  -0.0177925527   0.2731339953  -0.1286910156   0.3698062864  -0.0490916262
13  2  -0.1246875829   0.2049577160   0.0333725631   0.0613058780  -0.1786311412
13  3  -0.2179528662   0.1883835463   0.2870914751  -0.2152293883   0.0086350146
13  4  -0.1874551216   0.1889277292   0.0202730030  -0.0117657854   0.0358462773
13  5   0.0024792040  -0.0008355822  -0.0110668451   0.0052732101  -0.0000190944
13  6  -0.0104697762   0.0082524105  -0.0000699800   0.0021852377  -0.0583690634
13  7  -0.4715963388   0.0295990113   0.4699838331   0.0002519915  -0.0001062123
13  8  -0.0000949621   0.0000261961   0.0000081294   0.0000017687
14  1   0.1584313469   0.0296912600   0.0099526575  -0.2479983078   0.1943964750
14  2  -0.1919239123   0.2230357543  -0.0638419813  -0.1265227101   0.2484460062
14  3   0.2356619578  -0.3123926848   0.3276845843   0.0749143812   0.0176323459
14  4  -0.1524376723  -0.3325613494   0.0221669550  -0.0042493958   0.0374398503
14  5   0.0005651474   0.0030090983  -0.0419748063   0.0133724559   0.0003470581
14  6  -0.0045555093  -0.0065848184   0.0000359009   0.0022391550  -0.0353876203
14  7  -0.2887462171   0.0177467561   0.2827602617   0.0002406798  -0.0001019975
14  8  -0.0000711989   0.0000236076   0.0000075467   0.0000051262
15  1  -0.1633202678   0.0615622389   0.1474809355  -0.1172986662  -0.0188156049
15  2   0.1175757185  -0.0696203353  -0.0060027599  -0.0009718959  -0.0273020239
15  3  -0.0457471111   0.0110315957   0.1940795073  -0.0818462450   0.0388605237
15  4  -0.4561852924   0.0053791979   0.0408903143  -0.0187965536   0.0239242937
15  5   0.0036949187  -0.0068191205  -0.6000525101   0.1734742986   0.0030645464
15  6   0.0488501839  -0.0059853503  -0.0001931365  -0.0027376662   0.0304899990
15  7   0.2060680691  -0.0139812872  -0.2766925805   0.0000832478  -0.0000749948
15  8   0.0000667215   0.0000239294  -0.0000045060   0.0000034310
16  1  -0.1105651400   0.1307262583  -0.0868389451   0.3045416847   0.0035780220
16  2  -0.2358694650   0.1509985622   0.2047665460  -0.0962076959  -0.0084383089
16  3   0.0266669335   0.0006972495   0.3762970981  -0.0802414504  -0.0025386215
16  4  -0.0039129280  -0.0710182834   0.0096877555  -0.0011622942   0.0392308511
16  5   0.0007444499   0.0049946310   0.2056325832  -0.0535553028  -0.0002852566
16  6   0.0087292651  -0.0033394688  -0.0000193402  -0.0017350939   0.0348925507
16  7   0.2767351045  -0.0147754490  -0.2168849732  -0.0001476957   0.0000588365
16  8   0.0000405871  -0.0000095685  -0.0000034696  -0.0000006938
17  1   0.2641683021   0.1797337934   0.0306383530  -0.2343556175   0.0764732781
17  2  -0.0268670586   0.0948065975  -0.3374632304   0.1203997360   0.0014947041
17  3  -0.1497493399  -0.0114285942   0.2102723931  -0.1287429192  -0.0008924082
17  4  -0.0011489332   0.0820565496   0.0053125088  -0.0006410063   0.0196332769
17  5   0.0002749209   0.0025849634   0.1403706270  -0.0365697229  -0.0002077057
17  6   0.0057354360   0.0003552469  -0.0000086471  -0.0013704295   0.0231451573
17  7   0.1839131773  -0.0087697844  -0.1172170621  -0.0001129985   0.0000473295
17  8   0.0000194343  -0.0000088646  -0.0000018907  -0.0000026672
18  1  -0.2173710576  -0.0354645967   0.2502423253  -0.2249396456  -0.0544810665
18  2   0.0967386690  -0.3143656507   0.0038451343  -0.0153032271   0.0099618109
18  3  -0.0270426090  -0.0004660042   0.2455581517  -0.0742908140   0.0040716849
18  4   0.0081025376  -0.0135339112  -0.0187785018   0.0024915533   0.0249277183
18  5  -0.0014396920   0.0031936083   0.1409546279  -0.0367867203  -0.0001969570
18  6   0.0059334267  -0.0016304456   0.0000485556  -0.0012349073   0.0238223584
18  7   0.1910454764   0.0123816773   0.4299555545  -0.0001033590   0.0000413299
18  8  -0.0000801170  -0.0000074890   0.0000069666  -0.0000013014
19  1  -0.1470964837  -0.0498938952   0.0595943164   0.1437747930   0.0536019255
19  2  -0.3155123869  -0.0310720884   0.0314754332   0.0545824352   0.1839520826
19  3  -0.1922629070  -0.2169766551   0.2579006442  -0.2050228852  -0.0302946212
19  4   0.4317307645   0.1975685727  -0.0381623735   0.0208102624   0.0331944773
19  5  -0.0041970873  -0.0062305519  -0.4529778662   0.1319362348   0.0022590907
19  6   0.0313839184   0.0019613905   0.0002067072  -0.0011754864  -0.0058957731
19  7  -0.0779819465  -0.0004456341  -0.0237892148   0.0001717345  -0.0001035966
19  8  -0.0000021061   0.0000294836  -0.0000000837   0.0000023137
20  1   0.2225897592   0.2837821871   0.0080900990  -0.1957863657  -0.0857477996
20  2   0.0724674433  -0.1240809874  -0.0752281922  -0.1156067191  -0.2507424974
20  3   0.2035302267   0.3402130819   0.3140855500   0.0820976324  -0.0318253580
20  4   0.2829026523  -0.3281345494  -0.0325074466   0.0090347194   0.0348206807
20  5  -0.0017553382   0.0000353972  -0.2800254743   0.0817353927   0.0015355692
20  6   0.0180781513  -0.0099688991   0.0000207032   0.0004213523  -0.0070574879
20  7  -0.0764569858  -0.0004181364  -0.0416585051   0.0001946460  -0.0000975482
20  8   0.0000164799   0.0000256202  -0.0000032585   0.0000060897
21  1  -0.2107617414  -0.0315708252   0.2413396718  -0.2164497711  -0.0431574485
21  2   0.0934860872  -0.2821346467  -0.0077215446  -0.0046742660   0.0194554085
21  3  -0.0439658175  -0.0161400315   0.2521585571  -0.0900171380   0.0058954790
21  4  -0.0278252799   0.0037125655  -0.0031881914   0.0011423275   0.0301707974
21  5  -0.0002618347   0.0040587103   0.2804733375  -0.0791324736  -0.0014334530
21  6  -0.0347529224   0.0066957644  -0.0000745042   0.0039536691  -0.0743195125
21  7  -0.5855055288  -0.0100132594  -0.6079419445   0.0002508266  -0.0000821180
21  8   0.0001370352   0.0000170307  -0.0000115025   0.0000014363
22  1   0.1396912517   0.1967349201   0.1322213639   0.1355728211  -0.0636954041
22  2  -0.0275621456  -0.1086534028   0.0108928820  -0.1085647005   0.1079721223
22  3  -0.0727934892  -0.0091326622  -0.2200530119  -0.3420143656  -0.1180947542
22  4  -0.0377467543  -0.1295306705   0.0495137451  -0.2204600488   0.0551851214
22  5  -0.0438281463   0.0574586576  -0.1612719481  -0.3720418409  -0.0050668859
22  6  -0.0410658113  -0.0035612235   0.0083397121  -0.0208038458  -0.0440900341
22  7   0.0224692580  -0.0128769526   0.0023307039  -0.0016351936   0.0029843795
22  8   0.0001286166  -0.0001040691   0.0000143811   0.0001682430
23  1  -0.1900278476  -0.0722795025  -0.0929158880  -0.1871985624   0.0808851087
23  2  -0.3405098628  -0.0234524046  -0.0342110455   0.1388064647  -0.1962433310
23  3   0.1914934180  -0.1043064456  -0.0068526838  -0.0819180314  -0.0463980546
23  4  -0.0088547880   0.0289742413   0.0102455773  -0.0615938706  -0.0069634338
23  5   0.2588305407  -0.2456299985  -0.0739655690  -0.1947594218  -0.0223417055
23  6  -0.0108243911   0.0205879658  -0.0340113991   0.0508375253  -0.0455522913
23  7   0.0276256248   0.0605689650  -0.0028827027  -0.0015146864  -0.0004377201
23  8   0.0006186665  -0.0000080841   0.0001369434   0.0000128348
24  1  -0.0149307700   0.2780739132  -0.1117222445   0.1489858226   0.1226553044
24  2   0.1384939981  -0.2230820315  -0.0068236783  -0.0193990767   0.1145613290
24  3   0.0195653530   0.0711027822  -0.1358026511  -0.2371640307   0.0183461079
24  4   0.0002232622  -0.0655108446  -0.0086028614   0.0060453379   0.0416676828
24  5   0.0291623889   0.0326973212   0.0964734964   0.2186051877   0.0499339596
24  6   0.0783484357   0.0646225169  -0.0547162799   0.1109923773  -0.2549776574
24  7   0.1267745823   0.4226989916  -0.0298852366  -0.0059190340   0.0006199419
24  8  -0.0000417478   0.0002033424  -0.0004808161   0.0001642602
25  1  -0.1543416167  -0.0682285956   0.0703893482   0.1308551308   0.0594112544
25  2  -0.3262722748  -0.0267746424  -0.0718163255   0.1494734720   0.0643735021
25  3  -0.1395931595   0.1943806887  -0.0725084729   0.2742114729  -0.0181115505
25  4  -0.0110864646  -0.3217764715   0.2117790466   0.0202615208   0.4747373729
25  5  -0.0050671269   0.0133484228  -0.0088666526   0.0232230557   0.0043557176
25  6  -0.3425866312   0.3694499963   0.0001947739  -0.0229062780  -0.0102052172
25  7   0.0246673209  -0.0040322200   0.0042412819  -0.0010906586   0.0004860315
25  8   0.0000240770  -0.0000535565   0.0000068122  -0.0000470396
26  1  -0.0882868032   0.0251083213  -0.0688583403  -0.1867315027   0.0275263944
26  2  -0.2290180761  -0.0175612918   0.0685475193   0.0872540030   0.0345698594
26  3  -0.1836439474   0.0986260680  -0.1078318379   0.1595382671  -0.0099571764
26  4  -0.0052464243  -0.2203931337   0.1151583640   0.0110209363   0.3517398241
26  5  -0.0028171693   0.0122240053   0.0198648739  -0.0395569393  -0.0010348673
26  6   0.4971314944  -0.5415118252  -0.0003945388   0.0311919183   0.0177336254
26  7  -0.0332801371  -0.0006755778   0.0023112419   0.0014579474  -0.0006266923
26  8   0.0000231378   0.0000908468   0.0000035915   0.0000320744
27  1  -0.1080113120   0.3651028385  -0.0515398237   0.1125834703  -0.1607393668
27  2   0.2875418328   0.0598391984  -0.0165619138   0.1000956933  -0.1181020659
27  3  -0.0916707625  -0.4136065934  -0.0675015022   0.1783787158   0.0332637569
27  4   0.0257616287  -0.2228666805  -0.4218400590  -0.0395153520   0.3350926615
27  5   0.0085636126   0.0098667073   0.0008751320   0.0009982595   0.0018699211
27  6  -0.0364717440   0.0379774137   0.0001462138  -0.0029978254  -0.0003594003
27  7   0.0036111582   0.0064055507  -0.0085590225  -0.0001521648   0.0000745901
27  8  -0.0000568222  -0.0000019905  -0.0000133292  -0.0000143879
28  1   0.1431181145   0.2104939978   0.1218075219   0.1472004857  -0.0676392510
28  2  -0.0210080451  -0.1191015174  -0.0539516309  -0.1368755698  -0.0422394366
28  3   0.1727088059  -0.1636748830  -0.0552610156   0.1140931157   0.0065972535
28  4   0.0005283955   0.3701424599   0.2241536212   0.0407956312   0.4903497199
28  5   0.0104836070  -0.0364886354   0.0197976079  -0.0239378308  -0.0126513459
28  6   0.4380414857   0.2724362091   0.0003526537  -0.0363693276   0.0159955041
28  7  -0.0234110003  -0.0029014440   0.0043908672  -0.0014148245   0.0005065277
28  8  -0.0003672134  -0.0002197755   0.0000148222  -0.0002973335
29  1   0.1147433684   0.1822770583  -0.0175637664  -0.1958161604  -0.0313962382
29  2  -0.0439754045  -0.0678971413   0.0805994791  -0.1279220511  -0.0248286011
29  3   0.0310571924  -0.0925426472  -0.0330999381   0.0725322503   0.0037508705
29  4   0.0000066350   0.3002033208   0.1217397245   0.0220834284   0.3616427908
29  5   0.0056337245  -0.0137668256  -0.0125080115   0.0431083056   0.0158388202
29  6  -0.6337138784  -0.3892796615  -0.0003236490   0.0555067896  -0.0221586685
29  7   0.0376413628  -0.0033961773   0.0022156323   0.0038567493  -0.0017576898
29  8  -0.0001820640   0.0002291355   0.0000077267   0.0001961854
30  1  -0.1164006051  -0.1085613974   0.1751658031  -0.1729601746   0.2343216308
30  2  -0.0494357108   0.2400327140   0.0011379379  -0.1047720493   0.0744460478
30  3   0.0693972386   0.3555243307  -0.0352455647   0.0746071414  -0.0107639424
30  4  -0.0090721544   0.2667654663  -0.4472059823  -0.0814025159   0.3453285934
30  5  -0.0228881387  -0.0219331624   0.0065835714  -0.0004606727  -0.0020129571
30  6   0.0471938803   0.0307083047  -0.0001686449  -0.0031294733   0.0019181851
30  7  -0.0011591056   0.0076420881  -0.0085540035   0.0003425874  -0.0002173118
30  8   0.0007261733  -0.0000474926  -0.0000290324  -0.0000954562
31  1   0.3671389633   0.2915595297   0.2949713484   0.0197792676  -0.1330275156
31  2   0.1717897040   0.0202873334   0.4288455818   0.3928279419   0.2911264140
31  3   0.2502774810   0.1451505513   0.1338320620   0.1116999250  -0.2430805958
31  4  -0.1830963116   0.1520933056  -0.2297329232   0.2912619335  -0.0031404965
31  5   0.3150750990   0.2673500359  -0.1150520280  -0.2407406143   0.3452957071
31  6   0.0247257307   0.1411291218   0.3064931497   0.2852730056   0.3036992908
31  7  -0.1113482077   0.2177309525  -0.0165696951  -0.3915997299   0.1501309986
31  8  -0.3863295319  -0.3497114498   0.4255252019   0.2421753633
32  1  -0.2010381548   0.0148581806  -0.1041543426  -0.1609298606  -0.0383002614
32  2  -0.2541855294   0.0341026559  -0.1002930691   0.0572476609  -0.0987856757
32  3   0.1829751781  -0.0886216066  -0.0966175889  -0.2340477186  -0.1324881777
32  4  -0.0824024159   0.0184940482  -0.0573679294   0.0940758627   0.0505867874
32  5  -0.2861695692   0.0933877158   0.0701367640   0.1841981473  -0.5070837639
32  6  -0.0430364356  -0.1327380928  -0.5782049404  -0.2344360873  -0.2271087525
32  7   0.0743957673  -0.3919033703   0.0274993266   0.3925771161   0.2586646909
32  8   0.1195601988  -0.3621631914   0.4566132517   0.2619301769
33  1   0.0343816850   0.0673745690  -0.0679656697   0.0717858666   0.4165668097
33  2  -0.0602492796  -0.3891923293   0.1758607566   0.2179750220  -0.3018131034
33  3   0.1921318643  -0.2815193921   0.0346429889  -0.0145116007  -0.5101135309
33  4  -0.3419542714   0.0886055430  -0.2945824067   0.4123188265   0.0095875130
33  5  -0.3856678608   0.1792242315  -0.0443937254  -0.0838882004   0.0593356827
33  6   0.0104999417   0.0806862982  -0.1575543472   0.1593143792   0.1716202283
33  7  -0.0702207766  -0.1284529378   0.0080543246   0.0976976894   0.5877337511
33  8  -0.2507834149   0.2765442039  -0.3242251977  -0.2045482668
34  1   0.2877830005   0.2218187387   0.2764370627   0.0204252547  -0.1002186074
34  2   0.0916809909   0.0297541278   0.3202334595   0.2598360799   0.1887379255
34  3   0.1404115860   0.0724907301   0.0280902265  -0.0167625523  -0.2329112281
34  4  -0.1681427575   0.0341369013  -0.1932770503   0.2598631841  -0.0053459500
34  5   0.1625402856  -0.0614401573   0.0386576275   0.0805684239   0.0898836689
34  6  -0.0269054696  -0.1523560750   0.1086106017  -0.2661470596  -0.2310766415
34  7   0.0864496926   0.0918937742  -0.0055126998  -0.0765127394   0.0239819042
34  8   0.3220839051   0.5114018605  -0.0093215238   0.7147012211
35  1  -0.0406501120   0.1549309674  -0.0650399422  -0.1638184280  -0.1052064850
35  2  -0.0919769699   0.0187878080   0.1237553937   0.3324868558   0.1058877669
35  3   0.4008914654   0.0593359654   0.1123324538   0.0178118992  -0.1245659000
35  4  -0.0927591722   0.2410391894  -0.1049597795   0.1404843926   0.0447230622
35  5   0.0878599242   0.7274032603  -0.2348845839  -0.4676759817  -0.0556582342
35  6   0.0955191587   0.4489946778   0.0575529142   0.7340702248   0.6135526963
35  7  -0.2147332928   0.0656401933  -0.0030292252   0.5711908150  -0.3344477837
35  8   0.1785747431   0.0574130664  -0.0046752175   0.0602864615
36  1  -0.0352966401  -0.0781578873   0.0739059562  -0.0789664133   0.3884550620
36  2  -0.1019949564  -0.0794006259   0.1926097597   0.2327795376  -0.3649653188
36  3   0.1911450713  -0.1162180672   0.0522011933   0.0110450511   0.4651971243
36  4   0.3343088892   0.0716640348   0.3846173221  -0.5177455840   0.0069173111
36  5  -0.3242274316   0.1646346633  -0.0438751481  -0.0858439280   0.0299284236
36  6   0.0123792755   0.0468280482  -0.2165850495   0.0646529647   0.0527479144
36  7  -0.0247323522  -0.1928112449   0.0110541027   0.1169835712  -0.0867833134
36  8  -0.6437911453   0.2712768072   0.0166114336   0.3737522706
37  1   0.2732679594   0.0570708152   0.4316398821  -0.1442910755  -0.0584796962
37  2   0.0332621616   0.2686999201   0.4353268632   0.4007211709   0.0395346655
37  3   0.2556908150   0.1354085929   0.1435503460   0.1281717001   0.5098742966
37  4   0.3519904715   0.1416870961   0.3514668428  -0.4718282271  -0.0032281232
37  5   0.0379720531   0.2797960677  -0.1188328694  -0.2496722311   0.3628617003
37  6   0.0319508524   0.1773566412  -0.1904067070   0.3438444636   0.3665155452
37  7  -0.1458214280  -0.1011728968   0.0097628056  -0.2514219404   0.4934630808
37  8   0.4446014698   0.0655462732   0.0738985033  -0.0573732469
38  1  -0.1546384254   0.1991476650  -0.1055481631  -0.1230272175  -0.2415795677
38  2  -0.0624428517   0.1387373426  -0.0953066843   0.0518095693   0.2745165664
38  3   0.1678156791   0.2472398213  -0.0906487110  -0.2265564212   0.2775631900
38  4   0.1761190850   0.0135946048   0.1250002323  -0.1927964099   0.0569540605
38  5   0.4761934351   0.0998748986   0.0680557136   0.1796641054  -0.4980602950
38  6  -0.0394666660  -0.1208892731   0.6416279365  -0.1977842414  -0.2017325447
38  7   0.0940920736   0.4362531536  -0.0311029552   0.4695229806   0.4379318211
38  8  -0.0906276675  -0.1373523017  -0.1865772210   0.0992682045
39  1   0.0000000000   0.0000000000   0.0000000000   0.0000000000   0.3988204687
39  2  -0.0776196800  -0.2367034301   0.1814405962   0.2217403477  -0.3265422539
39  3   0.1878364549  -0.1956961979   0.0419526493  -0.0032893864  -0.0227565620
39  4  -0.0044592202   0.0766687919   0.0453248003  -0.0468001509   0.0085534702
39  5  -0.3178777315   0.1486883145  -0.0354273597  -0.0636757615   0.0232637068
39  6  -0.0043796584   0.0117949950  -0.0756612003   0.0376158666   0.0499039901
39  7  -0.0229932793  -0.0673765853   0.0053715031  -0.1855966670  -0.0789419527
39  8   0.1161213637  -0.5538158990  -0.6751438656   0.3932109843
$end
